index,Time,Velocity,Acceleration,SpaceGap,LateralDistance,RelativeVelocity,LongitudeGPS,LatitudeGPS,Score,TrackID,L_Approach,R_Approach,L_Adjacent,R_Adjacent,DistanceGPS,MileMarker,Bearing,DrivingDir,ValidPt
3358,1619473246.9,86.44053720792186,0.013174688287114754,37.0,,,-86.6850093,36.0649395,,,0.0,0.0,0.0,0.0,6279.152813660453,-6204.852813660453,356.7677753021342,West,False
3359,1619473247.0,86.44444162832768,0.0034336639028958935,36.72005085838447,,,-86.6849922,36.0649228,,,0.0,0.0,0.0,0.0,6281.563358503075,-6207.263358503074,356.8603620741333,West,True
3360,1619473247.1,86.43078622365832,-0.005547369604043933,36.21931066593444,,,-86.6849747,36.0649062,,,0.0,0.0,0.0,0.0,6283.988512244703,-6209.688512244703,356.7853905091729,West,True
3361,1619473247.2,86.41,-0.013895351952739164,36.0,,,-86.6849573,36.0648893,,,0.0,0.0,0.0,0.0,6286.4333919094715,-6212.133391909471,356.8603291247986,West,True
3362,1619473247.3,86.35817664081063,-0.021781772317582233,36.0,,,-86.6849398,36.0648727,,,0.0,0.0,0.0,0.0,6288.858546085534,-6214.558546085534,356.7848143465318,West,True
3363,1619473247.4,86.3434185152157,-0.029413703322927632,36.0,,,-86.6849223,36.0648557,,,0.0,0.0,0.0,0.0,6291.317722814788,-6217.017722814788,356.8431662704633,West,True
3364,1619473247.5,86.274651156514,-0.03701630917511406,36.0,,,-86.684905,36.0648392,,,0.0,0.0,0.0,0.0,6293.722762846717,-6219.422762846717,356.8036544265059,West,True
3365,1619473247.6,86.28,-0.044818105540765554,36.0,,,-86.6848875,36.0648223,,,0.0,0.0,0.0,0.0,6296.173403022774,-6221.873403022774,356.860263223614,West,True
3366,1619473247.7,86.22231018168227,-0.05303029115356116,36.0,,,-86.68486999999999,36.0648057,,,0.0,0.0,0.0,0.0,6298.598558069133,-6224.298558069133,356.7667465730826,West,True
3367,1619473247.8,86.2422658451192,-0.061830560932520345,36.0,,,-86.6848527,36.0647888,,,0.0,0.0,0.0,0.0,6301.037698869587,-6226.737698869587,356.8224788706057,West,True
3368,1619473247.9,86.18065314187375,-0.07134537743827693,36.0,,,-86.68483520000001,36.064772,,,0.0,0.0,0.0,0.0,6303.479823499389,-6229.1798234993885,356.84133765723027,West,True
3369,1619473248.0,86.19650371435418,-0.08163821131346355,36.0,,,-86.6848177,36.0647553,,,0.0,0.0,0.0,0.0,6305.9134531592645,-6231.613453159264,356.86019732475387,West,True
3370,1619473248.1,86.16273981469496,-0.09270104121470762,36.0,,,-86.6848002,36.06473870000001,,,0.0,0.0,0.0,0.0,6308.338609073059,-6234.038609073059,356.7852218367559,West,True
3371,1619473248.2,86.20433930906714,-0.10445190107743485,36.0,,,-86.6847828,36.0647218,,,0.0,0.0,0.0,0.0,6310.783490867914,-6236.483490867914,356.8404297858819,West,True
3372,1619473248.3,86.10057208872458,-0.11673886046218182,36.0,,,-86.6847652,36.064705,,,0.0,0.0,0.0,0.0,6313.231415525478,-6238.931415525478,356.8231547287256,West,True
3373,1619473248.4,86.10261869920944,-0.12934791938913642,36.0,,,-86.6847478,36.0646883,,,0.0,0.0,0.0,0.0,6315.659246018228,-6241.359246018228,356.8223786476128,West,True
3374,1619473248.5,85.9743965747926,-0.14201739502381647,36.0,,,-86.6847303,36.0646715,,,0.0,0.0,0.0,0.0,6318.10137194249,-6243.80137194249,356.8047959654091,West,True
3375,1619473248.6,86.04995106353398,-0.15445241772746426,36.0,,,-86.684713,36.06465479999999,,,0.0,0.0,0.0,0.0,6320.523422296587,-6246.223422296587,356.82234540033335,West,True
3376,1619473248.7,85.91697441512659,-0.16634302350056857,36.0,,,-86.68469549999999,36.064638,,,0.0,0.0,0.0,0.0,6322.965548652481,-6248.6655486524805,356.8789596077548,West,True
3377,1619473248.8,85.84388990757719,-0.1773789268557321,36.0,,,-86.684678,36.0646215,,,0.0,0.0,0.0,0.0,6325.382253580235,-6251.0822535802345,356.82231195723665,West,True
3378,1619473248.9,85.74159523018422,-0.1872637742411664,36.0,,,-86.68466049999999,36.0646047,,,0.0,0.0,0.0,0.0,6327.824380366174,-6253.524380366174,356.8047289103957,West,True
3379,1619473249.0,85.70907853856862,-0.19572544243539833,36.0,,,-86.6846432,36.064588,,,0.0,0.0,0.0,0.0,6330.2464315667285,-6255.946431566728,356.8411552929057,West,True
3380,1619473249.1,85.66084472576888,-0.20252245197340546,36.0,,,-86.6846257,36.0645713,,,0.0,0.0,0.0,0.0,6332.680063604208,-6258.380063604208,356.84200668151647,West,True
3381,1619473249.2,85.5754527261743,-0.20744960652683472,36.0,,,-86.6846083,36.0645547,,,0.0,0.0,0.0,0.0,6335.0994015412825,-6260.799401541282,356.8046787602143,West,True
3382,1619473249.3,85.51917107551319,-0.21033781508856608,36.0,,,-86.684591,36.064538,,,0.0,0.0,0.0,0.0,6337.521453376925,-6263.221453376925,356.84110571706424,West,True
3383,1619473249.4,85.51872089293732,-0.2110588135939761,36.0,,,-86.6845735,36.0645213,,,0.0,0.0,0.0,0.0,6339.955086059949,-6265.655086059949,356.82373989202654,West,True
3384,1619473249.5,85.43792911434697,-0.20952259311635393,36.0,,,-86.6845562,36.0645047,,,0.0,0.0,0.0,0.0,6342.368623709556,-6268.068623709556,356.7860898992825,West,True
3385,1619473249.6,85.3828290511607,-0.2056850164975444,35.718470796106146,,,-86.684539,36.064488,,,0.0,0.0,0.0,0.0,6344.784915199941,-6270.484915199941,356.82217914868846,West,True
3386,1619473249.7,85.31651522248244,-0.19954563730809546,35.21908159183129,,,-86.6845215,36.06447120000001,,,0.0,0.0,0.0,0.0,6347.227043703061,-6272.927043703061,356.84278580288935,West,True
3387,1619473249.8,85.21935126667746,-0.19115823477380522,35.0,,,-86.6845042,36.0644547,,,0.0,0.0,0.0,0.0,6349.632088649271,-6275.332088649271,356.7476312511544,West,True
3388,1619473249.9,85.1961052794494,-0.18062769463380152,35.0,,,-86.684487,36.0644378,,,0.0,0.0,0.0,0.0,6352.065513351901,-6277.765513351901,356.82365728896025,West,True
3389,1619473250.0,85.07034034446868,-0.16811918771328144,35.0,,,-86.68446970000001,36.064421200000005,,,0.0,0.0,0.0,0.0,6354.4790520642255,-6280.179052064225,356.8228724643983,West,True
3390,1619473250.1,85.05176953637523,-0.15384994775766736,35.0,,,-86.68445229999999,36.0644045,,,0.0,0.0,0.0,0.0,6356.906886192802,-6282.6068861928015,356.8427201145187,West,True
3391,1619473250.2,85.02804716804201,-0.13809192423110242,35.0,,,-86.684435,36.064388,,,0.0,0.0,0.0,0.0,6359.311931990792,-6285.011931990792,356.78597278633123,West,True
3392,1619473250.3,84.96361857496,-0.12115555710006493,35.0,,,-86.68441779999999,36.0643713,,,0.0,0.0,0.0,0.0,6361.728224948473,-6287.428224948473,356.8235912036272,West,True
3393,1619473250.4,84.89003594267842,-0.10338431735884349,35.0,,,-86.6844005,36.0643547,,,0.0,0.0,0.0,0.0,6364.1417645076335,-6289.841764507633,356.78593945042775,West,True
3394,1619473250.5,84.9354315319339,-0.08513211563097492,35.0,,,-86.6843833,36.064338,,,0.0,0.0,0.0,0.0,6366.558057884004,-6292.258057884003,356.7671669079763,West,True
3395,1619473250.6,84.92946853912092,-0.06675348096812572,35.0,,,-86.6843662,36.0643213,,,0.0,0.0,0.0,0.0,6368.96861021815,-6294.66861021815,356.8051123893128,West,True
3396,1619473250.7,84.96836887364316,-0.048580319712351765,35.0,,,-86.684349,36.0643047,,,0.0,0.0,0.0,0.0,6371.376369040912,-6297.076369040912,356.78588968814324,West,True
3397,1619473250.8,85.05865373184233,-0.03091443172873126,35.0,,,-86.6843318,36.064288,,,0.0,0.0,0.0,0.0,6373.792663045943,-6299.492663045943,356.7671168566824,West,True
3398,1619473250.9,85.03438538855282,-0.014009651486267883,35.0,,,-86.6843147,36.0642713,,,0.0,0.0,0.0,0.0,6376.203216002942,-6301.903216002942,356.80506292300686,West,True
3399,1619473251.0,84.98252392115369,0.0019280431121141755,35.0,,,-86.6842975,36.0642547,,,0.0,0.0,0.0,0.0,6378.610975456593,-6304.310975456593,356.80640237072777,West,True
3400,1619473251.1,85.1052828946165,0.016750483840653644,35.0,,,-86.6842805,36.0642383,,,0.0,0.0,0.0,0.0,6380.990143237825,-6306.6901432378245,356.80503007614533,West,True
3401,1619473251.2,85.12829538894502,0.030358567626713965,35.0,,,-86.6842633,36.0642217,,,0.0,0.0,0.0,0.0,6383.397903107862,-6309.097903107861,356.80568757931775,West,True
3402,1619473251.3,85.15071358632491,0.04270615529938088,35.0,,,-86.6842462,36.0642052,,,0.0,0.0,0.0,0.0,6385.791367229913,-6311.491367229913,356.7480570083143,West,True
3403,1619473251.4,85.1559764796607,0.053785184170140846,35.0,,,-86.6842292,36.0641885,,,0.0,0.0,0.0,0.0,6388.196199842597,-6313.896199842597,356.86260570063945,West,True
3404,1619473251.5,85.21006353528479,0.06362750477418205,35.0,,,-86.684212,36.0641722,,,0.0,0.0,0.0,0.0,6390.578483379569,-6316.278483379569,356.7857573108401,West,True
3405,1619473251.6,85.24892804178519,0.0722871203474133,35.0,,,-86.6841948,36.0641555,,,0.0,0.0,0.0,0.0,6392.9947790505485,-6318.694779050548,356.786870697024,West,True
3406,1619473251.7,85.2722621902478,0.07984323885625513,35.0,,,-86.68417779999999,36.064139,,,0.0,0.0,0.0,0.0,6395.382481672792,-6321.082481672792,356.8806567098683,West,True
3407,1619473251.8,85.29925889093663,0.08638166597793152,35.27987240912901,,,-86.6841605,36.0641227,,,0.0,0.0,0.0,0.0,6397.770608912858,-6323.470608912858,356.7479732309512,West,True
3408,1619473251.9,85.32763190340935,0.09200057885120344,35.77927112702888,,,-86.6841435,36.064106,,,0.0,0.0,0.0,0.0,6400.175442543067,-6325.875442543067,356.8241065683632,West,True
3409,1619473252.0,85.40070432185041,0.09679197872339232,36.0,,,-86.68412629999999,36.0640895,,,0.0,0.0,0.0,0.0,6402.574690291657,-6328.274690291657,356.7768315702617,West,True
3410,1619473252.1,85.40598989245962,0.10085076848354788,36.0,,,-86.68410925,36.0640729,,,0.0,0.0,0.0,0.0,6404.973816957497,-6330.6738169574965,356.77681505408526,West,True
3411,1619473252.2,85.41127546306883,0.10425722250543251,36.0,,,-86.68409220000001,36.0640563,,,0.0,0.0,0.0,0.0,6407.37294383071,-6333.07294383071,356.78677159372546,West,True
3412,1619473252.3,85.51792829940153,0.1070899256676004,36.0,,,-86.6840752,36.0640398,,,0.0,0.0,0.0,0.0,6409.760647685359,-6335.460647685359,356.8783774613131,West,True
3413,1619473252.4,85.55776272615621,0.1094105122109569,36.0,,,-86.68405770000001,36.0640233,,,0.0,0.0,0.0,0.0,6412.177360397734,-6337.877360397734,356.76730513499086,West,True
3414,1619473252.5,85.57191638799102,0.11128050051564528,36.0,,,-86.6840407,36.06400670000001,,,0.0,0.0,0.0,0.0,6414.573619467921,-6340.273619467921,356.8240084134656,West,True
3415,1619473252.6,85.63560418057295,0.11274865936256974,36.0,,,-86.6840235,36.0639902,,,0.0,0.0,0.0,0.0,6416.972868473679,-6342.672868473679,356.78557517257406,West,True
3416,1619473252.7,85.61,0.1138699656108431,36.0,,,-86.6840063,36.0639735,,,0.0,0.0,0.0,0.0,6419.389166432368,-6345.089166432368,356.80544078206947,West,True
3417,1619473252.8,85.69229590621852,0.11469395491575218,36.0,,,-86.6839892,36.063957,,,0.0,0.0,0.0,0.0,6421.782633668928,-6347.4826336689275,356.8224134765887,West,True
3418,1619473252.9,85.72,0.11528208330341012,36.0,,,-86.6839718,36.0639403,,,0.0,0.0,0.0,0.0,6424.210473741281,-6349.910473741281,356.7860869511958,West,True
3419,1619473253.0,85.73623058098431,0.11569415452704937,36.0,,,-86.6839547,36.0639237,,,0.0,0.0,0.0,0.0,6426.612475673338,-6352.312475673338,356.82392630700326,West,True
3420,1619473253.1,85.79,0.11600041135359698,36.0,,,-86.6839375,36.0639072,,,0.0,0.0,0.0,0.0,6429.011725728874,-6354.711725728874,356.7854920732636,West,True
3421,1619473253.2,85.77294281652681,0.11626438070289546,36.0,,,-86.6839203,36.0638905,,,0.0,0.0,0.0,0.0,6431.42802473174,-6357.12802473174,356.8422151019016,West,True
3422,1619473253.3,85.80037498609103,0.11654891033419482,36.0,,,-86.683903,36.063874,,,0.0,0.0,0.0,0.0,6433.833077098284,-6359.533077098284,356.8040011759068,West,True
3423,1619473253.4,85.89740760167095,0.11689721540156542,36.0,,,-86.6838857,36.0638573,,,1.0,0.0,0.0,0.0,6436.255137571106,-6361.955137571106,356.80465086424107,West,True
3424,1619473253.5,85.91274069176181,0.11733613940175629,36.0,,,-86.6838685,36.0638407,,,1.0,0.0,0.0,0.0,6438.6629022484985,-6364.362902248498,356.84216593312834,West,True
3425,1619473253.6,85.90885829123893,0.11786028021184936,36.0,,,-86.68385119999999,36.063824200000006,,,1.0,0.0,0.0,0.0,6441.06795525167,-6366.76795525167,356.78540868539284,West,True
3426,1619473253.7,85.95155237970368,0.1184379013391437,36.0,,,-86.68383399999999,36.0638075,,,1.0,0.0,0.0,0.0,6443.484255298106,-6369.184255298106,356.8039348836287,West,True
3427,1619473253.8,86.01800781462971,0.1190030304300707,36.0,,,-86.68381670000001,36.0637908,,,1.0,0.0,0.0,0.0,6445.906316614565,-6371.606316614565,356.84123850666344,West,True
3428,1619473253.9,86.070797342799,0.11946772757706753,36.0,,,-86.6837993,36.063774200000005,,,1.0,0.0,0.0,0.0,6448.325664581907,-6374.025664581907,356.7665993312089,West,True
3429,1619473254.0,86.06536822056957,0.11972345351770397,36.0,,,-86.68378220000001,36.0637575,,,1.0,0.0,0.0,0.0,6450.736223939912,-6376.4362239399115,356.8225988743532,West,True
3430,1619473254.1,86.13953477382037,0.11965874358519357,36.0,,,-86.68376485,36.06374085,,,1.0,0.0,0.0,0.0,6453.156918937325,-6378.856918937325,356.8225823034468,West,True
3431,1619473254.2,86.21370132707116,0.119166215895406,36.0,,,-86.6837475,36.0637242,,,1.0,0.0,0.0,0.0,6455.577614147361,-6381.2776141473605,356.87806991916597,West,True
3432,1619473254.3,86.21000000000001,0.11816028702077579,36.0,,,-86.68373000000001,36.0637077,,,1.0,0.0,0.0,0.0,6457.994330966737,-6383.694330966737,356.8237117743789,West,True
3433,1619473254.4,86.31,0.11658329370384943,36.0,,,-86.68371280000001,36.0636912,,,1.0,0.0,0.0,0.0,6460.3935837579675,-6386.093583757967,356.765621614011,West,True
3434,1619473254.5,86.27327730242902,0.11441670192789724,36.0,,,-86.6836955,36.0636743,,,1.0,0.0,0.0,0.0,6462.83273860266,-6388.53273860266,356.85913780676407,West,True
3435,1619473254.6,86.34538561875368,0.11168079961405487,36.0,,,-86.683678,36.06365770000001,,,1.0,0.0,0.0,0.0,6465.257908534892,-6390.957908534891,356.8037850133751,West,True
3436,1619473254.7,86.36098888981552,0.1084354637532585,36.0,,,-86.6836607,36.063641,,,1.0,0.0,0.0,0.0,6467.679971753658,-6393.379971753658,356.8402221234565,West,True
3437,1619473254.8,86.36421160949394,0.10477181371822886,36.0,,,-86.6836432,36.0636243,,,1.0,0.0,0.0,0.0,6470.113616028473,-6395.813616028473,356.8410737639027,West,True
3438,1619473254.9,86.45743243492198,0.10080301097933667,36.0,,,-86.68362579999999,36.063607700000006,,,1.0,0.0,0.0,0.0,6472.5329661363285,-6398.232966136328,356.80242498506703,West,True
3439,1619473255.0,86.47626727774025,0.09665045143718193,36.0,,,-86.6836083,36.0635908,,,1.0,0.0,0.0,0.0,6474.983622116219,-6400.683622116218,356.7857357793666,West,True
3440,1619473255.1,86.48,0.09242856943247127,36.0,,,-86.6835912,36.063574200000005,,,1.0,0.0,0.0,0.0,6477.385628417688,-6403.085628417688,356.8401561093496,West,True
3441,1619473255.2,86.4776437227518,0.08823040442128455,36.0,,,-86.68357370000001,36.0635575,,,1.0,0.0,0.0,0.0,6479.81927355552,-6405.51927355552,356.822016585601,West,True
3442,1619473255.3,86.48974982375246,0.0841116418573013,36.0,,,-86.68355629999999,36.0635408,,,1.0,0.0,0.0,0.0,6482.2471187447045,-6407.947118744704,356.7463712357171,West,True
3443,1619473255.4,86.59475430260993,0.08008045690001012,36.27520438583437,,,-86.683539,36.0635238,,,1.0,0.0,0.0,0.0,6484.6948525165135,-6410.394852516513,356.8944116308496,West,True
3444,1619473255.5,86.61086354845374,0.07608559783975766,36.77858401301925,,,-86.6835213,36.0635072,,,1.0,0.0,0.0,0.0,6487.131723132152,-6412.831723132152,356.7663291549301,West,True
3445,1619473255.6,86.68738815509161,0.07201441385966226,37.0,,,-86.6835042,36.0634905,,,1.0,0.0,0.0,0.0,6489.54228581554,-6415.24228581554,356.84007347737725,West,True
3446,1619473255.7,86.64531710127407,0.06768879479904243,37.0,,,-86.6834867,36.0634738,,,1.0,0.0,0.0,0.0,6491.97593203583,-6417.67593203583,356.8211737346429,West,True
3447,1619473255.8,86.66296652827276,0.0628740608643855,37.0,,,-86.6834692,36.063457,,,1.0,0.0,0.0,0.0,6494.418073600289,-6420.118073600289,356.8211570108462,West,True
3448,1619473255.9,86.70671788636896,0.05728521163819086,37.0,,,-86.6834517,36.0634402,,,1.0,0.0,0.0,0.0,6496.860215381094,-6422.560215381094,356.7839183957516,West,True
3449,1619473256.0,86.75,0.050607509969887735,37.0,,,-86.6834343,36.0634233,,,1.0,0.0,0.0,0.0,6499.3051136886925,-6425.005113688692,356.82112366932193,West,True
3450,1619473256.1,86.79294575241305,0.04251298912019147,37.0,,,-86.68341679999999,36.0634065,,,1.0,0.0,0.0,0.0,6501.747255904301,-6427.447255904301,356.8035340796158,West,True
3451,1619473256.2,86.85000000000001,0.03269032176402475,37.0,,,-86.6833995,36.0633898,,,1.0,0.0,0.0,0.0,6504.169322309438,-6429.869322309438,356.7833252612078,West,True
3452,1619473256.3,86.87706839085693,0.0208675545587738,37.0,,,-86.683382,36.0633728,,,1.0,0.0,0.0,0.0,6506.628518002905,-6432.328518002905,356.8210736947723,West,True
3453,1619473256.4,86.9059165331668,0.006844623255113891,37.0,,,-86.6833645,36.063356,,,1.0,0.0,0.1847270882731122,0.0,6509.070660868621,-6434.770660868621,356.8210569782357,West,True
3454,1619473256.5,86.92809225848089,-0.009485829014960707,37.0,,,-86.683347,36.06333920000001,,,0.1565274511685943,0.0,1.0,0.0,6511.512803949475,-6437.212803949475,356.76526600251054,West,True
3455,1619473256.6,86.93072815399016,-0.028113044700349494,37.0,,,-86.6833297,36.0633223,,,0.0,0.0,1.0,0.0,6513.951963229338,-6439.6519632293375,356.8587924415895,West,True
3456,1619473256.7,87.00818293571298,-0.048899062987725964,37.0,,,-86.6833122,36.0633057,,,0.0,0.0,1.0,0.0,6516.377137726861,-6442.077137726861,356.8195131888301,West,True
3457,1619473256.8,87.0012879187255,-0.07156968214271778,37.0,,,-86.68329449999999,36.0632887,,,0.0,0.0,1.0,0.0,6518.847872191798,-6444.547872191798,356.7652149652923,West,True
3458,1619473256.9,86.95818962914161,-0.09572422583709256,37.0,,,-86.6832772,36.0632718,,,0.0,0.0,1.0,0.0,6521.287032106561,-6446.987032106561,356.8209735642398,West,True
3459,1619473257.0,86.92656680456851,-0.1208471865007573,37.0,,,-86.68325970000001,36.063255,,,0.0,0.0,1.0,0.0,6523.729176272927,-6449.429176272927,356.82095685104775,West,True
3460,1619473257.1,86.87380655413584,-0.14633738235325694,37.0,,,-86.6832422,36.0632382,,,0.0,0.0,1.0,0.0,6526.171320655858,-6451.871320655858,356.7837158924577,West,True
3461,1619473257.2,86.84329781034053,-0.17153697241894045,37.0,,,-86.6832248,36.0632213,,,0.0,0.0,1.0,0.0,6528.6162215307895,-6454.316221530789,356.78315637277655,West,True
3462,1619473257.3,86.6637266897685,-0.1957729332476745,37.0,,,-86.68320729999999,36.0632043,,,0.0,0.0,1.0,0.0,6531.075419379924,-6456.775419379924,356.7831394486807,West,True
3463,1619473257.4,86.6438530570082,-0.2183934045196981,37.0,,,-86.6831898,36.0631873,,,0.0,0.0,1.0,0.0,6533.534617445644,-6459.234617445643,356.7842142333463,West,True
3464,1619473257.5,86.55920038974284,-0.23880950554247227,37.0,,,-86.6831725,36.0631705,,,0.0,0.0,1.0,0.0,6535.965222225455,-6461.665222225455,356.74599593581115,West,True
3465,1619473257.6,86.47604341762737,-0.256526424672643,37.0,,,-86.6831552,36.0631535,,,0.0,0.0,0.8322339842886355,0.0,6538.412960646867,-6464.112960646867,356.7830890847481,West,True
3466,1619473257.7,86.39446583856575,-0.2711738054997713,37.0,,,-86.6831377,36.0631365,,,0.0,0.0,0.6398413267782161,0.0,6540.872159362238,-6466.5721593622375,356.76462333504736,West,True
3467,1619473257.8,86.26508968995358,-0.2825218057420015,37.27743696408559,,,-86.6831203,36.0631195,,,0.0,0.0,0.447449127966981,0.0,6543.325618478752,-6469.025618478752,356.7830553441393,West,True
3468,1619473257.9,86.2616292307263,-0.290493395615393,37.77910608070367,,,-86.6831028,36.0631025,,,0.0,0.0,0.2550564704565616,0.0,6545.784817628928,-6471.484817628928,356.784130155889,West,True
3469,1619473258.0,86.10975863960505,-0.29516218255468024,38.0,,,-86.6830855,36.0630857,,,0.0,0.0,0.0626642716453265,0.0,6548.215423480409,-6473.915423480409,356.78302169893016,West,True
3470,1619473258.1,85.9915406452081,-0.2967472296688396,38.0,,,-86.683068,36.0630687,,,0.0,0.0,0.0,0.0,6550.674623062832,-6476.374623062832,356.7458937538901,West,True
3471,1619473258.2,85.9,-0.29559624604037316,38.0,,,-86.6830507,36.0630517,,,0.0,0.0,0.0,0.0,6553.1223627632835,-6478.822362763283,356.8018722583378,West,True
3472,1619473258.3,85.84258590667432,-0.2921691348907316,38.0,,,-86.68303320000001,36.0630348,,,0.0,0.0,0.0,0.0,6555.57302587831,-6481.273025878309,356.7645217353417,West,True
3473,1619473258.4,85.77359332691223,-0.28701366555318,38.0,,,-86.68301579999999,36.0630178,,,0.0,0.0,0.0,0.0,6558.026486284403,-6483.726486284403,356.78295431899465,West,True
3474,1619473258.5,85.69701518446276,-0.2807451703862994,38.0,,,-86.6829983,36.0630008,,,0.0,0.0,0.0,0.0,6560.485686735157,-6486.185686735157,356.7829373997179,West,True
3475,1619473258.6,85.66148492847576,-0.27402062844915176,32.9883101710829,,,-86.6829808,36.0629838,,,0.0,0.0,0.0,0.0,6562.944887403313,-6488.644887403313,356.82069037537485,West,True
3476,1619473258.7,85.66762618030832,-0.26751885159358135,23.969775592554637,,,-86.6829633,36.062967,,,0.0,0.0,0.0,0.0,6565.3870352778495,-6491.087035277849,356.783995339108,West,True
3477,1619473258.8,85.58,-0.26191476987018003,20.0,,,-86.682946,36.0629502,,,0.0,0.0,0.0,0.0,6567.817642842695,-6493.517642842695,356.76487617571337,West,True
3478,1619473258.9,85.51620013796276,-0.25786016635353987,20.0,,,-86.6829287,36.0629333,,,0.0,0.0,0.0,0.0,6570.256807024121,-6495.956807024121,356.85841384095625,West,True
3479,1619473259.0,85.46912736311899,-0.2559568128383359,20.0,,,-86.6829112,36.0629167,,,0.0,0.0,0.0,0.0,6572.681986565514,-6498.381986565514,356.7833959563943,West,True
3480,1619473259.1,85.36552657421599,-0.2567363896586817,20.0,,,-86.6828938,36.0628998,,,0.1298690466642988,0.0,0.0,0.0,6575.126891530248,-6500.826891530248,356.7850455118121,West,True
3481,1619473259.2,85.35379973827897,-0.26063226768500847,20.0,,,-86.6828767,36.06288320000001,,,0.3220856295040271,0.0,0.0,0.0,6577.528906469431,-6503.2289064694305,356.7833626068916,West,True
3482,1619473259.3,85.26814317591206,-0.26796047674344003,20.0,,,-86.6828593,36.0628663,,,0.5143017540643654,0.0,0.0,0.0,6579.973811859351,-6505.673811859351,356.82210285218275,West,True
3483,1619473259.4,85.22702629160435,-0.2788950015820249,19.72047086064397,,,-86.68284200000001,36.0628497,,,0.7065183369040936,0.0,0.0,0.0,6582.387370584094,-6508.087370584094,356.7750785188238,West,True
3484,1619473259.5,85.13795739384648,-0.2934570102574303,19.499761563258083,,,-86.68282485,36.062833,,,0.8532591684520467,0.0,0.0,0.0,6584.80080969369,-6510.50080969369,356.77506190194384,West,True
3485,1619473259.6,85.04888849608862,-0.3115030353204519,19.279052265872195,,,-86.6828077,36.0628163,,,1.0,0.0,0.0,0.0,6587.214249011676,-6512.914249011676,356.8402804286958,West,True
3486,1619473259.7,85.05797347253622,-0.3327316842550046,19.779290201237263,,,-86.6827903,36.06279970000001,,,1.0,0.0,0.0,0.0,6589.6336095022125,-6515.333609502212,356.76561871230615,West,True
3487,1619473259.8,85.03991652012957,-0.35669266102515373,20.0,,,-86.68277320000001,36.062783,,,1.0,0.0,0.0,0.0,6592.0441809985805,-6517.74418099858,356.8227982654537,West,True
3488,1619473259.9,84.94387143039847,-0.38281499509923456,20.0,,,-86.68275600000001,36.0627665,,,1.0,0.0,0.0,0.0,6594.443445498671,-6520.143445498671,356.7837950037708,West,True
3489,1619473260.0,84.94935226632948,-0.4104362197071862,20.0,,,-86.6827387,36.062749700000005,,,1.0,0.0,0.0,0.0,6596.874055599601,-6522.574055599601,356.8035491661307,West,True
3490,1619473260.1,84.7902416505342,-0.4388455921981631,20.0,,,-86.6827215,36.0627331,,,1.0,0.0,0.0,0.0,6599.281834252217,-6524.981834252217,356.8035326442486,West,True
3491,1619473260.2,84.63113103473891,-0.467321808803221,20.0,,,-86.6827043,36.0627165,,,1.0,0.0,0.0,0.0,6601.689613114283,-6527.389613114283,356.8410607903785,West,True
3492,1619473260.3,84.48374974971331,-0.4951758031380359,20.0,,,-86.682687,36.0627,,,1.0,0.0,0.0,0.0,6604.0946804835,-6529.7946804835,356.7078859495461,West,True
3493,1619473260.4,84.32605000499505,-0.5217800728484594,20.0,,,-86.6826702,36.0626833,,,1.0,0.0,0.0,0.0,6606.488148808855,-6532.188148808855,356.8770588937805,West,True
3494,1619473260.5,84.21910409104834,-0.5465953595884229,20.0,,,-86.6826527,36.0626668,,,1.0,0.0,0.0,0.0,6608.9048791744635,-6534.604879174463,356.8034665616179,West,True
3495,1619473260.6,84.08198291685598,-0.5691794904489902,20.0,,,-86.6826355,36.0626502,,,1.0,0.0,0.0,0.0,6611.3126588730665,-6537.012658873066,356.7853645401738,West,True
3496,1619473260.7,83.89751371031764,-0.5891914419486959,20.0,,,-86.6826185,36.062633700000006,,,1.0,0.0,0.0,0.0,6613.700380203882,-6539.4003802038815,356.8226505663339,West,True
3497,1619473260.8,83.72443342896912,-0.6063796014020917,20.0,,,-86.68260129999999,36.062617200000005,,,1.0,0.0,0.0,0.0,6616.099646595266,-6541.799646595266,356.84096301453127,West,True
3498,1619473260.9,83.5991970023455,-0.6205691767441419,20.0,,,-86.68258399999999,36.0626007,,,1.0,0.0,0.0,0.0,6618.504715234038,-6544.204715234037,356.7853147907609,West,True
3499,1619473261.0,83.46141017087365,-0.6316407293255295,20.0,,,-86.682567,36.0625842,,,1.0,0.0,0.0,0.0,6620.892437179284,-6546.5924371792835,356.78416782343373,West,True
3500,1619473261.1,83.31,-0.6395142238052036,20.0,,,-86.6825498,36.0625675,,,1.0,0.0,0.0,0.0,6623.3087528162205,-6549.00875281622,356.82416778985953,West,True
3501,1619473261.2,83.18,-0.6441316230979279,20.27827861334197,,,-86.6825328,36.0625512,,,1.0,0.0,0.0,0.0,6625.679429549454,-6551.379429549454,356.74638207636616,West,True
3502,1619473261.3,83.07970208033257,-0.6454490927329852,20.77790576614738,,,-86.68251579999999,36.0625345,,,1.0,0.0,0.0,0.0,6628.084282574748,-6553.7842825747475,356.8426698691972,West,True
3503,1619473261.4,82.90358074288726,-0.6434318397603256,21.0,,,-86.68249870000001,36.0625182,,,1.0,0.0,0.0,0.0,6630.460763573477,-6556.160763573477,356.8225361893305,West,True
3504,1619473261.5,82.74720549880462,-0.6380580032031529,21.0,,,-86.6824815,36.062501700000006,,,1.0,0.0,0.0,0.0,6632.8600314267405,-6558.56003142674,356.8060478407868,West,True
3505,1619473261.6,82.64221176378692,-0.6293251206688659,21.0,,,-86.6824647,36.0624855,,,0.934339064904054,0.0,0.0656609350959461,0.0,6635.210629048739,-6560.910629048739,356.78519955824424,West,True
3506,1619473261.7,82.47919281510613,-0.6172615729968274,21.0,,,-86.68244770000001,36.062469,,,0.7954679171430283,0.0,0.2045320828569716,0.0,6637.59835242644,-6563.29835242644,356.82407036037273,West,True
3507,1619473261.8,82.30588987764183,-0.6019382738601033,21.0,,,-86.6824307,36.0624527,,,0.6565971004761464,0.0,0.3434028995238535,0.0,6639.969030393579,-6565.669030393578,356.8434989465114,West,True
3508,1619473261.9,82.16680637795581,-0.5834807606078127,21.0,,,-86.6824137,36.0624365,,,0.517725952715121,0.0,0.482274047284879,0.0,6642.331218145179,-6568.031218145179,356.80528414990414,West,True
3509,1619473262.0,81.9905155288711,-0.5620792225949227,21.0,,,-86.68239679999999,36.062420200000005,,,0.378855136048239,0.0,0.6211448639517609,0.0,6644.696112574759,-6570.396112574759,356.8443873782128,West,True
3510,1619473262.1,81.88767490032143,-0.5379961761084809,21.13827689002793,,,-86.6823799,36.0624041,,,0.23998415383428529,0.0,0.7600158461657147,0.0,6647.044006497902,-6572.744006497902,356.844371356198,West,True
3511,1619473262.2,81.78483427177177,-0.5115706095951107,21.276553780055867,,,-86.682363,36.062388,,,0.1011131716203316,0.0,0.8988868283796684,0.0,6649.391900622989,-6575.091900622989,356.7862588614407,West,True
3512,1619473262.3,81.69564531868889,-0.4832192245635204,21.774901650466173,,,-86.68234620000001,36.0623717,,,0.0,0.0,1.0,0.0,6651.751031772604,-6577.4510317726035,356.7868318117121,West,True
3513,1619473262.4,81.5718497891208,-0.4534328539114453,22.0,,,-86.68232950000001,36.0623555,,,0.0,0.0,1.0,0.0,6654.0958664309355,-6579.795866430935,356.8452551367402,West,True
3514,1619473262.5,81.48244641377572,-0.42277075441574075,22.0,,,-86.6823127,36.0623395,,,0.0,0.0,1.0,0.0,6656.429466971938,-6582.129466971938,356.7867994698379,West,True
3515,1619473262.6,81.37677130614765,-0.39184824959046005,22.0,,,-86.682296,36.0623233,,,0.0,0.0,1.0,0.0,6658.774302023555,-6584.474302023555,356.88457991425076,West,True
3516,1619473262.7,81.35970859780727,-0.36132366845014874,22.0,,,-86.6822792,36.0623075,,,0.0,0.0,1.0,0.0,6661.09099283556,-6586.79099283556,356.82635507720283,West,True
3517,1619473262.8,81.25649799467064,-0.3318767308102296,22.0,,,-86.6822625,36.0622915,,,0.0,0.0,1.0,0.0,6663.418787302637,-6589.1187873026365,356.78675100608336,West,True
3518,1619473262.9,81.21000000000001,-0.3041884260085591,22.0,,,-86.6822458,36.0622753,,,0.0,0.0,1.0,0.0,6665.763622939697,-6591.4636229396965,356.80724422645386,West,True
3519,1619473263.0,81.14649799467746,-0.278911799231433,22.0,,,-86.6822292,36.0622593,,,0.0,0.0,1.0,0.0,6668.085631405627,-6593.785631405627,356.8086855803574,West,True
3520,1619473263.1,81.10000000000001,-0.2566475334812791,22.0,,,-86.6822128,36.0622435,,,0.0,0.0,1.0,0.0,6670.379048229932,-6596.079048229932,356.8845020308697,West,True
3521,1619473263.2,81.08267186150302,-0.23791243586852653,22.277884553477534,,,-86.68219599999999,36.0622277,,,0.0,0.0,1.0,0.0,6672.695740041119,-6598.395740041119,356.7878866216829,West,True
3522,1619473263.3,81.05949888060032,-0.22311664820931654,22.777964436538277,,,-86.6821795,36.062211700000006,,,0.0,0.0,0.7751028699827186,0.0,6675.011983109707,-6600.711983109707,356.8079048602416,West,True
3523,1619473263.4,81.0248416549978,-0.2125381105212847,23.0,,,-86.682163,36.0621958,,,0.0,0.0,0.0,0.0,6677.319696414949,-6603.019696414949,356.8296451086325,West,True
3524,1619473263.5,81.05506621141512,-0.20630875896876333,23.0,,,-86.6821467,36.0621802,,,0.0,0.0,0.0,0.0,6679.59031207524,-6605.29031207524,356.84602462871425,West,True
3525,1619473263.6,81.01836777275473,-0.20440314665554632,23.0,,,-86.68213,36.0621643,,,0.0,0.0,0.0,0.0,6681.909620639192,-6607.609620639192,356.827892630114,West,True
3526,1619473263.7,81.00232682683607,-0.20663907591758054,23.0,,,-86.6821135,36.0621485,,,0.0,0.0,0.0,0.0,6684.208826692459,-6609.908826692459,356.84791302010296,West,True
3527,1619473263.8,80.99804728385052,-0.21268476407360515,23.0,,,-86.682097,36.0621328,,,0.0,0.0,0.0,0.0,6686.499547490307,-6612.199547490307,356.7890203742213,West,True
3528,1619473263.9,80.96941269503611,-0.2220746955570539,23.0,,,-86.6820807,36.062117,,,0.0,0.0,0.0,0.0,6688.787198424872,-6614.487198424872,356.8478819569265,West,True
3529,1619473264.0,80.8849976986598,-0.2342339693227469,23.0,,,-86.6820642,36.0621013,,,0.0,0.0,0.0,0.0,6691.077919607165,-6616.777919607165,356.82782991734166,West,True
3530,1619473264.1,80.74196238891578,-0.24850516866002745,23.0,,,-86.68204770000001,36.0620855,,,0.0,0.0,0.0,0.0,6693.377126425661,-6619.077126425661,356.78959885739624,West,True
3531,1619473264.2,80.7144679966348,-0.2641836846297489,23.0,,,-86.6820315,36.0620698,,,0.0,0.0,0.0,0.0,6695.65048131284,-6621.35048131284,356.8387333636402,West,True
3532,1619473264.3,80.64036324565092,-0.2805485817465796,23.0,,,-86.6820151,36.06205415,,,0.0,0.0,0.0,0.0,6697.931148441963,-6623.631148441963,356.8387177873886,West,True
3533,1619473264.4,80.56625849466705,-0.2969007374151375,23.0,,,-86.68199870000001,36.0620385,,,0.0,0.0,0.0,0.0,6700.211815760612,-6625.911815760612,356.8286228046187,West,True
3534,1619473264.5,80.36157293402871,-0.312590822070809,23.0,,,-86.6819823,36.0620228,,,0.0,0.0,0.0,0.0,6702.496728307176,-6628.196728307176,356.80956543624154,West,True
3535,1619473264.6,80.28638329423543,-0.3270528490988273,23.38921408682506,,,-86.68196605,36.06200715,,,0.0,0.0,0.0,0.0,6704.768704156292,-6630.468704156292,356.80954985965445,West,True
3536,1619473264.7,80.21119365444217,-0.3398242162588867,23.77842817365012,,,-86.6819498,36.0619915,,,0.0,0.0,0.0,0.0,6707.0406801921945,-6632.740680192194,356.84775798963835,West,True
3537,1619473264.8,80.1150717084185,-0.3505689602779172,24.0,,,-86.6819333,36.0619758,,,0.0,0.0,0.0,0.0,6709.331402906166,-6635.031402906166,356.7888624574319,West,True
3538,1619473264.9,80.03247681778039,-0.3590864784831314,24.0,,,-86.681917,36.06196,,,0.0,0.0,0.0,0.0,6711.619055713193,-6637.319055713193,356.8091283592733,West,True
3539,1619473265.0,79.919753928848,-0.36532011947561177,24.0,,,-86.6819007,36.0619443,,,0.0,0.0,0.0,0.0,6713.898180247436,-6639.598180247436,356.8486890402114,West,True
3540,1619473265.1,79.81385399210768,-0.36935237020278533,24.0,,,-86.6818843,36.0619287,,,0.0,0.0,0.0,0.0,6716.174609523757,-6641.874609523757,356.81060892711133,West,True
3541,1619473265.2,79.67773328018987,-0.37139604786590474,24.0,,,-86.6818682,36.061913200000006,,,0.0,0.0,0.0,0.0,6718.4251427300915,-6644.125142730091,356.80760631169136,West,True
3542,1619473265.3,79.5670716442892,-0.3717759243090509,24.0,,,-86.6818517,36.0618973,,,0.0,0.0,0.0,0.0,6720.732859651582,-6646.432859651582,356.80981706150607,West,True
3543,1619473265.4,79.5004110874278,-0.37090341439141916,24.0,,,-86.68183549999999,36.0618817,,,0.0116994479895624,0.0,0.0,0.0,6722.997689067785,-6648.697689067785,356.8496168683354,West,True
3544,1619473265.5,79.39838266129782,-0.3692490554992873,24.0,,,-86.6818192,36.0618662,,,0.167916800283659,0.0,0.0,0.0,6725.259825138574,-6650.959825138574,356.7893784696348,West,True
3545,1619473265.6,79.3739135059129,-0.36730718804802076,24.0,,,-86.681803,36.0618505,,,0.3241341525777557,0.0,0.0,0.0,6727.533182624669,-6653.233182624669,356.84958611224585,West,True
3546,1619473265.7,79.29670640932746,-0.3655687883780451,24.0,,,-86.6817867,36.061835,,,0.4803518773233993,0.0,0.0,0.0,6729.795319071987,-6655.495319071987,356.78934712530037,West,True
3547,1619473265.8,79.21874229737655,-0.3644870112544077,24.0,,,-86.6817705,36.0618193,,,0.636569229617496,0.0,0.0,0.0,6732.068676927947,-6657.768676927947,356.830147793043,West,True
3548,1619473265.9,79.1350032582387,-0.3644614375321509,24.0,,,-86.6817543,36.06180379999999,,,0.7927869543631395,0.0,0.0,0.0,6734.325002144216,-6660.025002144216,356.810484369659,West,True
3549,1619473266.0,79.0614600104353,-0.36581440508341156,24.27551947571885,,,-86.6817382,36.0617883,,,0.949004306657236,0.0,0.0,0.0,6736.575536827202,-6662.275536827202,356.8301170336092,West,True
3550,1619473266.1,79.01144558671574,-0.36879291658015967,24.637759737859426,,,-86.68172200000001,36.0617728,,,0.974502153328618,0.0,0.0,0.0,6738.831862412312,-6664.531862412312,356.83010160691197,West,True
3551,1619473266.2,78.96143116299618,-0.3735587695128325,25.0,,,-86.6817058,36.0617573,,,1.0,0.0,0.0,0.0,6741.08818818338,-6666.78818818338,356.8515102016952,West,True
3552,1619473266.3,78.92054874424134,-0.3802052666400353,25.0,,,-86.68168969999999,36.061742,,,1.0,0.0,0.0,0.0,6743.321737975729,-6669.021737975729,356.7905292512046,West,True
3553,1619473266.4,78.78606300290109,-0.3887558148895267,25.0,,,-86.6816737,36.0617265,,,1.0,0.0,0.0,0.0,6745.566503723359,-6671.266503723359,356.83005561750724,West,True
3554,1619473266.5,78.72009639447586,-0.3991854547007575,25.0,,,-86.6816575,36.061711,,,1.0,0.0,0.0,0.0,6747.822830046838,-6673.522830046838,356.7918062031569,West,True
3555,1619473266.6,78.63770685231339,-0.41141920629954143,25.0,,,-86.6816417,36.06169570000001,,,1.0,0.0,0.0,0.0,6750.039003031033,-6675.739003031033,356.7904829772277,West,True
3556,1619473266.7,78.53152675056114,-0.42534849944860786,25.0,,,-86.6816257,36.061680200000005,,,1.0,0.0,0.0,0.0,6752.2837693217025,-6677.983769321702,356.8300099076421,West,True
3557,1619473266.8,78.41408242484309,-0.44082458244867395,25.0,,,-86.6816095,36.06166470000001,,,1.0,0.0,0.0,0.0,6754.540096198194,-6680.240096198194,356.8126854528849,West,True
3558,1619473266.9,78.32075007528128,-0.45766657214851925,25.0,,,-86.68159370000001,36.0616495,,,1.0,0.0,0.0,0.0,6756.7477451552795,-6682.447745155279,356.79043670449215,West,True
3559,1619473267.0,78.24815194176081,-0.47565284334801416,25.0,,,-86.6815777,36.061634000000005,,,1.0,0.0,0.0,0.0,6758.992511986392,-6684.692511986392,356.77027794321543,West,True
3560,1619473267.1,78.18281209629511,-0.4945246476336047,25.0,,,-86.6815618,36.0616185,,,1.0,0.0,0.0,0.0,6761.231530539471,-6686.931530539471,356.83173514405,West,True
3561,1619473267.2,78.16044208547366,-0.5139828001757302,25.0,,,-86.6815458,36.0616032,,,1.0,0.0,0.0,0.0,6763.45926831407,-6689.15926831407,356.8110548064656,West,True
3562,1619473267.3,78.02945831039915,-0.5336927060081842,25.0,,,-86.68152979999999,36.0615878,,,1.0,0.0,0.0,0.0,6765.695509543641,-6691.39550954364,356.79168313189825,West,True
3563,1619473267.4,77.83397864113424,-0.5532912854186313,25.0,,,-86.681514,36.0615725,,,1.0,0.0,0.0,0.0,6767.91168395273,-6693.611683952729,356.74981826294083,West,True
3564,1619473267.5,77.73821023643079,-0.5723951195291909,25.0,,,-86.68149820000001,36.061557,,,1.0,0.0,0.0,0.0,6770.144976133126,-6695.844976133126,356.79231920713437,West,True
3565,1619473267.6,77.56924571218931,-0.5906160172220976,25.0,,,-86.6814825,36.06154179999999,,,1.0,0.0,0.0,0.0,6772.346854360135,-6698.046854360135,356.83349102303805,West,True
3566,1619473267.7,77.44923268819562,-0.6075685783480479,25.0,,,-86.6814667,36.0615267,,,1.0,0.0,0.0,0.0,6774.5460033659365,-6700.246003365936,356.792288856784,West,True
3567,1619473267.8,77.27804994947576,-0.6228881453809764,25.276030805221005,,,-86.681451,36.0615115,,,1.0,0.0,0.0,0.0,6776.747881940655,-6702.447881940655,356.7916071972164,West,True
3568,1619473267.9,77.1031935861186,-0.6362327804578894,25.77613394237912,,,-86.68143520000001,36.06149620000001,,,1.0,0.0,0.0,0.0,6778.96405723173,-6704.66405723173,356.79225850769063,West,True
3569,1619473268.0,76.96474479243611,-0.647298377027779,26.0,,,-86.68141949999999,36.061481,,,1.0,0.0,0.0,0.0,6781.16593615849,-6706.86593615849,356.81250354261084,West,True
3570,1619473268.1,76.83501728015798,-0.6558139320611941,26.0,,,-86.6814037,36.0614658,,,1.0,0.0,0.0,0.0,6783.3735872481075,-6709.073587248107,356.7079963954922,West,True
3571,1619473268.2,76.66530544519317,-0.661553651918247,26.0,,,-86.681388,36.0614502,,,1.0,0.0,0.0,0.0,6785.609789535529,-6711.309789535529,356.8343343303654,West,True
3572,1619473268.3,76.5425029220237,-0.6643295241151523,26.0,,,-86.6813723,36.0614352,,,1.0,0.0,0.0,0.0,6787.794644835289,-6713.494644835288,356.7716785221914,West,True
3573,1619473268.4,76.41870478697035,-0.6640041010629991,26.0,,,-86.68135670000001,36.06142,,,1.0,0.0,0.0,0.0,6789.990774086848,-6715.690774086848,356.7711233197023,West,True
3574,1619473268.5,76.25149719379333,-0.6604856872385401,26.0,,,-86.681341,36.0614047,,,1.0,0.0,0.0,0.0,6792.2012007002095,-6717.901200700209,356.75086467288503,West,True
3575,1619473268.6,76.11414993245045,-0.653744322817414,26.0,,,-86.6813255,36.0613895,,,1.0,0.0,0.0,0.0,6794.391601712915,-6720.091601712915,356.79215281024904,West,True
3576,1619473268.7,75.96442667007935,-0.643810980650777,26.0,,,-86.6813098,36.0613743,,,1.0,0.0,0.0,0.0,6796.5934818648275,-6722.293481864827,356.7721649674886,West,True
3577,1619473268.8,75.8053143732266,-0.6307941668371494,26.0,,,-86.68129429999999,36.0613592,,,1.0,0.0,0.0,0.0,6798.775314633184,-6724.475314633184,356.7292156085842,West,True
3578,1619473268.9,75.6894947182613,-0.6148788118142985,26.0,,,-86.68127870000001,36.0613438,,,1.0,0.0,0.0,0.0,6800.988605638763,-6726.688605638763,356.8156306378604,West,True
3579,1619473269.0,75.53116422428113,-0.5963366745664898,26.0,,,-86.6812633,36.061329,,,1.0,0.0,0.0,0.0,6803.1390755396615,-6728.839075539661,356.75037854768794,West,True
3580,1619473269.1,75.41272620261378,-0.5755182326264682,26.0,,,-86.6812477,36.06131370000001,,,1.0,0.0,0.5613913230385884,0.0,6805.343775099352,-6731.0437750993515,356.7302856533517,West,True
3581,1619473269.2,75.28982905514115,-0.5528508515832808,26.27697363320272,,,-86.6812325,36.0612987,,,1.0,0.0,1.0,0.0,6807.499874402638,-6733.199874402638,356.77320560173206,West,True
3582,1619473269.3,75.09554685370597,-0.5288201627967386,26.7772688506796,,,-86.6812172,36.0612838,,,1.0,0.0,1.0,0.0,6809.653113708054,-6735.353113708054,356.73025569886886,West,True
3583,1619473269.4,75.09609862099317,-0.5039555456983043,27.0,,,-86.681202,36.06126879999999,,,1.0,0.0,1.0,0.0,6811.809213340354,-6737.509213340354,356.7947872763626,West,True
3584,1619473269.5,75.029686187165,-0.4788037608864848,27.0,,,-86.68118670000001,36.061254,,,1.0,0.0,1.0,0.0,6813.953908874146,-6739.653908874146,356.7302257539159,West,True
3585,1619473269.6,74.94183572969088,-0.45390750543538305,27.0,,,-86.68117149999999,36.061239,,,1.0,0.0,1.0,0.0,6816.110008834557,-6741.810008834557,356.79546892729064,West,True
3586,1619473269.7,74.82387457541374,-0.4297786365020059,27.0,,,-86.6811563,36.0612243,,,1.0,0.0,1.0,0.0,6818.2404082621115,-6743.940408262111,356.7523800235602,West,True
3587,1619473269.8,74.74360559409837,-0.4068779764350177,27.0,,,-86.6811412,36.0612095,,,1.0,0.0,1.0,0.0,6820.373620583111,-6746.073620583111,356.6866801801121,West,True
3588,1619473269.9,74.68933259790403,-0.3855953414146904,27.0,,,-86.6811262,36.0611945,,,1.0,0.0,1.0,0.0,6822.5183737288735,-6748.218373728873,356.83695793221466,West,True
3589,1619473270.0,74.6418344395788,-0.3662363545019429,27.0,,,-86.6811108,36.0611798,,,1.0,0.0,1.0,0.0,6824.660347897892,-6750.360347897892,356.7536674992475,West,True
3590,1619473270.1,74.58370700066229,-0.3490127262334184,27.0,,,-86.681096,36.0611653,,,1.0,0.0,1.0,0.0,6826.75066775172,-6752.45066775172,356.73013668534827,West,True
3591,1619473270.2,74.4966942267942,-0.33403730187611824,27.0,,,-86.68108079999999,36.0611503,,,1.0,0.0,0.910079241323848,0.0,6828.906768687359,-6754.606768687358,356.75230638633815,West,True
3592,1619473270.3,74.43199160596266,-0.3213242106300318,27.0,,,-86.6810657,36.0611355,,,1.0,0.0,0.7176622410251964,0.0,6831.039981819768,-6756.739981819768,356.75272969632454,West,True
3593,1619473270.4,74.38239343199947,-0.31079038769730627,27.0,,,-86.6810507,36.0611208,,,1.0,0.0,0.5252447819682291,0.0,6833.158897451134,-6758.858897451134,356.73067245297193,West,True
3594,1619473270.5,74.29742033911035,-0.30226401396614344,27.0,,,-86.68103570000001,36.061106,,,1.0,0.0,0.3328277816695775,0.0,6835.2864027621445,-6760.986402762144,356.79678875550275,West,True
3595,1619473270.6,74.24841726143272,-0.29549071691645534,27.0,,,-86.6810207,36.0610915,,,1.0,0.0,0.1404107813709257,0.0,6837.388210848098,-6763.088210848098,356.79532378740885,West,True
3596,1619473270.7,74.18805552013697,-0.2901498067799295,27.0,,,-86.68100550000001,36.0610768,,,1.0,0.0,0.0,0.0,6839.51861191829,-6765.21861191829,356.7967596995074,West,True
3597,1619473270.8,74.12857130224084,-0.2858646552175744,27.0,,,-86.68099050000001,36.0610623,,,1.0,0.0,0.0,0.0,6841.620420325237,-6767.320420325237,356.77470033987447,West,True
3598,1619473270.9,74.0597622253786,-0.2822270043731743,27.0,,,-86.6809755,36.0610477,,,1.0,0.0,0.0,0.0,6843.7307708646895,-6769.430770864689,356.79673083985625,West,True
3599,1619473271.0,73.99723070724829,-0.2788110161538617,27.0,,,-86.6809605,36.0610332,,,1.0,0.0,0.0,0.0,6845.832579592136,-6771.532579592136,356.79671640938597,West,True
3600,1619473271.1,73.89950204456696,-0.27520429667406165,27.0,,,-86.68094549999999,36.061018700000005,,,1.0,0.0,0.0,0.0,6847.934388477768,-6773.634388477768,356.83876439206244,West,True
3601,1619473271.2,73.83716114841606,-0.2710228457479458,27.0,,,-86.6809303,36.0610042,,,1.0,0.0,0.0,0.0,6850.0477754728145,-6775.747775472814,356.75349152233696,West,True
3602,1619473271.3,73.79144909114021,-0.2659438908154511,27.0,,,-86.6809155,36.06098970000001,,,1.0,0.0,0.0,0.0,6852.138097215584,-6777.838097215584,356.83873590727524,West,True
3603,1619473271.4,73.71422420621977,-0.25971614026311307,27.276653657083276,,,-86.6809003,36.0609752,,,1.0,0.0,0.0,0.0,6854.251484536189,-6779.951484536189,356.7534622724342,West,True
3604,1619473271.5,73.62011958256826,-0.252186826013311,27.776495754506183,,,-86.6808855,36.0609607,,,1.0,0.0,0.0,0.0,6856.341806591623,-6782.041806591623,356.81869083020024,West,True
3605,1619473271.6,73.51958593894543,-0.24330118814312418,28.0,,,-86.6808705,36.0609463,,,1.0,0.0,0.0,0.0,6858.435098516666,-6784.1350985166655,356.81693574880717,West,True
3606,1619473271.7,73.49219671788637,-0.23311705172544567,28.0,,,-86.68085529999999,36.060931700000005,,,1.0,0.0,0.0322450281583497,0.0,6860.556981683688,-6786.256981683688,356.77576121064055,West,True
3607,1619473271.8,73.39552832808558,-0.22179094599273014,28.0,,,-86.6808405,36.06091729999999,,,1.0,0.0,0.1512780519257904,0.0,6862.638739448287,-6788.338739448287,356.8199841833671,West,True
3608,1619473271.9,73.33749191065732,-0.20957848636584525,28.0,,,-86.68082565,36.06090304999999,,,1.0,0.0,0.27031121759178844,0.0,6864.710588638156,-6790.410588638156,356.8199700025511,West,True
3609,1619473272.0,73.27945549322908,-0.1968106256323937,28.0,,,-86.6808108,36.0608888,,,1.0,0.0,0.3893443832577865,0.0,6866.782437983172,-6792.482437983172,356.8615481413991,West,True
3610,1619473272.1,73.232897019636,-0.18388441281480863,28.0,,,-86.6807957,36.0608745,,,1.0,0.0,0.5083774070252273,0.0,6868.873062236982,-6794.573062236982,356.77510358111243,West,True
3611,1619473272.2,73.17112024806995,-0.17123780717716125,28.0,,,-86.6807808,36.06086,,,1.0,0.0,0.6274107145897826,0.0,6870.969117717605,-6796.669117717604,356.7980333737148,West,True
3612,1619473272.3,73.12401451325819,-0.1593388494174235,28.0,,,-86.680766,36.06084570000001,,,1.0,0.0,0.7464437383572233,0.0,6873.042335755128,-6798.742335755128,356.9038737704936,West,True
3613,1619473272.4,73.12452400662252,-0.14866743229565443,28.0,,,-86.6807508,36.0608315,,,1.0,0.0,0.8654770459217787,0.0,6875.130386538396,-6800.830386538396,356.7980045273779,West,True
3614,1619473272.5,73.0628391531482,-0.1397087411370472,28.0,,,-86.680736,36.0608172,,,1.0,0.0,0.9845100696892194,0.0,6877.20360488655,-6802.90360488655,356.84163244857393,West,True
3615,1619473272.6,73.03979732502262,-0.13294447184683283,28.0,,,-86.6807211,36.060803,,,0.5,0.0,0.9922550348446098,0.0,6879.274110732392,-6804.974110732392,356.84161831401696,West,True
3616,1619473272.7,73.01675549689703,-0.1288496479151008,28.0,,,-86.6807062,36.0607888,,,0.0,0.0,1.0,0.0,6881.344616734586,-6807.044616734586,356.84056822184573,West,True
3617,1619473272.8,73.01349792466488,-0.12788748274054013,28.0,,,-86.6806912,36.0607745,,,0.0,0.0,1.0,0.0,6883.429417311876,-6809.129417311876,356.88204288726564,West,True
3618,1619473272.9,72.97837953091684,-0.13050239130217364,28.0,,,-86.680676,36.0607602,,,0.0,0.0,1.0,0.0,6885.525890001217,-6811.225890001217,356.75463072646977,West,True
3619,1619473273.0,72.93942725202544,-0.13710824181154885,28.0,,,-86.6806615,36.060746,,,0.0,0.0,1.0,0.0,6887.57332141286,-6813.27332141286,356.7982974448195,West,True
3620,1619473273.1,72.91055914521877,-0.14807039473955166,28.0,,,-86.68064675,36.06073175,,,0.0,0.0,1.0,0.0,6889.639392514571,-6815.339392514571,356.7982832630168,West,True
3621,1619473273.2,72.88169103841209,-0.16368108183497,28.0,,,-86.68063199999999,36.0607175,,,0.0,0.0,1.0,0.0,6891.705463770372,-6817.405463770372,356.8625479402412,West,True
3622,1619473273.3,72.86841092275478,-0.18413149676517637,28.0,,,-86.680617,36.0607033,,,0.0,0.0,1.0,0.0,6893.7817967036435,-6819.481796703643,356.906637038773,West,True
3623,1619473273.4,72.81405440521937,-0.20947916013697493,28.0,,,-86.68060200000001,36.0606893,,,0.0,0.0,1.0,0.0,6895.841268573437,-6821.541268573437,356.797861447518,West,True
3624,1619473273.5,72.82482432393653,-0.23962267211658622,28.0,,,-86.68058719999999,36.060675,,,0.0,0.0,1.0,0.0,6897.914488465175,-6823.614488465175,356.8414913054455,West,True
3625,1619473273.6,72.80212088613365,-0.2742766070585664,28.0,,,-86.6805723,36.0606608,,,0.0,0.0,1.0,0.0,6899.984995876747,-6825.684995876747,356.8648757736845,West,True
3626,1619473273.7,72.81449225830306,-0.3129675605557056,28.0,,,-86.68055749999999,36.0606468,,,0.0,0.0,1.0,0.0,6902.032743172262,-6827.7327431722615,356.7760809943953,West,True
3627,1619473273.8,72.7772262039482,-0.3550335901196985,28.0,,,-86.6805428,36.0606325,,,0.0,0.0,1.0,0.0,6904.1002069183305,-6829.80020691833,356.9065681071485,West,True
3628,1619473273.9,72.6416848541776,-0.3996542328849113,28.0,,,-86.6805278,36.0606185,,,0.0,0.0,1.0,0.0,6906.159679583255,-6831.859679583255,356.7977900910576,West,True
3629,1619473274.0,72.51080078895464,-0.44588084300114883,28.0,,,-86.680513,36.0606042,,,0.0,0.0,1.0,0.0,6908.23290024148,-6833.93290024148,356.775429778239,West,True
3630,1619473274.1,72.3752113968059,-0.492697203725988,28.0,,,-86.6804982,36.0605898,,,0.0,0.0,1.0,0.0,6910.3146615442365,-6836.014661544236,356.7772650378905,West,True
3631,1619473274.2,72.1673079962509,-0.5390703543309951,28.0,,,-86.68048370000001,36.0605757,,,0.0,0.0,1.0,0.0,6912.353531755355,-6838.053531755355,356.8413931349184,West,True
3632,1619473274.3,71.98823879814516,-0.5840219495966074,28.0,,,-86.6804688,36.0605615,,,0.0,0.0,1.0,0.0,6914.424040261121,-6840.124040261121,356.79773336170285,West,True
3633,1619473274.4,71.78388387664069,-0.6266773056494467,28.274327196313013,,,-86.680454,36.0605472,,,0.0,0.0,1.0,0.0,6916.497261538571,-6842.197261538571,356.84347933694653,West,True
3634,1619473274.5,71.64856379701911,-0.6663213282633058,28.77511521837763,,,-86.68043929999999,36.0605332,,,0.0,0.0,1.0,0.0,6918.539181652236,-6844.239181652236,356.82005254274554,West,True
3635,1619473274.6,71.48,-0.7024243095132849,29.0,,,-86.6804245,36.060519,,,0.0,0.0,1.0,0.0,6920.603887308361,-6846.303887308361,356.8382697298918,West,True
3636,1619473274.7,71.31635270229482,-0.7346637791617662,29.0,,,-86.6804093,36.0605045,,,0.0,0.0,1.0,0.0,6922.7172799133195,-6848.417279913319,356.79767614455386,West,True
3637,1619473274.8,71.1540336548103,-0.7629181139253064,29.0,,,-86.68039449999999,36.0604902,,,0.0,0.0,1.0,0.0,6924.790501809782,-6850.490501809782,356.84342293559627,West,True
3638,1619473274.9,71.0015836691039,-0.7872517500786528,29.0,,,-86.6803798,36.0604762,,,0.0,0.0,1.0,0.0,6926.832422542048,-6852.532422542048,356.6859230957388,West,True
3639,1619473275.0,70.7952939156263,-0.8078836696517533,29.0,,,-86.68036529999999,36.060461700000005,,,0.0,0.0,1.0,0.0,6928.905691549587,-6854.6056915495865,356.84447418748806,West,True
3640,1619473275.1,70.6117006141718,-0.8251482131915782,29.0,,,-86.6803507,36.06044779999999,,,0.0,0.0,1.0,0.0,6930.933318318937,-6856.633318318937,356.8190679069678,West,True
3641,1619473275.2,70.4459103602985,-0.8394557842859844,29.0,,,-86.6803358,36.0604335,,,0.0,0.0,1.0,0.0,6933.012320384877,-6858.712320384877,356.7999175975881,West,True
3642,1619473275.3,70.27135309182688,-0.851247552708862,29.0,,,-86.6803213,36.0604195,,,0.0,0.0,1.0,0.0,6935.042654044256,-6860.742654044256,356.8217769527069,West,True
3643,1619473275.4,70.107688854187,-0.860965984254876,29.27576600675599,,,-86.6803067,36.0604055,,,0.0,0.0,1.0,0.0,6937.078770100367,-6862.778770100367,356.8455125088612,West,True
3644,1619473275.5,69.87126974678328,-0.8690179037915792,29.77553067899506,,,-86.6802922,36.0603917,,,0.0,0.0,1.0,0.0,6939.0921032583365,-6864.792103258336,356.7983237762244,West,True
3645,1619473275.6,69.72922743602089,-0.8757648282773449,30.0,,,-86.6802775,36.0603775,,,0.0,0.0,1.0,0.0,6941.15103001009,-6866.85103001009,356.7551995756846,West,True
3646,1619473275.7,69.52554968618284,-0.8814995963993035,30.0,,,-86.6802632,36.0603635,,,0.0,0.0,1.0,0.0,6943.169870149888,-6868.869870149888,356.84547129932884,West,True
3647,1619473275.8,69.42195101512209,-0.8864568071475073,30.0,,,-86.6802487,36.0603497,,,0.0,0.0,1.0,0.0,6945.183203756818,-6870.883203756818,356.73237005362046,West,True
3648,1619473275.9,69.21580340774793,-0.890799704003753,30.0,,,-86.6802345,36.0603357,,,0.0,0.0,1.0,0.0,6947.196332721302,-6872.896332721301,356.8226316848369,West,True
3649,1619473276.0,68.96437258597204,-0.8946447108849099,30.0,,,-86.68021999999999,36.0603218,,,0.0,0.0,1.0,0.0,6949.218154317035,-6874.918154317035,356.801401697054,West,True
3650,1619473276.1,68.83677303447686,-0.8980515343043981,30.0,,,-86.6802057,36.060308,,,0.0,0.0,1.0,0.0,6951.219896625104,-6876.919896625104,356.82355481483904,West,True
3651,1619473276.2,68.67042311178969,-0.9010548085488073,30.0,,,-86.68019129999999,36.0602942,,,0.0,0.0,1.0,0.0,6953.227423195708,-6878.927423195708,356.73264418975646,West,True
3652,1619473276.3,68.4539155848813,-0.9036515409898214,30.0,,,-86.6801772,36.0602803,,,0.0,0.0,1.0,0.0,6955.226254656427,-6880.926254656427,356.8254690106823,West,True
3653,1619473276.4,68.28049436526827,-0.9058354091538634,30.274458020106334,,,-86.68016300000001,36.0602667,,,0.0,0.0,1.0,0.0,6957.205191009525,-6882.905191009525,356.7565751446272,West,True
3654,1619473276.5,68.1400557008393,-0.9075789015723996,30.77613554132204,,,-86.680149,36.060253,,,0.0,0.0,1.0,0.0,6959.181139398904,-6884.8811393989035,356.802148063818,West,True
3655,1619473276.6,67.94913634412704,-0.9088685164594723,31.0,,,-86.6801348,36.0602393,,,0.0,0.0,0.9774949828510828,0.0,6961.168586201614,-6886.868586201614,356.78017252225277,West,True
3656,1619473276.7,67.74751897812264,-0.9096814508920078,31.0,,,-86.6801208,36.0602257,,,0.0,0.0,0.6646970954604404,0.0,6963.135974970885,-6888.835974970885,356.7575613948755,West,True
3657,1619473276.8,67.55699238636261,-0.9100210018318846,31.0,,,-86.68010699999999,36.0602122,,,0.0,0.0,0.3518999538370095,0.0,6965.083328561043,-6890.783328561043,356.8037717752865,West,True
3658,1619473276.9,67.38462988074451,-0.9098889952468374,31.0,,,-86.680093,36.0601987,,,0.0,0.0,0.039102066446367,0.0,6967.042183422938,-6892.742183422938,356.75753432730755,West,True
3659,1619473277.0,67.20921835158065,-0.9093208590266189,31.0,,,-86.68007920000001,36.0601852,,,0.0,0.0,0.0,0.0,6968.989537284034,-6894.689537284034,356.7807987473928,West,True
3660,1619473277.1,66.99927247077791,-0.9083566272393035,31.0,,,-86.6800653,36.0601717,,,0.0,0.0,0.0,0.0,6970.942629633473,-6896.642629633473,356.8273592752546,West,True
3661,1619473277.2,66.82363042978625,-0.907075966455914,31.0,,,-86.68005129999999,36.0601583,,,0.0,0.0,0.0,0.0,6972.892976782713,-6898.592976782713,356.7585513085895,West,True
3662,1619473277.3,66.65975824115147,-0.905573128330251,31.0,,,-86.6800377,36.060145,,,0.0,0.0,0.0,0.0,6974.811735871736,-6900.511735871736,356.8509617755467,West,True
3663,1619473277.4,66.52609400413508,-0.9039931029464046,31.0,,,-86.6800237,36.06013170000001,,,0.0,0.0,0.0,0.0,6976.753601561505,-6902.453601561505,356.73384989643716,West,True
3664,1619473277.5,66.33365108229104,-0.9025169964997082,31.0,,,-86.68001,36.060118200000005,,,0.0,0.0,0.0,0.0,6978.69524239514,-6904.39524239514,356.757978458619,West,True
3665,1619473277.6,66.08,-0.9013983307691619,31.0,,,-86.6799963,36.0601048,,,0.0,0.0,0.0,0.0,6980.628299467657,-6906.3282994676565,356.78353932862746,West,True
3666,1619473277.7,65.89427302876967,-0.9009612243087012,31.0,,,-86.6799828,36.0600917,,,0.0,0.0,0.0,0.0,6982.524204934634,-6908.224204934634,356.7813954203312,West,True
3667,1619473277.8,65.77890253875204,-0.9016282439760295,30.72389643539367,,,-86.679969,36.0600783,,,0.0,0.0,0.0,0.0,6984.463001274531,-6910.163001274531,356.83037233977626,West,True
3668,1619473277.9,65.58172096816043,-0.9039238227611278,30.224078163226157,,,-86.67995529999999,36.0600652,,,0.0,0.0,0.0,0.0,6986.370464223502,-6912.070464223501,356.78277899380356,West,True
3669,1619473278.0,65.34587249039865,-0.9084749423661307,30.0,,,-86.6799417,36.060052,,,0.0,0.0,0.0,0.0,6988.280666974498,-6913.980666974498,356.8079891680192,West,True
3670,1619473278.1,65.23978102652305,-0.9160025745933704,30.0,,,-86.6799282,36.060039,,,0.0,0.0,0.0,0.0,6990.168043105585,-6915.868043105585,356.85448066563487,West,True
3671,1619473278.2,65.13251467476309,-0.9272732845207513,30.0,,,-86.6799145,36.060026,,,0.0,0.0,0.0,0.0,6992.067028508559,-6917.767028508559,356.8544677248129,West,True
3672,1619473278.3,64.91098919375719,-0.943063054618916,30.0,,,-86.67990079999998,36.060013,,,0.0,0.0,0.0,0.0,6993.966014043474,-6919.666014043474,356.8097925294957,West,True
3673,1619473278.4,64.68161724100835,-0.9640517501365233,30.0,,,-86.6798875,36.060000200000005,,,0.0,0.0,0.0,0.0,6995.824798658425,-6921.5247986584245,356.7606032993344,West,True
3674,1619473278.5,64.49461259463693,-0.9907632755319928,30.0,,,-86.67987430000001,36.0599873,,,0.0,0.0,0.0,0.0,6997.686369068082,-6923.386369068082,356.80792457394443,West,True
3675,1619473278.6,64.41012134676237,-1.0234258197437127,29.724471347995664,,,-86.6798608,36.05997429999999,,,0.0,0.0,0.0,0.0,6999.573745842752,-6925.273745842752,356.7362908195753,West,True
3676,1619473278.7,64.18537075251066,-1.0619225782959554,29.2252693694262,,,-86.6798478,36.0599615,,,0.0,0.0,0.0,0.0,7001.415301869005,-6927.115301869005,356.7611386452251,West,True
3677,1619473278.8,63.99223151481584,-1.1056723492548572,29.0,,,-86.6798347,36.0599487,,,0.0,0.0,0.0,0.0,7003.262575120896,-6928.962575120896,356.8078866242171,West,True
3678,1619473278.9,63.64260570231235,-1.1536439995555283,29.0,,,-86.6798212,36.0599357,,,0.0,0.0,0.0,0.0,7005.149952276888,-6930.849952276888,356.7108097523265,West,True
3679,1619473279.0,63.620000000000005,-1.204318627372421,29.0,,,-86.67980820000001,36.0599228,,,0.0,0.0,0.1365862410920883,0.0,7007.000116113083,-6932.700116113083,356.7855855186988,West,True
3680,1619473279.1,63.32094203614101,-1.255806396573944,29.0,,,-86.679795,36.05991,,,0.0,0.0,0.2927185174376185,0.0,7008.85313281015,-6934.55313281015,356.81063344563233,West,True
3681,1619473279.2,62.92253415822035,-1.3059184136233892,29.0,,,-86.6797818,36.0598973,,,0.0,0.0,0.4488511660318585,0.0,7010.697622532972,-6936.397622532972,356.81254879656984,West,True
3682,1619473279.3,62.33833984008729,-1.3523753028038408,29.0,,,-86.67976879999999,36.0598848,,,0.0,0.0,0.6049834423773887,0.0,7012.513520697964,-6938.213520697964,356.73699597406943,West,True
3683,1619473279.4,62.166629233198805,-1.392957754000813,28.72549813415508,,,-86.67975600000001,36.0598722,,,0.0,0.0,0.7611160909716287,0.0,7014.326481504588,-6940.0264815045875,356.76163218842765,West,True
3684,1619473279.5,61.7639609961317,-1.4257399960367265,28.226078010654486,,,-86.679743,36.0598595,,,0.0,0.0,0.9172483673171588,0.0,7016.159458086496,-6941.859458086496,356.76161954876034,West,True
3685,1619473279.6,61.28428608997511,-1.4492401835319253,28.0,,,-86.67973,36.0598468,,,0.0,0.0,1.0,0.0,7017.99243478783,-6943.692434787829,356.7369579711506,West,True
3686,1619473279.7,60.79602310806101,-1.462588100083512,28.0,,,-86.6797172,36.0598342,,,0.0,0.0,1.0,0.0,7019.805395949326,-6945.505395949326,356.8134734151174,West,True
3687,1619473279.8,60.54757708087549,-1.4655942907662158,28.0,,,-86.6797043,36.0598218,,,0.0,0.0,1.0,0.0,7021.60699893268,-6947.30699893268,356.6852528689831,West,True
3688,1619473279.9,60.21439789887227,-1.4587895712712275,28.0,,,-86.6796917,36.0598092,,,0.0,0.0,1.0,0.0,7023.408604121521,-6949.108604121521,356.81344902185015,West,True
3689,1619473280.0,59.955059827838696,-1.4433775316746973,28.0,,,-86.67967879999999,36.0597968,,,0.0,0.0,1.0,0.0,7025.210207342822,-6950.910207342822,356.7627500755588,West,True
3690,1619473280.1,59.75235143529749,-1.4211460812266083,28.0,,,-86.679666,36.0597843,,,0.0,0.0,1.0,0.0,7027.014589627188,-6952.714589627188,356.73813597935504,West,True
3691,1619473280.2,59.58473484782037,-1.3943294122917487,27.726776517453807,,,-86.6796535,36.059772,,,0.0,0.0,1.0,0.0,7028.784657302518,-6954.484657302518,356.84026071674754,West,True
3692,1619473280.3,59.40441090384868,-1.3654471800100976,27.225928097449486,,,-86.67964070000001,36.0597598,,,0.0,0.0,1.0,0.0,7030.563470588589,-6956.2634705885885,356.78937102035854,West,True
3693,1619473280.4,59.15995319667631,-1.3371383368779368,27.0,,,-86.67962800000001,36.0597475,,,0.0,0.0,1.0,0.0,7032.3450050316715,-6958.045005031671,356.76456172241444,West,True
3694,1619473280.5,58.96471280984451,-1.3119989632136968,27.0,,,-86.6796155,36.05973529999999,,,0.0,0.0,1.0,0.0,7034.106495365927,-6959.806495365927,356.841445901387,West,True
3695,1619473280.6,58.77672525190727,-1.2924439087725725,27.0,,,-86.6796028,36.0597232,,,0.0,0.0,0.8318636421670852,0.0,7035.8710145458035,-6961.571014545803,356.76582836222207,West,True
3696,1619473280.7,58.67295982297084,-1.2805896507389367,27.0,,,-86.6795905,36.0597112,,,0.0,0.0,0.4748555134698047,0.0,7037.603910237069,-6963.3039102370685,356.8207103323489,West,True
3697,1619473280.8,58.46117803226117,-1.2781660998944337,26.72503655541348,,,-86.67957829999999,36.0596995,,,0.0,0.0,0.1178482359450142,0.0,7039.305445098631,-6965.005445098631,356.76580457252265,West,True
3698,1619473280.9,58.28932623317379,-1.2864535955742884,26.2252004142351,,,-86.67956600000001,36.0596875,,,0.0,0.0,0.0,0.0,7041.038341001554,-6966.738341001554,356.793569792833,West,True
3699,1619473281.0,58.03154149680055,-1.3062377465606037,26.0,,,-86.6795538,36.05967570000001,,,0.0,0.0,0.0,0.0,7042.748392972078,-6968.448392972078,356.7677981775627,West,True
3700,1619473281.1,57.7928151030153,-1.3377887212207797,26.0,,,-86.6795418,36.059664,,,0.0,0.0,0.0,0.0,7044.438396916994,-6970.138396916994,356.7677865428032,West,True
3701,1619473281.2,57.60338552400325,-1.3808460265811844,25.725254473578676,,,-86.6795298,36.0596523,,,0.0,0.0,0.0,0.0,7046.1284009630635,-6971.828400963063,356.76709130458755,West,True
3702,1619473281.3,57.37381681665877,-1.4346314393326145,25.224626644768254,,,-86.6795177,36.0596405,,,0.0,0.0,0.0,0.0,7047.832702486635,-6973.532702486635,356.87181796871585,West,True
3703,1619473281.4,57.23530946452993,-1.4978629524489384,25.0,,,-86.6795053,36.05962879999999,,,0.0,0.0,0.0,0.0,7049.545880276743,-6975.245880276743,356.8228890737586,West,True
3704,1619473281.5,56.97336923770224,-1.568805333031083,25.0,,,-86.67949329999999,36.05961729999999,,,0.0,0.0,0.0,0.0,7051.218825079053,-6976.918825079053,356.82287762300507,West,True
3705,1619473281.6,56.67998986149775,-1.6453228655085552,24.72566039037585,,,-86.67948129999999,36.05960579999999,,,0.0,0.0,0.0,0.0,7052.891769982186,-6978.591769982186,356.74255846138016,West,True
3706,1619473281.7,56.34891345579712,-1.7249737949938106,24.226739877503487,,,-86.67946979999999,36.0595945,,,0.0,0.0,0.0,0.0,7054.51885942956,-6980.218859429559,356.853230842212,West,True
3707,1619473281.8,55.940564492306045,-1.8051052495623616,24.0,,,-86.679458,36.0595833,,,0.0,0.0,0.0,0.0,7056.154732916697,-6981.854732916697,356.8748241936515,West,True
3708,1619473281.9,55.43299411132603,-1.8829833851072302,24.0,,,-86.6794458,36.0595718,,,0.0,0.0,0.0,0.0,7057.839326155991,-6983.539326155991,356.825765642729,West,True
3709,1619473282.0,54.933522301290196,-1.9559142010859425,24.0,,,-86.67943405,36.05956055,,,0.0,0.0,0.0,0.0,7059.476533253815,-6985.176533253815,356.82575444747704,West,True
3710,1619473282.1,54.434050491254354,-2.0213811543756237,24.0,,,-86.6794223,36.05954929999999,,,0.0,0.0,0.0,0.0,7061.113740449661,-6986.813740449661,356.9331061106524,West,True
3711,1619473282.2,53.9967175565871,-2.0771587077826323,23.72472314006304,,,-86.6794103,36.059538200000006,,,0.0,0.0,0.0,0.0,7062.752939422614,-6988.452939422614,356.77125530816556,West,True
3712,1619473282.3,53.495063302056025,-2.1214202450895345,23.225482540921945,,,-86.6793988,36.059527,,,0.0,0.0,0.0,0.0,7064.371457944828,-6990.071457944828,356.8287817696487,West,True
3713,1619473282.4,53.02746027530651,-2.152810750290026,23.0,,,-86.6793873,36.059516,,,0.0,0.0,0.0,0.0,7065.97292757101,-6991.6729275710095,356.7990089823295,West,True
3714,1619473282.5,52.56108126247214,-2.170497281763678,23.0,,,-86.6793757,36.05950479999999,,,0.0,0.0,0.0,0.0,7067.597202293427,-6993.297202293426,356.8545800157504,West,True
3715,1619473282.6,52.102892200137326,-2.174183153266196,23.0,,,-86.679364,36.0594937,,,0.0,0.0,0.0,0.0,7069.218782828406,-6994.918782828406,356.7970527817812,West,True
3716,1619473282.7,51.61529827662395,-2.1640941327925756,23.0,,,-86.6793522,36.0594823,,,0.0,0.0,0.0,0.0,7070.871650530795,-6996.571650530795,356.98322574006147,West,True
3717,1619473282.8,51.18804987767343,-2.14093752695962,22.727279231154466,,,-86.67934,36.0594712,,,0.0,0.0,0.0,0.0,7072.522736260223,-6998.2227362602225,356.85749751467733,West,True
3718,1619473282.9,50.76033728707284,-2.1058366715815424,22.227158800944363,,,-86.6793285,36.0594603,,,0.0,0.0,0.0,0.0,7074.115729868128,-6999.815729868128,356.83126114758096,West,True
3719,1619473283.0,50.38551176050012,-2.0602528815883794,22.0,,,-86.6793172,36.0594495,,,0.0,0.0,0.0,0.0,7075.688610034847,-7001.388610034847,356.8589904570674,West,True
3720,1619473283.1,49.9679827619601,-2.0058906839091404,22.0,,,-86.6793058,36.0594387,,,0.0,0.0,0.0,0.0,7077.267310349025,-7002.967310349025,356.80407019014086,West,True
3721,1619473283.2,49.58420668408601,-1.9446052599557653,22.0,,,-86.6792947,36.059428,,,0.0,0.0,0.0,0.0,7078.820104401335,-7004.520104401335,356.8916240014979,West,True
3722,1619473283.3,49.34954346171011,-1.8783019073378848,22.0,,,-86.6792835,36.0594175,,,0.0,0.0,0.0,0.0,7080.361780154832,-7006.0617801548315,356.86863448496854,West,True
3723,1619473283.4,49.01,-1.8088499350991913,22.0,,,-86.67927270000001,36.0594073,,,0.0,0.0,0.0,0.0,7081.854721863148,-7007.554721863148,356.8084959498385,West,True
3724,1619473283.5,48.70345875146733,-1.7379965793422651,22.0,,,-86.679262,36.059397,,,0.0,0.0,0.0,0.0,7083.3503318650155,-7009.050331865015,356.90125856121165,West,True
3725,1619473283.6,48.42538806950935,-1.667304293706776,22.0,,,-86.67925129999999,36.059387,,,0.0,0.0,0.0,0.0,7084.820553227498,-7010.520553227498,356.80964239354074,West,True
3726,1619473283.7,48.12645334717725,-1.598094145255328,22.0,,,-86.6792407,36.0593768,,,0.0,0.0,0.0,0.0,7086.30186742545,-7012.00186742545,356.8703124203929,West,True
3727,1619473283.8,47.96780501034245,-1.5314175431793742,22.0,,,-86.67923,36.0593667,,,0.0,0.0,0.0,0.0,7087.7805166728995,-7013.480516672899,356.7811368829508,West,True
3728,1619473283.9,47.7036093190296,-1.4680362843847852,22.0,,,-86.6792197,36.0593567,,,0.0,0.0,0.0,0.0,7089.227470902937,-7014.927470902937,356.84382847522573,West,True
3729,1619473284.0,47.51336266794209,-1.408430850850687,22.0,,,-86.6792093,36.0593468,,,0.0,0.0,0.0,0.0,7090.671700154901,-7016.371700154901,356.861426014094,West,True
3730,1619473284.1,47.286495556477576,-1.3528136259920243,22.0,,,-86.679199,36.059337049999996,,,0.0,0.0,0.0,0.0,7092.09740285445,-7017.7974028544495,356.861416317721,West,True
3731,1619473284.2,47.05962844501306,-1.3011652722803466,22.0,,,-86.6791887,36.0593273,,,0.0,0.0,0.0,0.0,7093.523105627898,-7019.223105627898,356.7509041049456,West,True
3732,1619473284.3,46.89240678236373,-1.2532675468397887,22.0,,,-86.6791787,36.0593175,,,0.0,0.0,0.0,0.0,7094.935729175414,-7020.635729175414,356.8852495482879,West,True
3733,1619473284.4,46.73994618786765,-1.2087516230948605,22.0,,,-86.6791688,36.0593082,,,0.0,0.0,0.0,0.0,7096.300040858726,-7022.000040858726,356.71780258088114,West,True
3734,1619473284.5,46.53415127047124,-1.1671327460329135,22.0,,,-86.6791588,36.0592983,,,0.0,0.0,0.0,0.0,7097.721259833025,-7023.421259833025,356.91631812351295,West,True
3735,1619473284.6,46.280445647311446,-1.1278543578845805,22.0,,,-86.67914880000001,36.059289,,,0.0,0.0,0.0,0.0,7099.0914520453025,-7024.791452045302,356.7839496841587,West,True
3736,1619473284.7,46.07027811032324,-1.09031142256497,22.0,,,-86.67913879999999,36.05927929999999,,,0.0,0.0,0.0,0.0,7100.495516028329,-7026.195516028329,356.7880761313155,West,True
3737,1619473284.8,45.95958394283785,-1.0538821442492505,22.27239770348435,,,-86.6791292,36.05927,,,0.0,0.0,0.0,0.0,7101.842392758147,-7027.542392758147,356.7536034442015,West,True
3738,1619473284.9,45.76756644621191,-1.017937394610755,22.636198851742176,,,-86.6791196,36.0592606,,,0.0,0.0,0.0,0.0,7103.197825665989,-7028.897825665988,356.7535940946424,West,True
3739,1619473285.0,45.575548949585965,-0.9818624164265718,23.0,,,-86.67911,36.059251200000006,,,0.0,0.0,0.0,0.0,7104.553258640274,-7030.253258640274,356.9547720407083,West,True
3740,1619473285.1,45.382121821910914,-0.94505931165194,23.0,,,-86.6791002,36.0592422,,,0.0,0.0,0.0,0.0,7105.886506282608,-7031.586506282608,356.78912737826624,West,True
3741,1619473285.2,45.18857789897367,-0.9069670790433839,23.0,,,-86.6790907,36.059233,,,0.0,0.0,0.0,0.0,7107.219086530199,-7032.919086530199,356.78911822903586,West,True
3742,1619473285.3,44.98515999332975,-0.8670662426278938,23.0,,,-86.6790812,36.0592238,,,0.0,0.0,0.0,0.0,7108.55166684259,-7034.25166684259,356.8587697108422,West,True
3743,1619473285.4,44.78525836447214,-0.8249030830460724,23.0,,,-86.67907170000001,36.0592148,,,0.0,0.0,0.0,0.0,7109.867252020487,-7035.567252020487,356.7565445928421,West,True
3744,1619473285.5,44.63476569777389,-0.7800995619072179,23.0,,,-86.6790625,36.0592058,,,0.0,0.0,0.0,0.0,7111.165494500445,-7036.865494500445,356.86249775064306,West,True
3745,1619473285.6,44.43844542052088,-0.7323794917244566,23.0,,,-86.6790532,36.059197,,,0.0,0.0,0.0,0.0,7112.452493128465,-7038.152493128465,356.8253937737295,West,True
3746,1619473285.7,44.28394845726446,-0.6815785070660456,23.0,,,-86.6790438,36.059188,,,0.0,0.0,0.0,0.0,7113.762261395073,-7039.462261395073,356.79366618451473,West,True
3747,1619473285.8,44.08628684912229,-0.6276633872081286,23.272388750640637,,,-86.6790347,36.0591792,,,0.0,0.0,0.0,0.0,7115.037655422051,-7040.737655422051,356.82537614698856,West,True
3748,1619473285.9,43.95687536884037,-0.5707331293621478,23.77346453842671,,,-86.6790253,36.0591702,,,0.0,0.0,0.0,0.0,7116.347423812573,-7042.047423812573,356.68458087558685,West,True
3749,1619473286.0,43.83756207437448,-0.5110233340795859,24.0,,,-86.6790163,36.059161200000005,,,0.0,0.0,0.0,0.0,7117.634288861368,-7043.334288861368,356.7912937341973,West,True
3750,1619473286.1,43.74555706251126,-0.4488932988416816,24.0,,,-86.679007,36.05915220000001,,,0.0,0.0,0.0,0.0,7118.938276288903,-7044.6382762889025,356.61105612781404,West,True
3751,1619473286.2,43.669141986558834,-0.3848147150021824,24.0,,,-86.67899799999999,36.059143,,,0.0,0.0,0.0,0.0,7120.242510950788,-7045.942510950787,356.86437095600377,West,True
3752,1619473286.3,43.67771696623644,-0.3193474440724854,24.0,,,-86.67898879999998,36.0591343,,,0.0,0.0,0.0,0.0,7121.5152168429095,-7047.215216842909,356.7597335809191,West,True
3753,1619473286.4,43.58144687080639,-0.2531196702525004,24.272420802436866,,,-86.67898000000001,36.0591257,,,0.0,0.0,0.0,0.0,7122.756269315239,-7048.456269315238,356.7948169003529,West,True
3754,1619473286.5,43.605719977127215,-0.18679996217919984,24.77188077169024,,,-86.67897099999999,36.059117,,,0.0,0.0,0.0,0.0,7124.017367210261,-7049.717367210261,356.72212023995195,West,True
3755,1619473286.6,43.62365697196397,-0.12107834221492007,25.0,,,-86.6789622,36.0591083,,,0.0,0.0,0.0,0.0,7125.267007869834,-7050.967007869834,356.8332182117523,West,True
3756,1619473286.7,43.611134194375744,-0.05664071065315824,25.0,,,-86.67895329999999,36.0590998,,,0.0,0.0,0.0,0.0,7126.505301460145,-7052.205301460145,356.7596990613301,West,True
3757,1619473286.8,43.635089049699104,0.005843888023027963,25.0,,,-86.6789445,36.059091200000005,,,0.0,0.0,0.0,0.0,7127.7463541543475,-7053.446354154347,356.79728962188955,West,True
3758,1619473286.9,43.67415086110905,0.06574596834849045,25.0,,,-86.67893570000001,36.059082700000005,,,0.0,0.0,0.1394794305874304,0.0,7128.97885930809,-7054.67885930809,356.7605463654842,West,True
3759,1619473287.0,43.75746044041164,0.1224828645318591,25.0,,,-86.678927,36.059074200000005,,,0.0,0.0,0.3480124653464165,0.0,7130.205614524319,-7055.9056145243185,356.7220769645925,West,True
3760,1619473287.1,43.833692332077725,0.17554172762986042,25.0,,,-86.6789182,36.0590655,,,0.0,0.0,0.5565455001054026,0.0,7131.455255457056,-7057.155255457056,356.8331763789878,West,True
3761,1619473287.2,43.955341263369945,0.22448422072579488,25.27104675013812,,,-86.6789093,36.059057,,,0.0,0.0,0.7650790320463613,0.0,7132.693549327677,-7058.393549327677,356.6460006339575,West,True
3762,1619473287.3,44.01162110935613,0.26897097819156957,25.771529417660737,,,-86.6789007,36.05904829999999,,,0.0,0.0,0.9736120668053474,0.0,7133.931888078767,-7059.631888078767,356.9075272802401,West,True
3763,1619473287.4,44.15234954296161,0.3087635636299648,26.0,,,-86.67889179999999,36.05904,,,0.0,0.0,1.0,0.0,7135.1532921482485,-7060.853292148248,356.6844485345244,West,True
3764,1619473287.5,44.30312215857646,0.34374566484930025,26.0,,,-86.6788833,36.0590315,,,0.0,0.0,1.0,0.0,7136.368665487567,-7062.068665487567,356.7998543297455,West,True
3765,1619473287.6,44.37512588136113,0.37391755778564073,26.0,,,-86.6788747,36.0590232,,,0.0,0.0,1.0,0.0,7137.572578244395,-7063.272578244395,356.8331350396417,West,True
3766,1619473287.7,44.518944895945886,0.3994050892773606,26.0,,,-86.6788658,36.059014700000006,,,0.0,0.0,1.0,0.0,7138.810872392262,-7064.510872392262,356.6459568474726,West,True
3767,1619473287.8,44.603368514118365,0.42044104175138697,26.0,,,-86.67885720000001,36.059006,,,0.0,0.0,1.0,0.0,7140.04921140198,-7065.74921140198,356.8331184046563,West,True
3768,1619473287.9,44.74353092921539,0.4373548014749684,26.0,,,-86.6788483,36.0589975,,,0.0,0.0,1.0,0.0,7141.287505664254,-7066.987505664254,356.8724058159972,West,True
3769,1619473288.0,44.8212144093269,0.4505399802328695,26.0,,,-86.6788395,36.058989200000006,,,0.0,0.0,1.0,0.0,7142.503041083466,-7068.203041083466,356.76045282731786,West,True
3770,1619473288.1,44.95,0.46042527492575136,26.0,,,-86.6788308,36.058980700000006,,,0.0,0.0,1.0,0.0,7143.729796891267,-7069.429796891267,356.79718032678664,West,True
3771,1619473288.2,45.0463012713754,0.46743588038793293,26.2732145216407,,,-86.678822,36.0589722,,,0.0,0.0,1.0,0.0,7144.962302759374,-7070.662302759374,356.68437889529775,West,True
3772,1619473288.3,45.16,0.47195500538005075,26.772445018942975,,,-86.67881329999999,36.0589635,,,0.0,0.0,1.0,0.0,7146.2062735438285,-7071.906273543828,356.8723729487418,West,True
3773,1619473288.4,45.259727512343616,0.47429303332879247,27.0,,,-86.6788045,36.0589552,,,0.0,0.0,1.0,0.0,7147.421809185237,-7073.121809185237,356.79845176681863,West,True
3774,1619473288.5,45.36,0.4746543319099953,27.0,,,-86.6787958,36.0589468,,,0.0,0.0,1.0,0.0,7148.640018794738,-7074.340018794738,356.6843529242207,West,True
3775,1619473288.6,45.52198738457893,0.4731288539066022,27.0,,,-86.6787872,36.05893820000001,,,0.0,0.0,1.0,0.0,7149.86969121982,-7075.56969121982,356.7211037511518,West,True
3776,1619473288.7,45.60846656678532,0.4696773859721965,27.0,,,-86.6787782,36.0589293,,,0.0,0.0,1.0,0.0,7151.147929615926,-7076.847929615926,356.72236282852646,West,True
3777,1619473288.8,45.68,0.4641543118376491,27.0,,,-86.6787695,36.05892070000001,,,0.0,0.0,1.0,0.0,7152.38327317771,-7078.08327317771,356.7219220122927,West,True
3778,1619473288.9,45.83486025816635,0.4563165924608751,27.0,,,-86.67876070000001,36.058912,,,0.0,0.0,1.0,0.0,7153.6329150870415,-7079.332915087041,356.684317601205,West,True
3779,1619473289.0,45.93,0.4458756251475141,27.0,,,-86.67875169999999,36.058903,,,0.0,0.0,1.0,0.0,7154.91978180612,-7080.61978180612,356.8330181182249,West,True
3780,1619473289.1,46.07,0.432524012648077,27.0,,,-86.6787428,36.0588945,,,0.0,0.0,1.0,0.0,7156.158076744129,-7081.858076744129,356.7578230462035,West,True
3781,1619473289.2,46.17685608683532,0.41600290380359645,27.0,,,-86.6787338,36.058885700000005,,,0.0,0.0,1.0,0.0,7157.427726021606,-7083.127726021606,356.7206471343937,West,True
3782,1619473289.3,46.25926523925416,0.3961307748285382,27.0,,,-86.6787247,36.058876700000006,,,0.0,0.0,1.0,0.0,7158.720263068326,-7084.420263068326,356.79457128590025,West,True
3783,1619473289.4,46.39059011724498,0.37286553313730525,27.271860209142503,,,-86.6787157,36.058868,,,0.0,0.0,1.0,0.0,7159.98136260542,-7085.68136260542,356.75779667297377,West,True
3784,1619473289.5,46.432422450335466,0.34631620874235375,27.77203491193906,,,-86.6787067,36.0588592,,,0.0,0.0,1.0,0.0,7161.251012056501,-7086.951012056501,356.68426387224235,West,True
3785,1619473289.6,46.53058385033884,0.3167807600144643,28.0,,,-86.6786977,36.0588502,,,0.0,0.0,1.0,0.0,7162.537879116047,-7088.237879116047,356.79454531354594,West,True
3786,1619473289.7,46.68239211971232,0.28472755784827564,28.0,,,-86.6786887,36.0588415,,,0.0,0.0,1.0,0.0,7163.798978827316,-7089.498978827316,356.7561717368851,West,True
3787,1619473289.8,46.75674197653046,0.25080073019136356,28.0,,,-86.6786795,36.0588325,,,0.0,0.0,1.0,0.0,7165.097223805601,-7090.797223805601,356.8280991970697,West,True
3788,1619473289.9,46.78607258635466,0.21577145385765586,28.0,,,-86.6786703,36.058823700000005,,,0.0,0.0,1.0,0.0,7166.3784042106445,-7092.078404210644,356.8265432090344,West,True
3789,1619473290.0,46.73405719367479,0.18051778060047213,28.0,,,-86.678661,36.0588148,,,0.0,0.0,1.0,0.0,7167.673879832339,-7093.373879832338,356.86022662232074,West,True
3790,1619473290.1,46.717981340250546,0.14595896372445674,28.0,,,-86.6786516,36.058805899999996,,,0.0,0.0,1.0,0.0,7168.975174469422,-7094.675174469422,356.86021776589956,West,True
3791,1619473290.2,46.7019054868263,0.1130276192536375,28.0,,,-86.6786422,36.058797,,,0.0,0.0,1.0,0.0,7170.276469167131,-7095.976469167131,356.8280636900764,West,True
3792,1619473290.3,46.66060621534871,0.08260576059476502,28.0,,,-86.67863299999999,36.0587882,,,0.0,0.0,1.0,0.0,7171.557649813002,-7097.257649813002,356.788677111286,West,True
3793,1619473290.4,46.61,0.055507600898341586,28.27301499570581,,,-86.6786235,36.058779,,,0.0,0.1280921045248462,1.0,0.0,7172.890233217941,-7098.590233217941,356.86208429717243,West,True
3794,1619473290.5,46.57,0.0324307016285551,28.77262965049725,,,-86.6786142,36.058770200000005,,,0.0,0.2751853789783184,1.0,0.0,7174.177234790629,-7099.877234790629,356.7545685331095,West,True
3795,1619473290.6,46.56420393263088,0.0139583089651886,29.0,,,-86.6786048,36.058761,,,0.0,0.4222786534317906,1.0,0.0,7175.504075683816,-7101.204075683816,356.92800036585317,West,True
3796,1619473290.7,46.47606882398212,0.0005274125303922871,29.0,,,-86.6785953,36.05875220000001,,,0.0,0.5693722785832922,1.0,0.0,7176.802827387124,-7102.502827387124,356.7189795201527,West,True
3797,1619473290.8,46.36998610609387,-0.0075526802365434385,29.0,,,-86.67858580000001,36.0587428,,,0.0,0.7164655530367644,1.0,0.0,7178.152558635185,-7103.852558635185,356.72050149397955,West,True
3798,1619473290.9,46.41728505605612,-0.010123141533211163,29.0,,,-86.6785767,36.0587338,,,0.0,0.8635591781882659,1.0,0.0,7179.445096622836,-7105.145096622836,356.88882277623924,West,True
3799,1619473291.0,46.44502037611695,-0.0071509220534492456,29.0,,,-86.678567,36.058724700000006,,,0.0,1.0,1.0,0.015089786090173,7180.780829353221,-7106.4808293532205,356.8582848547938,West,True
3800,1619473291.1,46.43478780410389,0.0012483256292713648,29.0,,,-86.6785575,36.0587157,,,0.0,1.0,1.0,0.2234555138202569,7182.0964180483825,-7107.796418048382,356.85468416203094,West,True
3801,1619473291.2,46.33853173922852,0.014832777500212974,29.0,,,-86.6785478,36.0587065,,,0.0,1.0,1.0,0.4318217383334219,7183.440593992981,-7109.140593992981,356.7885950052718,West,True
3802,1619473291.3,46.32077331424375,0.0332082019849282,29.0,,,-86.67853829999999,36.0586973,,,0.0,1.0,1.0,0.6401874660635057,7184.773177967739,-7110.473177967739,356.79083337301444,West,True
3803,1619473291.4,46.3154240067109,0.05584722234822428,29.271896716311897,,,-86.678529,36.0586883,,,0.0,1.0,1.0,0.8485536905766707,7186.077168554033,-7111.777168554033,356.82341178045704,West,True
3804,1619473291.5,46.263237789810304,0.08206459657930414,29.77176145024294,,,-86.6785195,36.0586792,,,0.0,0.6580668073283336,1.0,1.0,7187.4012356570565,-7113.101235657056,356.7885677265668,West,True
3805,1619473291.6,46.30473714318403,0.11103848926241938,30.0,,,-86.67851,36.05867,,,0.0,0.295710537464973,1.0,1.0,7188.733819820033,-7114.433819820033,356.85823110951776,West,True
3806,1619473291.7,46.29449544657504,0.1417962091205831,30.0,,,-86.6785005,36.058661,,,0.0,0.9192189625313106,1.0,1.0,7190.049408899918,-7115.749408899917,356.85822214742615,West,True
3807,1619473291.8,46.346757475325056,0.17324422238781506,30.0,,,-86.67849100000001,36.058652,,,0.0,1.0,1.0,1.0,7191.364998042372,-7117.064998042371,356.71962605277935,West,True
3808,1619473291.9,46.43441199495914,0.20417162393810578,30.0,,,-86.6784817,36.0586428,,,0.0,1.0,1.0,1.0,7192.686133293911,-7118.3861332939105,356.8582044288892,West,True
3809,1619473292.0,46.58,0.23329246051691824,30.0,,,-86.6784722,36.0586338,,,0.0,1.0,1.0,1.0,7194.0017225654,-7119.7017225654,356.8248401302771,West,True
3810,1619473292.1,46.589631780641504,0.25926892834335713,30.0,,,-86.6784628,36.0586248,,,0.0,1.0,1.0,1.0,7195.311494734153,-7121.011494734153,356.79310704153244,West,True
3811,1619473292.2,46.70831184626611,0.28076460779978546,30.0,,,-86.6784537,36.058616,,,0.0,1.0,1.0,1.0,7196.5868925161585,-7122.286892516158,356.82482251041847,West,True
3812,1619473292.3,46.8175996657692,0.29648343132249333,30.0,,,-86.6784443,36.058607,,,0.0,1.0,1.0,1.0,7197.89666480844,-7123.5966648084395,356.79074284708014,West,True
3813,1619473292.4,46.90413672169075,0.30522751286670313,30.27288438397513,,,-86.678435,36.058598,,,0.0,1.0,1.0,1.0,7199.200656010576,-7124.900656010575,356.85816038525144,West,True
3814,1619473292.5,46.97493197001423,0.30594227598670853,30.77210537403784,,,-86.6784255,36.058589000000005,,,0.0,1.0,1.0,1.0,7200.516245596821,-7126.216245596821,356.68398388230236,West,True
3815,1619473292.6,47.08336396973924,0.2977675242121871,31.0,,,-86.6784163,36.0585798,,,0.0,1.0,1.0,1.0,7201.831711488967,-7127.531711488967,356.86188915296987,West,True
3816,1619473292.7,47.22292486424345,0.28007362100914346,31.0,,,-86.67840699999999,36.058571,,,0.0,1.0,1.0,1.0,7203.11871443629,-7128.81871443629,356.75589750439036,West,True
3817,1619473292.8,47.37715508915305,0.2524898444209286,31.0,,,-86.6783978,36.058562,,,0.0,0.8331765394928299,0.8331765394928299,1.0,7204.416961225489,-7130.116961225489,356.6475990382674,West,True
3818,1619473292.9,47.43,0.21491348889634848,31.0,,,-86.6783887,36.0585528,,,0.0,0.6412576757295947,0.6412576757295947,1.0,7205.726794657314,-7131.426794657314,356.82476057372133,West,True
3819,1619473293.0,47.52051187203661,0.16749976971272112,31.0,,,-86.67837929999999,36.0585438,,,0.0,0.4493392695359329,0.4493392695359329,1.0,7207.036567387407,-7132.7365673874065,356.6839381040271,West,True
3820,1619473293.1,47.68669772710663,0.11063111796892965,31.0,,,-86.6783703,36.0585348,,,0.0,0.2574208633422712,0.2574208633422712,1.0,7208.323436485328,-7134.023436485328,356.92778412635937,West,True
3821,1619473293.2,47.72672038343615,0.04486428770529493,31.0,,,-86.67836080000001,36.058526,,,0.0,0.065501999579036,0.065501999579036,1.0,7209.6221898024705,-7135.32218980247,356.7906624292145,West,True
3822,1619473293.3,47.82438400734942,-0.02913465360341226,31.0,,,-86.6783515,36.058517,,,0.0,0.837922103130554,0.0,1.0,7210.926181556286,-7136.626181556286,356.8580816586441,West,True
3823,1619473293.4,47.70518619919239,-0.11066727733899596,31.271060415834427,,,-86.678342,36.058508,,,0.0,0.4558515240992337,0.0,1.0,7212.241771713949,-7137.941771713949,356.8544807297954,West,True
3824,1619473293.5,47.54560867962597,-0.1990710315622892,31.769726454754704,,,-86.6783323,36.0584988,,,0.0,0.0,0.0,1.0,7213.585949152291,-7139.28594915229,356.85624884691987,West,True
3825,1619473293.6,47.53233421699892,-0.29377857281374115,32.0,,,-86.67832270000001,36.0584897,,,0.0,0.0,0.0,1.0,7214.915832993109,-7140.615832993109,356.8928962144972,West,True
3826,1619473293.7,47.39382270003525,-0.3943426673586234,32.0,,,-86.6783132,36.0584808,,,0.0,0.0,0.0,1.0,7216.222984801951,-7141.92298480195,356.8580455400112,West,True
3827,1619473293.8,47.29859555737538,-0.5004334802337477,32.0,,,-86.6783037,36.0584718,,,0.0,0.0,0.0,1.0,7217.538575214617,-7143.2385752146165,356.75579695199343,West,True
3828,1619473293.9,47.117715398525526,-0.6117867406348851,32.0,,,-86.67829449999999,36.0584628,,,0.0,0.0,0.0,1.0,7218.836822668741,-7144.536822668741,356.88855924888225,West,True
3829,1619473294.0,47.055195678567365,-0.7281243676802046,32.0,,,-86.6782848,36.0584537,,,0.0,0.0,0.0,1.0,7220.172557359941,-7145.87255735994,356.71867382060634,West,True
3830,1619473294.1,46.77632130341449,-0.8490361962497989,32.0,,,-86.6782753,36.0584443,,,0.0,0.0,0.0,1.0,7221.522290657733,-7147.222290657733,356.9202293707166,West,True
3831,1619473294.2,46.670522470541954,-0.9738607864830675,32.27164167720392,,,-86.67826550000001,36.0584352,,,0.0,0.0,0.0,1.0,7222.863910794986,-7148.5639107949855,356.752051026187,West,True
3832,1619473294.3,46.51849026684696,-1.101561679046735,32.77150641113496,,,-86.6782558,36.0584257,,,0.0,0.0,0.0,1.0,7224.233647332884,-7149.933647332884,356.7527524131457,West,True
3833,1619473294.4,46.37686165524437,-1.23064544414781,33.0,,,-86.6782462,36.0584163,,,0.0,0.0,0.0,1.0,7225.589086136185,-7151.289086136185,356.68380518091686,West,True
3834,1619473294.5,46.17917128555951,-1.3591144239158903,33.0,,,-86.67823670000001,36.0584068,,,0.0,0.0,0.0,1.0,7226.947448832545,-7152.647448832545,356.85797340951694,West,True
3835,1619473294.6,45.62642838659016,-1.4844949228230966,33.0,,,-86.6782272,36.0583978,,,0.0,0.0,0.0,1.0,7228.263039767317,-7153.963039767317,356.75201369268643,West,True
3836,1619473294.7,45.27628759647481,-1.6039173631551042,33.0,,,-86.6782175,36.0583883,,,0.0,0.0,0.0,1.0,7229.63277656882,-7155.33277656882,356.8202412876641,West,True
3837,1619473294.8,44.76727835802769,-1.7142729428185004,33.0,,,-86.6782078,36.058379,,,0.0,0.0,0.0,1.0,7230.985436642538,-7156.685436642538,356.77177567494425,West,True
3838,1619473294.9,44.23241146644132,-1.812401889523227,33.13478318026185,,,-86.6781984,36.058369850000005,,,0.0,0.0,0.0,1.0,7232.307998397545,-7158.007998397545,356.7717665736454,West,True
3839,1619473295.0,43.69754457485495,-1.8953222387106616,33.26956636052369,,,-86.678189,36.0583607,,,0.0,0.0,0.0,1.0,7233.630560215932,-7159.330560215932,356.7904969708578,West,True
3840,1619473295.1,43.17266679069108,-1.960440419082306,33.77082419585183,,,-86.6781797,36.0583517,,,0.0,0.0,0.0,1.0,7234.934553095581,-7160.6345530955805,356.6118128587332,West,True
3841,1619473295.2,42.6148222889463,-2.0057488723466417,34.0,,,-86.6781705,36.05834229999999,,,0.0,0.0,0.0,1.0,7236.267388374297,-7161.967388374297,356.88844346730616,West,True
3842,1619473295.3,42.02963940997556,-2.029954369514231,34.0,,,-86.6781608,36.05833320000001,,,0.0,0.0,0.0,1.0,7237.603123935907,-7163.303123935907,356.64736064967957,West,True
3843,1619473295.4,41.47123326694952,-2.0325534640227496,34.0,,,-86.6781517,36.058324,,,0.0,0.0,0.0,1.0,7238.9129588537135,-7164.612958853713,356.8275967342396,West,True
3844,1619473295.5,41.07232611319317,-2.0138158992742623,34.0,,,-86.6781425,36.0583152,,,0.0,0.0,0.0,0.9153160592721998,7240.194142707518,-7165.894142707518,356.79161273119735,West,True
3845,1619473295.6,40.66895971008314,-1.9747108764711498,34.27083475090695,,,-86.6781333,36.0583063,,,0.0,0.0,0.0,0.6027149779912979,7241.483839205435,-7167.183839205435,356.7533588950898,West,True
3846,1619473295.7,40.34132926557698,-1.9167591329580222,34.77152891432364,,,-86.6781238,36.058297,,,0.0,0.0,0.0,0.2901131514106289,7242.824981047843,-7168.524981047843,356.86161366774644,West,True
3847,1619473295.8,40.02275900119245,-1.841858421139492,35.0,,,-86.6781145,36.05828820000001,,,0.0,0.0,0.0449273743848599,0.0,7244.1119859458695,-7169.811985945869,356.7597479449287,West,True
3848,1619473295.9,39.693168033772416,-1.7520818072827347,35.0,,,-86.6781058,36.0582797,,,0.0,0.0,0.6694570388403726,0.0,7245.338746196383,-7171.038746196383,356.2049861914863,West,True
3849,1619473296.0,39.44736322294451,-1.6494934697767158,35.27139906058567,,,-86.67809820000001,36.058271000000005,,,0.0,0.0,1.0,0.0,7246.523055793209,-7172.223055793209,356.97787132122676,West,True
3850,1619473296.1,39.13648600336683,-1.5359881105056525,35.77078885799842,,,-86.6780892,36.0582628,,,0.0,0.0,1.0,0.0,7247.7420322814705,-7173.44203228147,356.98116995565823,West,True
3851,1619473296.2,38.85682144682683,-1.4131789359704554,36.0,,,-86.67808029999999,36.0582547,,,0.0,0.0,1.0,0.0,7248.946725494482,-7174.646725494482,356.5682259069633,West,True
3852,1619473296.3,38.64960174721912,-1.2823414565247053,36.0,,,-86.6780717,36.0582458,,,0.0,0.0,1.0,0.0,7250.2025190376435,-7175.902519037643,356.8783151435964,West,True
3853,1619473296.4,38.51824063112962,-1.1444077975835545,36.27116707946645,,,-86.6780632,36.05823779999999,,,0.0,0.0,1.0,0.0,7251.3751820611305,-7177.07518206113,356.83936465253373,West,True
3854,1619473296.5,38.34507662889923,-1.0000226824784277,36.77181462803259,,,-86.6780547,36.058229700000005,,,0.0,0.0,1.0,0.0,7252.556302386071,-7178.256302386071,356.8046908883305,West,True
3855,1619473296.6,38.20452845782292,-0.849623309496081,37.0,,,-86.6780465,36.0582218,,,0.0,0.0,1.0,0.0,7253.703035039249,-7179.403035039249,356.8450478496882,West,True
3856,1619473296.7,38.03672635930519,-0.6935674256945566,37.0,,,-86.6780383,36.058214,,,0.0,0.0,1.0,0.0,7254.841272234819,-7180.541272234819,356.59876126805733,West,True
3857,1619473296.8,37.96021774157253,-0.5322426999404414,37.27058751780275,,,-86.6780305,36.058206,,,0.0,0.0,1.0,0.0,7255.973941396898,-7181.673941396898,356.76632406181864,West,True
3858,1619473296.9,37.7963920716807,-0.3662054544798935,37.77215105106506,,,-86.6780225,36.0581982,,,0.0,0.0,1.0,0.0,7257.100619254885,-7182.800619254885,356.60288289322176,West,True
3859,1619473297.0,37.69339030553641,-0.1962577219896387,38.0,,,-86.67801429999999,36.0581898,,,0.0,0.1070650403110164,1.0,0.0,7258.2904786394765,-7183.990478639476,356.59873678070426,West,True
3860,1619473297.1,37.6257876509284,-0.023542125102342257,38.0,,,-86.6780065,36.0581818,,,0.0,0.3344559300375759,1.0,0.0,7259.423147935034,-7185.123147935034,356.5512254776601,West,True
3861,1619473297.2,37.68493975027717,0.15045624822641698,38.27104504976428,,,-86.677999,36.058174,,,0.0,0.5618473619067808,1.0,0.0,7260.521682704309,-7186.2216827043085,356.72598627237727,West,True
3862,1619473297.3,37.768083879962944,0.32388717055599586,38.77039025667889,,,-86.67799120000001,36.0581663,,,0.0,0.7892382516333403,1.0,0.0,7261.628346167066,-7187.328346167066,356.6835534520478,West,True
3863,1619473297.4,37.92828241265934,0.4946192969674297,39.0,,,-86.67798370000001,36.0581588,,,0.0,1.0,1.0,0.0,7262.700739111165,-7188.4007391111645,356.76950259270353,West,True
3864,1619473297.5,38.15020512250887,0.6602849379780553,39.0,,,-86.677976,36.0581513,,,0.0,1.0,1.0,0.0,7263.784524958301,-7189.4845249583,356.6835383281986,West,True
3865,1619473297.6,38.39436045049325,0.8184279528098464,39.27120585087406,,,-86.6779685,36.0581438,,,0.0,1.0,1.0,0.0,7264.856917982577,-7190.556917982577,356.76838564875004,West,True
3866,1619473297.7,38.73550860438729,0.9665834219862215,39.76999405398977,,,-86.67796070000001,36.0581362,,,0.0,1.0,1.0,0.0,7265.955001313078,-7191.655001313078,356.89300123609644,West,True
3867,1619473297.8,39.00119601083931,1.102445830410871,40.269902854652166,,,-86.6779528,36.05812879999999,,,0.0,1.0,1.0,0.0,7267.041914706258,-7192.741914706257,356.77176524159205,West,True
3868,1619473297.9,39.4723298990296,1.223939051022665,40.77077280407927,,,-86.6779453,36.058121500000006,,,0.0,1.0,1.0,0.0,7268.097106012579,-7193.797106012579,356.8158888346402,West,True
3869,1619473298.0,39.78894205354118,1.3293589785332287,41.0,,,-86.67793780000001,36.0581143,,,0.0,1.0,1.0,0.0,7269.143767623765,-7194.8437676237645,356.7505812220314,West,True
3870,1619473298.1,40.196483908331786,1.4173974732025414,41.0,,,-86.67793040000001,36.058107050000004,,,0.0,1.0,1.0,0.0,7270.188944023693,-7195.888944023693,356.7505740159474,West,True
3871,1619473298.2,40.6040257631224,1.4872304663607134,41.0,,,-86.67792299999999,36.0580998,,,0.0,1.0,1.0,0.0,7271.234120464049,-7196.934120464049,356.9805434115867,West,True
3872,1619473298.3,40.91601909877649,1.5384827652527724,41.0,,,-86.6779152,36.0580927,,,0.0,1.0,1.0,0.0,7272.290013382493,-7197.990013382493,356.5889412083609,West,True
3873,1619473298.4,41.32299825965213,1.571258580180249,41.27015845552926,,,-86.6779082,36.0580855,,,0.0,1.0,1.0,0.0,7273.308304282802,-7199.008304282802,356.6834708828708,West,True
3874,1619473298.5,41.67160030544344,1.5860590867452713,41.76994039746147,,,-86.6779007,36.058078,,,0.0,1.0,1.0,0.0,7274.380697662289,-7200.080697662289,356.58892637805434,West,True
3875,1619473298.6,42.05325262147183,1.583772945179714,42.0,,,-86.6778937,36.0580708,,,0.0,1.0,1.0,0.0,7275.398988634613,-7201.098988634612,356.7264339536445,West,True
3876,1619473298.7,42.33985091384292,1.5655723705910676,42.0,,,-86.677886,36.05806320000001,,,0.0,1.0,1.0,0.0,7276.491354389474,-7202.191354389473,356.72757270786985,West,True
3877,1619473298.8,42.71922323263605,1.5328874430921728,42.0,,,-86.6778785,36.0580558,,,0.0,1.0,1.0,0.0,7277.555123628373,-7203.2551236283725,356.7682983899752,West,True
3878,1619473298.9,43.04960377375673,1.4873052513452798,42.0,,,-86.6778707,36.0580482,,,0.0,1.0,1.0,0.0,7278.653207459744,-7204.353207459744,356.60071095926696,West,True
3879,1619473299.0,43.327620811870894,1.4305453704963433,35.2804341484035,,,-86.67786269999999,36.058040000000005,,,0.0,1.0,1.0,0.0,7279.814472574538,-7205.514472574538,356.6415387354333,West,True
3880,1619473299.1,43.56860247368076,1.3643766809041304,22.794499913670435,,,-86.67785479999999,36.058032,,,0.0,1.0,1.0,0.0,7280.952729223821,-7206.652729223821,356.80752683743015,West,True
3881,1619473299.2,43.85957330714247,1.2906013852446974,17.0,,,-86.6778468,36.05802429999999,,,0.0,1.0,1.0,0.0,7282.070870806168,-7207.770870806168,356.80598668230505,West,True
3882,1619473299.3,44.09838048929898,1.2109946827695386,17.0,,,-86.6778387,36.0580165,,,0.0,1.0,1.0,0.0,7283.203308532747,-7208.903308532746,357.0380801414185,West,True
3883,1619473299.4,44.25477255182273,1.1272985596680494,17.0,,,-86.6778303,36.058009000000006,,,0.0,1.0,1.0,0.0,7284.328325096897,-7210.028325096897,356.89026044598285,West,True
3884,1619473299.5,44.38734680651021,1.0411846904681479,17.0,,,-86.6778223,36.0580015,,,0.0,1.0,1.0,0.0,7285.4295305232845,-7211.129530523284,356.9949347074458,West,True
3885,1619473299.6,44.51449452602508,0.9542571381228393,17.0,,,-86.6778138,36.0579938,,,0.0,1.0,1.0,0.0,7286.577095894178,-7212.277095894177,356.79882708684414,West,True
3886,1619473299.7,44.68023483203179,0.8680358535050581,17.0,,,-86.67780520000001,36.0579855,,,0.0,1.0,1.0,0.0,7287.781015195691,-7213.481015195691,356.76123768408166,West,True
3887,1619473299.8,44.7965717435732,0.7839648537954915,17.0,,,-86.6777967,36.0579772,,,0.0,1.0,1.0,0.0,7288.979182092812,-7214.679182092812,356.9496890086085,West,True
3888,1619473299.9,44.97019961763888,0.7034086120876313,17.0,,,-86.677788,36.0579692,,,0.0,1.0,1.0,0.0,7290.163639761048,-7215.863639761048,356.9496810535722,West,True
3889,1619473300.0,45.13470211620726,0.627657275267697,17.0,,,-86.6777793,36.0579612,,,0.0,1.0,1.0,0.0,7291.3480974826225,-7217.048097482622,356.8337845296211,West,True
3890,1619473300.1,45.33644463898298,0.5579224128478641,17.0,,,-86.6777705,36.0579528,,,0.0,1.0,1.0,0.0,7292.5721037079775,-7218.272103707977,356.7961610843549,West,True
3891,1619473300.2,45.43763158854642,0.4953275776104517,17.0,,,-86.6777617,36.0579443,,,0.0,1.0,1.0,0.0,7293.804616206538,-7219.504616206538,356.8304239338014,West,True
3892,1619473300.3,45.28078249725375,0.44088956967657045,17.0,,,-86.6777527,36.0579357,,,0.0,1.0,1.0,0.0,7295.057212426854,-7220.757212426854,356.86719716805345,West,True
3893,1619473300.4,45.298880343703935,0.3954874212116034,17.0,,,-86.67774370000001,36.05792720000001,,,0.0,1.0,1.0,0.0599272680999636,7296.3013404172725,-7222.001340417272,356.8631903590959,West,True
3894,1619473300.5,45.30438850465284,0.3598249512178182,17.0,,,-86.6777345,36.0579185,,,0.0,1.0,1.0,0.893878630381574,7297.5740546126935,-7223.274054612693,356.8713601855624,West,True
3895,1619473300.6,45.23818840914766,0.3343849345353308,17.0,,,-86.6777257,36.0579102,,,0.0,0.8441340289720792,1.0,1.0,7298.789597091266,-7224.489597091266,356.93514528079965,West,True
3896,1619473300.7,45.22271642883279,0.31938473746926355,17.0,,,-86.6777165,36.0579017,,,0.0,0.6655415690704469,1.0,1.0,7300.045490590158,-7225.745490590158,356.8671631405059,West,True
3897,1619473300.8,45.16913741542372,0.3147373962610223,17.0,,,-86.6777075,36.0578932,,,0.0,0.4869495349658106,1.0,1.0,7301.289618809311,-7226.989618809311,356.825626187517,West,True
3898,1619473300.9,45.21655101633549,0.32002407545065026,17.0,,,-86.67769820000001,36.0578843,,,0.0,0.3083570750641783,1.0,1.0,7302.585100810144,-7228.285100810143,356.9407184411584,West,True
3899,1619473301.0,45.194954855758645,0.3344888526969856,17.0,,,-86.6776892,36.057876,,,0.0,0.1297650409595421,1.0,1.0,7303.812419524109,-7229.512419524109,356.82715643683105,West,True
3900,1619473301.1,45.21804981324833,0.3570500092073649,17.0,,,-86.67768000000001,36.0578672,,,0.0,0.0,0.9689523615098306,1.0,7305.093606417655,-7230.793606417655,356.791167466059,West,True
3901,1619473301.2,45.27659230340212,0.38634453725930074,17.0,,,-86.6776708,36.0578583,,,0.0,0.0,0.8553907068812355,1.0,7306.383305934044,-7232.083305934044,356.86509899448214,West,True
3902,1619473301.3,45.36114254163983,0.42078387468346784,17.0,,,-86.6776617,36.057849700000006,,,0.0,0.0,0.7418293230043367,1.0,7307.641727457665,-7233.341727457665,356.791149841211,West,True
3903,1619473301.4,45.51696254287675,0.45864195835773924,17.2707990039369,,,-86.67765250000001,36.0578408,,,0.0,0.0,0.6282676683757416,1.0,7308.931427091774,-7234.631427091774,356.86116979240234,West,True
3904,1619473301.5,45.63441215286288,0.49813898686537295,17.769818050728784,,,-86.6776432,36.057832,,,0.0,0.0,0.5147062844988426,1.0,7310.218435139335,-7235.918435139335,356.793530857022,West,True
3905,1619473301.6,45.82,0.5375455456168727,18.0,,,-86.6776342,36.0578233,,,0.0,0.0,0.4011449006219436,1.0,7311.479541565485,-7237.179541565485,356.9649252890465,West,True
3906,1619473301.7,45.96923542451992,0.5752634213971576,18.0,,,-86.6776248,36.05781470000001,,,0.0,0.0,0.2875832459933486,1.0,7312.755657971309,-7238.455657971309,356.71995995559587,West,True
3907,1619473301.8,46.16924283570686,0.6099100449487478,18.0,,,-86.6776158,36.0578058,,,0.0,0.0,0.1740218621164496,1.0,7314.033903678663,-7239.7339036786625,356.8611352302288,West,True
3908,1619473301.9,46.38931503222626,0.6403668535797669,18.0,,,-86.6776065,36.057797,,,0.0,0.0,0.0604602074878546,1.0,7315.320911967147,-7241.020911967147,356.86306121949195,West,True
3909,1619473302.0,46.576238400343215,0.6658173434620194,18.0,,,-86.6775973,36.0577883,,,0.0,0.0,0.0,0.951284160701538,7316.593627050263,-7242.293627050263,356.83026758658366,West,True
3910,1619473302.1,46.74722158747852,0.6857497937447561,18.0,,,-86.6775883,36.057779700000005,,,0.0,0.0,0.0,0.8471011933238249,7317.8462243058475,-7243.546224305847,356.755891323682,West,True
3911,1619473302.2,46.88656643280776,0.6999428457566841,18.0,,,-86.6775792,36.0577708,,,0.0,0.0,0.0,0.7429179775543245,7319.130178631034,-7244.830178631034,356.75588246271064,West,True
3912,1619473302.3,47.08503694468782,0.7084308487786808,18.0,,,-86.6775701,36.0577619,,,0.0,0.0,0.0,0.6387348859807178,7320.414133014555,-7246.114133014555,356.75587360598234,West,True
3913,1619473302.4,47.28350745656788,0.7114513456359579,18.0,,,-86.677561,36.057753000000005,,,0.0,0.0,0.0,0.5345517944071112,7321.698087457018,-7247.398087457018,356.75667313901675,West,True
3914,1619473302.5,47.43749133315268,0.7093959903477932,18.0,,,-86.677552,36.0577442,,,0.0,0.0,0.0,0.4303688270293981,7322.96774421311,-7248.6677442131095,356.79104423314504,West,True
3915,1619473302.6,47.557315347698896,0.702744244871496,18.269839154056257,,,-86.6775428,36.0577353,,,0.0,0.0,0.0,0.3261858596516852,7324.257444559,-7249.957444559,356.86106647768736,West,True
3916,1619473302.7,47.764566511314506,0.6920239334084822,18.7690161798047,,,-86.6775335,36.0577265,,,0.0,0.0,0.0,0.2220026438821848,7325.544453333982,-7251.244453333982,356.75504716206484,West,True
3917,1619473302.8,47.8967019717071,0.6777518307687072,19.0,,,-86.6775243,36.0577175,,,0.0,0.0,0.0,0.1178196765044717,7326.842705776795,-7252.542705776795,356.7922038380013,West,True
3918,1619473302.9,48.04224276296933,0.6604173768727015,19.0,,,-86.6775152,36.057708700000006,,,0.0,0.0,0.0,0.0136364607349714,7328.118109607975,-7253.818109607975,356.8239282093392,West,True
3919,1619473303.0,48.16320524017468,0.6404390510855922,19.0,,,-86.67750579999999,36.0576997,,,0.0,0.0,0.0,0.0,7329.427888186057,-7255.127888186057,356.6467018260593,West,True
3920,1619473303.1,48.21,0.6181711690740543,19.0,,,-86.6774967,36.0576905,,,0.0,0.0,0.0,0.0,7330.737727215087,-7256.437727215087,356.64708786434215,West,True
3921,1619473303.2,48.41662824681255,0.5938743350071878,19.0,,,-86.6774875,36.057681200000005,,,0.0,0.0,0.0,0.0,7332.061864710296,-7257.761864710295,356.6830505925161,West,True
3922,1619473303.3,48.5421450497748,0.5677374736891697,19.0,,,-86.67747829999999,36.057672,,,0.0,0.0,0.0,0.0,7333.377336600272,-7259.077336600272,356.7898125005382,West,True
3923,1619473303.4,48.703693201681865,0.539857653327555,19.0,,,-86.67746899999999,36.057663,,,0.0,0.0,0.0,0.0,7334.681334170521,-7260.381334170521,356.85365660905325,West,True
3924,1619473303.5,48.79,0.5102704893494183,19.0,,,-86.6774593,36.0576538,,,0.0,0.0,0.0,0.0,7336.025517681706,-7261.725517681706,356.6830224345241,West,True
3925,1619473303.6,48.928946325169086,0.4789383702084429,19.0,,,-86.67745,36.0576445,,,0.0,0.0,0.0,0.0,7337.355288361039,-7263.055288361039,356.6830131743059,West,True
3926,1619473303.7,48.99446691421499,0.445787581031694,19.0,,,-86.6774407,36.0576352,,,0.0,0.0,0.0,0.0,7338.685059102296,-7264.385059102296,356.85722282961876,West,True
3927,1619473303.8,49.09,0.41070787681014165,19.0,,,-86.6774312,36.0576262,,,0.0,0.0,0.0,0.0,7340.000655471571,-7265.700655471571,356.78536331428086,West,True
3928,1619473303.9,49.27810824956234,0.3735967267217433,19.0,,,-86.6774215,36.0576168,,,0.0,0.0,0.0,0.0,7341.361840715068,-7267.061840715068,356.8877440410403,West,True
3929,1619473304.0,49.16680455053401,0.33437130179818864,19.0,,,-86.6774118,36.057607700000005,,,0.0,0.0943957986634939,0.0,0.0,7342.697581524962,-7268.397581524961,356.68297497135677,West,True
3930,1619473304.1,49.21583110826972,0.2930157668020294,19.0,,,-86.6774023,36.0575982,,,0.0,0.2031178230192181,0.0,0.0,7344.055949739354,-7269.755949739354,356.75192077435514,West,True
3931,1619473304.2,49.18678504879804,0.2495993608200638,19.0,,,-86.6773927,36.0575888,,,0.0,0.3118401065886952,0.0,0.0,7345.411394320129,-7271.111394320129,356.950471476515,West,True
3932,1619473304.3,49.36384482350585,0.20431547408054213,19.0,,,-86.6773828,36.057579700000005,,,0.0,0.4205621309444194,0.0,0.0,7346.758940421038,-7272.458940421037,356.7174227067489,West,True
3933,1619473304.4,49.41319774155127,0.15749299328364955,19.0,,,-86.6773732,36.05757020000001,,,0.0,0.5292844145138965,0.0,0.0,7348.122978144267,-7273.822978144267,356.8501183534839,West,True
3934,1619473304.5,49.46325447558347,0.10961350750841997,19.0,,,-86.6773633,36.0575608,,,0.0,0.6380064388696207,0.0,0.0,7349.495750087386,-7275.195750087386,356.7504752190916,West,True
3935,1619473304.6,49.46434280695151,0.061304138731717,19.0,,,-86.67735350000001,36.057551200000006,,,0.0,0.7467284632253449,0.0,0.0,7350.879790670642,-7276.579790670642,356.8484275393818,West,True
3936,1619473304.7,49.47125642534068,0.013325855340621055,19.0,,,-86.6773435,36.0575417,,,0.0,0.855450746794822,0.0,0.0,7352.266856781541,-7277.966856781541,356.8180141647725,West,True
3937,1619473304.8,49.42080336584362,-0.033454637031506314,19.27069139322505,,,-86.6773337,36.0575323,,,0.0,0.9641727711505462,0.0,0.0,7353.633818496952,-7279.333818496952,356.81663980817916,West,True
3938,1619473304.9,49.36872468371863,-0.07809999294492012,19.77106539335628,,,-86.6773238,36.0575228,,,0.0,1.0,0.0,0.0,7355.015075937757,-7280.715075937756,356.91461937543363,West,True
3939,1619473305.0,49.25284061261294,-0.11964215559944204,20.0,,,-86.6773138,36.0575135,,,0.0,1.0,0.0,0.0,7356.385281456868,-7282.085281456868,356.7173547637873,West,True
3940,1619473305.1,49.22362928318992,-0.15712519785635262,20.0,,,-86.6773042,36.057504,,,0.0,1.0,0.0,0.0,7357.749319639381,-7283.4493196393805,356.8483809225426,West,True
3941,1619473305.2,49.08526603257469,-0.18964223297507438,20.0,,,-86.6772942,36.0574945,,,0.0,1.0,0.0,0.0,7359.136386098874,-7284.836386098874,356.9100469816012,West,True
3942,1619473305.3,48.98176249579424,-0.21636918046487502,20.0,,,-86.677284,36.057485,,,0.0,1.0,0.0,0.0,7360.535171202463,-7286.235171202463,356.7841765147098,West,True
3943,1619473305.4,48.93709992986083,-0.236587559424795,20.0,,,-86.67727420000001,36.0574755,,,0.0,1.0,0.0,0.0,7361.910654388917,-7287.610654388916,356.81658299201615,West,True
3944,1619473305.5,48.87174400806392,-0.24970052166584733,20.0,,,-86.67726429999999,36.057466,,,0.0,1.0,0.0,0.0,7363.291912245006,-7288.991912245006,356.813924559914,West,True
3945,1619473305.6,48.76844224754245,-0.255240398942882,20.0,,,-86.67725420000001,36.0574563,,,0.0,1.0,0.0,0.0,7364.701761672483,-7290.401761672483,356.8193220990875,West,True
3946,1619473305.7,48.668492220887686,-0.2528698851394874,20.0,,,-86.6772445,36.057447,,,0.0,1.0,0.0,0.0,7366.054428403187,-7291.7544284031865,356.7165826652599,West,True
3947,1619473305.8,48.61841468926554,-0.24238210964944243,20.0,,,-86.6772347,36.0574373,,,0.0,1.0,0.0,0.0,7367.447063929505,-7293.147063929505,356.8483152140075,West,True
3948,1619473305.9,48.52393992738475,-0.22369715025972067,20.0,,,-86.6772247,36.0574278,,,0.0,1.0,0.0,0.0,7368.834130883005,-7294.534130883005,356.8775200724912,West,True
3949,1619473306.0,48.473939405344375,-0.19686412194065311,20.0,,,-86.6772145,36.0574182,,,0.0,1.0,0.0,0.0,7370.241332725507,-7295.941332725507,356.84829611392814,West,True
3950,1619473306.1,48.392911067961165,-0.16206208550910325,20.0,,,-86.6772045,36.0574087,,,0.0,1.0,0.0,0.0,7371.628399820404,-7297.328399820404,356.84828665646137,West,True
3951,1619473306.2,48.275164545607446,-0.11960724421940877,20.0,,,-86.6771945,36.057399200000006,,,0.0,1.0,0.0,0.0,7373.01546698563,-7298.71546698563,356.78206315000585,West,True
3952,1619473306.3,48.12465168662784,-0.06995949694589391,20.0,,,-86.6771845,36.0573895,,,0.0,1.0,0.0,0.0,7374.419544788754,-7300.119544788754,356.9144904250592,West,True
3953,1619473306.4,48.0,-0.013728045256435558,20.265971908109027,,,-86.67717449999999,36.0573802,,,0.0,1.0,0.0,0.0,7375.78975130683,-7301.48975130683,356.8813686794526,West,True
3954,1619473306.5,48.000469760453896,0.0483234490286062,20.767870946743155,,,-86.6771645,36.0573708,,,0.0,1.0,0.0,0.0,7377.168369221057,-7302.868369221057,356.75028142618993,West,True
3955,1619473306.6,47.95298416542122,0.11528548604871017,21.0,,,-86.6771547,36.0573612,,,0.0,1.0,0.0,0.0,7378.5524111595605,-7304.25241115956,356.78509665750914,West,True
3956,1619473306.7,47.92221066102827,0.18610832579662656,21.0,,,-86.677145,36.0573518,,,0.0,1.0,0.0,0.0,7379.913598284009,-7305.613598284009,356.91445385192526,West,True
3957,1619473306.8,48.06467289719627,0.2596347423029606,21.270233848216133,,,-86.67713499999999,36.0573425,,,0.0,1.0,0.0,0.0,7381.283805084612,-7306.983805084612,356.84822093796066,West,True
3958,1619473306.9,48.15650931996156,0.33462003758823544,21.76867470165873,,,-86.677125,36.057333,,,0.0,1.0,0.0,0.0,7382.670872739089,-7308.370872739089,356.81919881806766,West,True
3959,1619473307.0,48.21811469486961,0.4097885594199997,22.0,,,-86.6771153,36.057323700000005,,,0.0,1.0,0.0,0.0,7384.023540350478,-7309.723540350477,356.7171593049014,West,True
3960,1619473307.1,48.45070562083804,0.4838620406552025,22.0,,,-86.6771057,36.05731420000001,,,0.0,1.0,0.0,0.0,7385.387579849783,-7311.087579849783,356.54332522982725,West,True
3961,1619473307.2,48.67140500838376,0.5556281899500619,22.0,,,-86.67709620000001,36.05730429999999,,,0.0,1.0,0.0,0.0,7386.780819495038,-7312.480819495037,356.8874402782116,West,True
3962,1619473307.3,48.8812402973503,0.6239644567997831,22.0,,,-86.6770865,36.057295200000006,,,0.0,1.0,0.0,0.0,7388.116562565521,-7313.816562565521,356.88534111626484,West,True
3963,1619473307.4,48.97944955038648,0.6879016754363216,22.269608369418695,,,-86.6770767,36.057286,,,0.0,1.0,0.0,0.0,7389.4665973624105,-7315.16659736241,356.7871772186834,West,True
3964,1619473307.5,49.05831967447445,0.7466310493339123,22.769948347230677,,,-86.6770672,36.0572768,,,0.0,1.0,0.0,0.0,7390.7991912150665,-7316.499191215066,356.75232032965926,West,True
3965,1619473307.6,49.393046579820215,0.7995489831090951,23.0,,,-86.6770577,36.0572675,,,0.0,1.0,0.0,0.0,7392.140340170516,-7317.840340170515,356.7508739093662,West,True
3966,1619473307.7,49.61430762564209,0.846242152560694,23.0,,,-86.677048,36.057258,,,0.0,1.0,0.0,0.0,7393.510084945548,-7319.210084945548,356.7871495609666,West,True
3967,1619473307.8,49.92,0.8865081452913557,23.0,,,-86.6770385,36.0572488,,,0.0,1.0,0.0,0.0,7394.842678992319,-7320.5426789923185,356.98058907246843,West,True
3968,1619473307.9,49.98047797770174,0.9203218511006679,23.0,,,-86.6770285,36.0572397,,,0.0,1.0,0.0,0.5589272173633415,7396.196181161262,-7321.896181161262,356.7174368946598,West,True
3969,1619473308.0,50.1725394533823,0.9478349921106475,23.2679491931668,,,-86.677019,36.05723029999999,,,0.0,0.8823785850769198,0.0,1.0,7397.54592279441,-7323.24592279441,356.819097674621,West,True
3970,1619473308.1,50.33317592618148,0.969332263391754,23.767853248011672,,,-86.6770093,36.057221000000006,,,0.0,0.6322432091373392,0.0,1.0,7398.898591138741,-7324.598591138741,356.9143282242357,West,True
3971,1619473308.2,50.53340267106869,0.985217823619277,24.0,,,-86.6769993,36.0572117,,,0.0,0.3821072368279807,0.0,1.0,7400.2687989187325,-7325.968798918732,356.7170450929264,West,True
3972,1619473308.3,50.88249049743844,0.9959705531165618,24.0,,,-86.6769897,36.057202200000006,,,0.0,0.1319718608884001,0.0,1.0,7401.632839195877,-7327.332839195877,356.7173986889102,West,True
3973,1619473308.4,51.06801776449667,1.0021265839807305,24.0,,,-86.6769802,36.0571928,,,0.0,0.0,0.0,1.0,7402.98258108569,-7328.68258108569,356.91430129104936,West,True
3974,1619473308.5,51.18018265779241,1.0042410402867392,24.0,,,-86.6769702,36.0571835,,,0.0,0.0,0.0,1.0,7404.352789077852,-7330.052789077852,356.9142920297934,West,True
3975,1619473308.6,51.44036774896975,1.0028734273946436,24.0,,,-86.67696020000001,36.057174200000006,,,0.0,0.0,0.0,1.0,7405.722997138275,-7331.422997138275,356.90973732861386,West,True
3976,1619473308.7,51.62598427974457,0.9985597130665401,24.0,,,-86.67695,36.05716470000001,,,0.0,0.0,0.0,1.0,7407.121784688171,-7332.821784688171,356.9097278641725,West,True
3977,1619473308.8,51.83484973672805,0.9918026773114621,24.26814864863252,,,-86.6769398,36.0571552,,,0.0,0.0,0.0,1.0,7408.520572311817,-7334.220572311817,356.8176287864328,West,True
3978,1619473308.9,52.05189972481006,0.9830543080757121,24.768838030480826,,,-86.67693,36.0571458,,,0.0,0.0,0.0,1.0,7409.887536814991,-7335.587536814991,356.90750278843495,West,True
3979,1619473309.0,52.27211080429623,0.9727078199546552,25.0,,,-86.6769197,36.0571362,,,0.0,0.0,0.0,1.0,7411.300614564041,-7337.000614564041,356.6824849452231,West,True
3980,1619473309.1,52.359414486382654,0.9610879744393795,25.0,,,-86.6769098,36.0571263,,,0.0,0.0,0.0,1.0,7412.716180582395,-7338.416180582395,356.90748404772944,West,True
3981,1619473309.2,52.594135613485264,0.9484387823782868,25.0,,,-86.6768995,36.0571167,,,0.0,0.0,0.0,1.0,7414.129258481777,-7339.829258481776,356.7798306775833,West,True
3982,1619473309.3,52.76807683986587,0.9349208315863543,25.0,,,-86.6768893,36.0571068,,,0.0,0.0,0.0,1.0,7415.5619325209755,-7341.261932520975,356.966259177014,West,True
3983,1619473309.4,53.03749358743039,0.9205914866850862,25.0,,,-86.6768788,36.0570972,,,0.0,0.0,0.3925652307459102,1.0,7416.986855607462,-7342.686855607461,356.68244415297994,West,True
3984,1619473309.5,53.21346251159273,0.905413613385476,25.0,,,-86.6768688,36.057087200000005,,,0.0,0.0,1.0,1.0,7418.416720552855,-7344.1167205528545,356.8716209974913,West,True
3985,1619473309.6,53.36326384802892,0.8892320915272218,25.0,,,-86.67685829999999,36.0570773,,,0.0,0.0,1.0,1.0,7419.866802438107,-7345.566802438107,356.74670267817623,West,True
3986,1619473309.7,53.7683457336468,0.8718032224194194,25.0,,,-86.67684799999999,36.0570672,,,0.0,0.0,1.0,1.0,7421.3223362558365,-7347.022336255836,356.7797809318574,West,True
3987,1619473309.8,53.730934932143526,0.8527767728954669,25.268591337432028,,,-86.6768378,36.0570573,,,0.0,0.0,1.0,1.0,7422.7550106633325,-7348.455010663332,356.8698066791154,West,True
3988,1619473309.9,54.08925721986908,0.831753780677996,25.768529356374398,,,-86.6768272,36.0570473,,,0.0,0.0,1.0,1.0,7424.219385509421,-7349.919385509421,356.7473026701762,West,True
3989,1619473310.0,54.1525340793586,0.8082813184041528,26.0,,,-86.676817,36.0570373,,,0.0,0.0,1.0,1.0,7425.660621564722,-7351.360621564721,356.8400358295231,West,True
3990,1619473310.1,54.258477306534125,0.7819361286233389,26.0,,,-86.6768065,36.0570273,,,0.0,0.0,1.0,1.0,7427.119163159515,-7352.819163159515,356.86802542446105,West,True
3991,1619473310.2,54.441240915549685,0.7523296414388424,26.0,,,-86.6767958,36.0570172,,,0.0,0.0,1.0,1.0,7428.597831088119,-7354.297831088119,356.77694798286285,West,True
3992,1619473310.3,54.56402794458757,0.7192008152940765,26.0,,,-86.6767853,36.057007,,,0.0,0.0,1.0,1.0,7430.0733973721535,-7355.773397372153,356.80728078809585,West,True
3993,1619473310.4,54.84163172720258,0.6824181902554207,26.0,,,-86.6767747,36.0569968,,,0.0,0.0,1.0,1.0,7431.554730108295,-7357.254730108295,356.7141705157994,West,True
3994,1619473310.5,54.85989149255455,0.6420567600509767,26.0,,,-86.67676429999999,36.0569865,,,0.0,0.0,0.9703627721438656,1.0,7433.033159746457,-7358.733159746457,356.77602500727926,West,True
3995,1619473310.6,54.92915304508305,0.598380303679076,26.0,,,-86.6767537,36.0569762,,,0.0,0.0,0.8617176309075132,1.0,7434.523023493179,-7360.2230234931785,356.7138465647907,West,True
3996,1619473310.7,55.120688832886216,0.5518807103948019,26.0,,,-86.6767432,36.0569658,,,0.0,0.0,0.7530722306407118,1.0,7436.015751786076,-7361.715751786076,356.8645586048138,West,True
3997,1619473310.8,55.37227160872191,0.5032310246049339,26.0,,,-86.6767323,36.0569555,,,0.0,0.0,0.6444270894043594,1.0,7437.523006232788,-7363.223006232788,356.83557522095094,West,True
3998,1619473310.9,55.46248040111914,0.4532803437439389,26.0,,,-86.6767215,36.05694520000001,,,0.0,0.0,0.5357816891375581,1.0,7439.024432474645,-7364.724432474645,356.8049056399795,West,True
3999,1619473311.0,55.48289502742429,0.4029821165409355,26.0,,,-86.6767107,36.0569348,,,0.0,0.0,0.4271365479012057,1.0,7440.53435801481,-7366.23435801481,356.7441550533532,West,True
4000,1619473311.1,55.49947165902027,0.3533556508677538,26.0,,,-86.6767,36.0569243,,,0.0,0.0,0.3184914066648534,1.0,7442.047085006246,-7367.7470850062455,356.7742273500931,West,True
4001,1619473311.2,55.5777172489083,0.3054070875865927,26.0,,,-86.6766892,36.0569138,,,0.0,0.0,0.209846006398052,1.0,7443.565543780344,-7369.265543780344,356.89295608820083,West,True
4002,1619473311.3,55.56409346347235,0.2600804050133771,26.0,,,-86.6766782,36.0569035,,,0.0,0.0,0.1012008651616996,1.0,7445.07865789573,-7370.77865789573,356.8300483974669,West,True
4003,1619473311.4,55.59747169190558,0.2181932115634681,26.0,,,-86.67666700000001,36.05689279999999,,,0.0,0.0,0.0,1.0,7446.6372642759825,-7372.337264275982,356.7131715962836,West,True
4004,1619473311.5,55.54052826778621,0.18040076835350566,26.0,,,-86.67665629999999,36.0568822,,,0.0,0.0,0.0,1.0,7448.1585902232855,-7373.858590223285,356.8327155470154,West,True
4005,1619473311.6,55.50503312225122,0.14716341905952707,26.0,,,-86.6766453,36.0568717,,,0.0,0.0,0.0,1.0,7449.688606774459,-7375.388606774459,356.80151783962214,West,True
4006,1619473311.7,55.58521804926333,0.11873771134163194,26.0,,,-86.67663420000001,36.056861,,,0.0,0.0,0.0,1.0,7451.24142174207,-7376.94142174207,356.8300065698374,West,True
4007,1619473311.8,55.57935801590127,0.09518030895902946,26.0,,,-86.67662299999999,36.0568503,,,0.0,0.0,0.0,1.0,7452.8000284745995,-7378.500028474599,356.68218883901517,West,True
4008,1619473311.9,55.52434406565657,0.07636648399964385,26.0,,,-86.6766122,36.0568395,,,0.0,0.0,0.0,1.0,7454.3442845335885,-7380.044284533588,356.82998564054236,West,True
4009,1619473312.0,55.4810003877472,0.0620227685403266,26.0,,,-86.676601,36.05682879999999,,,0.0,0.0,0.0,1.0,7455.902891443354,-7381.602891443354,356.8872785034617,West,True
4010,1619473312.1,55.53347396897574,0.0517614964112539,26.0,,,-86.6765897,36.0568182,,,0.0,0.0,0.0,1.0,7457.458880444026,-7383.158880444026,356.8890997683983,West,True
4011,1619473312.2,55.597755732654456,0.045126543026393934,26.0,,,-86.6765785,36.05680770000001,,,0.0,0.0,0.0,1.0,7459.000578001688,-7384.700578001688,356.8579505556737,West,True
4012,1619473312.3,55.562332441194215,0.04162746813735999,26.0,,,-86.67656720000001,36.056797,,,0.0,0.0,0.0,1.0,7460.565007070145,-7386.265007070145,356.8890787737888,West,True
4013,1619473312.4,55.56108212414159,0.040781850195805214,26.0,,,-86.676556,36.0567865,,,0.0,0.0,0.0,1.0,7462.106704806362,-7387.806704806362,356.7740880300558,West,True
4014,1619473312.5,55.62640025688518,0.04213463559561596,26.0,,,-86.6765452,36.056776,,,0.0,0.0,0.0,1.0,7463.625164667377,-7389.325164667377,356.88542669158755,West,True
4015,1619473312.6,55.64122389363619,0.04528604460294134,26.0,,,-86.6765338,36.0567653,,,0.0,0.0,0.0,1.0,7465.195445777841,-7390.895445777841,356.8610768924107,West,True
4016,1619473312.7,55.63177025693042,0.049888882496720334,26.0,,,-86.6765227,36.05675479999999,,,0.0,0.0,0.0,1.0,7466.731288326068,-7392.431288326068,356.79825980616016,West,True
4017,1619473312.8,55.67,0.05565995872817611,26.0,,,-86.6765113,36.0567438,,,0.0,0.0,0.0,1.0,7468.326993500575,-7394.0269935005745,356.9165038911943,West,True
4018,1619473312.9,55.66363647336267,0.06235697016614193,26.0,,,-86.6765,36.0567333,,,0.0,0.0,0.0,1.0,7469.87457719815,-7395.57457719815,356.74226119696175,West,True
4019,1619473313.0,55.71212451406576,0.06978022720790297,26.0,,,-86.676489,36.0567225,,,0.0,0.0,0.0,1.0,7471.430200001385,-7397.130200001385,356.91648326119747,West,True
4020,1619473313.1,55.72450697011743,0.07773778874185905,26.0,,,-86.6764777,36.056712,,,0.0,0.0,0.0,1.0,7472.977783879422,-7398.677783879421,356.7411642355142,West,True
4021,1619473313.2,55.739803408081606,0.0860496053677079,26.0,,,-86.6764665,36.056701,,,0.0,0.0,0.0,1.0,7474.562003074037,-7400.262003074037,356.82984711153824,West,True
4022,1619473313.3,55.7866196576596,0.0945121089544472,26.0,,,-86.6764553,36.0566903,,,0.0,0.0,0.0,1.0,7476.120611128016,-7401.820611128016,356.8311684139851,West,True
4023,1619473313.4,55.812314695958335,0.10291637976435283,26.0,,,-86.6764442,36.0566797,,,0.0,0.0,0.0,0.9936526529140398,7477.6649242206695,-7403.364924220669,356.71210780097994,West,True
4024,1619473313.5,55.82,0.1110202570106708,26.0,,,-86.6764332,36.0566688,,,0.0,0.0,0.0,0.8893440767958618,7479.229147413134,-7404.929147413134,356.9143746797997,West,True
4025,1619473313.6,55.6518019287227,0.11858582112988834,26.0,,,-86.6764218,36.05665820000001,,,0.0,0.0,0.0,0.7850355006776837,7480.791021172297,-7406.491021172297,356.7120857130433,West,True
4026,1619473313.7,55.86197914296894,0.12535974584316179,26.0,,,-86.6764108,36.0566473,,,0.0,0.0,0.0,0.6807266758682433,7482.35524453615,-7408.05524453615,356.8609610884056,West,True
4027,1619473313.8,56.029360900108514,0.13112621023693294,26.0,,,-86.67639969999999,36.05663679999999,,,0.0,0.0,0.0,0.5764180997500653,7483.891088057245,-7409.591088057245,356.741088002672,West,True
4028,1619473313.9,55.988166082282525,0.1356885923486392,26.0,,,-86.6763885,36.0566258,,,0.0,0.0,0.0,0.4721092749406249,7485.4753078618605,-7411.17530786186,356.82846453713324,West,True
4029,1619473314.0,55.9583606988404,0.13892678332633837,26.0,,,-86.6763772,36.056615,,,0.0,0.0,0.0,0.3678006988224469,7487.048211657451,-7412.748211657451,356.82976220360484,West,True
4030,1619473314.1,55.956419196214,0.14076996555707227,26.0,,,-86.676366,36.0566043,,,0.0,0.0,0.0,0.2634921227042688,7488.606820422754,-7414.306820422754,356.82844313459185,West,True
4031,1619473314.2,56.04781139875614,0.14124628360558736,26.0,,,-86.6763547,36.0565935,,,0.0,0.0,0.0,0.1591832978948285,7490.179724397568,-7415.879724397568,356.800173507575,West,True
4032,1619473314.3,56.07370395463447,0.14043959262389444,26.0,,,-86.6763435,36.05658270000001,,,0.0,0.0,0.0,0.0548747217766504,7491.74683801985,-7417.44683801985,356.7705970509081,West,True
4033,1619473314.4,56.09,0.1385250586381085,26.0,,,-86.6763323,36.0565718,,,0.0,0.0,0.0,0.0,7493.322488979037,-7419.022488979037,356.82841108190695,West,True
4034,1619473314.5,56.16557069415962,0.13571060190421935,26.0,,,-86.676321,36.056561,,,0.0,0.0,0.0,0.0,7494.8953932247705,-7420.59539322477,356.8258517352166,West,True
4035,1619473314.6,56.17684483770485,0.13226066782159782,26.0,,,-86.6763095,36.05655,,,0.0,0.0,0.0,0.0,7496.496888001836,-7422.196888001836,356.85769703316606,West,True
4036,1619473314.7,56.24222719017636,0.1284308406424845,26.0,,,-86.6762982,36.0565393,,,0.0,0.0,0.0,0.0,7498.06131923011,-7423.76131923011,356.71142616238336,West,True
4037,1619473314.8,56.32500031567649,0.12448843669446916,26.0,,,-86.676287,36.0565282,,,0.0,0.0,0.0,0.0,7499.654140636956,-7425.354140636956,356.8799705526716,West,True
4038,1619473314.9,56.29877704093301,0.12065185535243683,26.0,,,-86.6762753,36.0565172,,,0.0,0.0,0.0,0.0,7501.2672996456,-7426.9672996456,356.8608335123564,West,True
4039,1619473315.0,56.33,0.11711724233797687,26.0,,,-86.6762642,36.05650670000001,,,0.0,0.0,0.0,0.0,7502.8031442363745,-7428.503144236374,356.8277007247309,West,True
4040,1619473315.1,56.36907820366029,0.11401111419164299,26.0,,,-86.67625285,36.056495850000005,,,0.0,0.0,0.0,0.0,7504.383196614437,-7430.083196614437,356.8276899226045,West,True
4041,1619473315.2,56.408156407320575,0.1114273441852023,26.0,,,-86.6762415,36.056485,,,0.0,0.0,0.0,0.0,7505.963249082509,-7431.663249082509,356.82832470880885,West,True
4042,1619473315.3,56.40603419520064,0.10939468977032546,26.0,,,-86.6762302,36.0564742,,,0.0,0.0,0.0,0.0,7507.536154052406,-7433.236154052406,356.8270284493522,West,True
4043,1619473315.4,56.45745362532035,0.10792119631751848,26.267971680554364,,,-86.6762188,36.0564633,,,0.0,0.0,0.0786044456313025,0.0,7509.123354307782,-7434.823354307782,356.8869216363088,West,True
4044,1619473315.5,56.52448890525238,0.10697169781834051,26.76839403831286,,,-86.67620749999999,36.0564527,,,0.0,0.0,0.2452798547794351,0.0,7510.679346388971,-7436.379346388971,356.85454235510076,West,True
4045,1619473315.6,56.48902726757681,0.10651170427828513,26.731352840177426,,,-86.67619599999999,36.0564418,,,0.0,0.0,0.4119552639275677,0.0,7512.272365729109,-7437.972365729109,356.88333185959374,West,True
4046,1619473315.7,56.52,0.1064873336912103,26.23124433633805,,,-86.67618449999999,36.056431,,,0.0,0.0,0.5786310704612215,0.0,7513.85694149442,-7439.55694149442,356.88332110790833,West,True
4047,1619473315.8,56.61272806767243,0.10686054065072004,26.0,,,-86.67617299999999,36.056420200000005,,,0.0,0.0,0.7453064796093541,0.0,7515.441517352288,-7441.141517352288,356.8575683826936,West,True
4048,1619473315.9,56.63742460525688,0.10758632703327246,26.0,,,-86.67616170000001,36.0564095,,,0.0,0.0,0.911982286143008,0.0,7517.0059496676,-7442.7059496676,356.88329980161075,West,True
4049,1619473316.0,56.61892432746274,0.10863555228778372,26.0,,,-86.6761502,36.0563987,,,0.0,0.0,1.0,0.0,7518.590525710558,-7444.290525710558,356.82954635944037,West,True
4050,1619473316.1,56.67,0.10996974564035955,26.0,,,-86.676139,36.056388,,,0.0,0.0,1.0,0.0,7520.1491362625775,-7445.849136262577,356.9364533244263,West,True
4051,1619473316.2,56.6816506015163,0.11155382676276344,26.0,,,-86.67612729999999,36.05637720000001,,,0.0,0.0,1.0,0.0,7521.745500107965,-7447.445500107965,356.76960259917735,West,True
4052,1619473316.3,56.72295365593311,0.11333366516369553,26.0,,,-86.67611600000001,36.0563662,,,0.0,0.0,1.0,0.0,7523.335450192387,-7449.035450192387,356.85445603386853,West,True
4053,1619473316.4,56.70988898033836,0.11524498659880487,26.0,,,-86.67610450000001,36.05635529999999,,,0.0,0.0,1.0,0.0,7524.928470270505,-7450.628470270505,356.79993339974715,West,True
4054,1619473316.5,56.828992373689225,0.11719965651181738,26.0,,,-86.67609329999999,36.0563445,,,0.0,0.0,1.0,0.0,7526.495585851451,-7452.195585851451,356.8256349701128,West,True
4055,1619473316.6,56.827768638751095,0.11909641616365138,26.0,,,-86.67608179999999,36.0563335,,,0.0,0.0,1.0,0.0,7528.097082464331,-7453.797082464331,356.7114791942262,West,True
4056,1619473316.7,56.88779561554662,0.12081798128656229,26.0,,,-86.67607070000001,36.0563225,,,0.0,0.0,1.0,0.0,7529.675606968867,-7455.375606968867,356.8256134533229,West,True
4057,1619473316.8,56.950206864513305,0.12224475255913012,26.0,,,-86.67605920000001,36.0563115,,,0.0,0.0,1.0,0.0,7531.277103768295,-7456.977103768295,356.82560250744376,West,True
4058,1619473316.9,56.92765349679164,0.12325887889333019,26.0,,,-86.67604770000001,36.0563005,,,0.0,0.0,1.0,0.0,7532.878600660997,-7458.578600660997,356.797803669478,West,True
4059,1619473317.0,56.954129313257305,0.12375732365534539,26.0,,,-86.6760363,36.0562895,,,0.0,0.0,1.0,0.0,7534.47430963538,-7460.17430963538,356.88318257538583,West,True
4060,1619473317.1,57.0052314474651,0.12365549076584154,26.0,,,-86.67602480000001,36.0562787,,,0.0,0.0,1.0,0.0,7536.058886705909,-7461.7588867059085,356.7695033172339,West,True
4061,1619473317.2,57.08433935415323,0.12289495857158209,26.0,,,-86.6760135,36.0562677,,,0.0,0.0,1.0,0.0,7537.648837603642,-7463.348837603642,356.79879926265426,West,True
4062,1619473317.3,57.13,0.1214410308960968,26.0,,,-86.6760022,36.0562568,,,0.0,0.0,1.0,0.0,7539.230250357729,-7464.930250357729,356.82554824612055,West,True
4063,1619473317.4,57.13700739714193,0.11928412156884094,26.0,,,-86.6759907,36.0562458,,,0.0,0.0,1.0,0.0,7540.831747714259,-7466.531747714259,356.74068827253814,West,True
4064,1619473317.5,57.12830304537455,0.11643145996663105,26.0,,,-86.67597950000001,36.0562348,,,0.0,0.0,1.0,0.0,7542.4159706985365,-7468.115970698536,356.9363067593814,West,True
4065,1619473317.6,57.20494409043999,0.11290639145524968,26.0,,,-86.6759678,36.056224,,,0.0,0.0,1.0,0.0,7544.012335893476,-7469.712335893476,356.6517082795635,West,True
4066,1619473317.7,57.24,0.10873965284486747,26.0,,,-86.6759567,36.0562128,,,0.0,0.0,1.0,0.0,7545.608155410794,-7471.308155410794,356.8255049272268,West,True
4067,1619473317.8,57.275542456241865,0.10397275850719666,26.0,,,-86.6759452,36.0562018,,,0.0,0.0,1.0,0.0,7547.209653140421,-7472.909653140421,356.8830974204891,West,True
4068,1619473317.9,57.29327480213168,0.09865425555150076,26.0,,,-86.6759337,36.056191,,,0.0,0.0,1.0,0.0,7548.7942309625405,-7474.49423096254,356.7976941936446,West,True
4069,1619473318.0,57.35696810658055,0.09284943587327024,25.73261190617467,,,-86.6759223,36.05618,,,0.0,0.0,0.8050328811715698,0.0,7550.389940852659,-7476.089940852658,356.76787477984954,West,True
4070,1619473318.1,57.39888657027873,0.08664164669152098,25.231859159335198,,,-86.6759108,36.0561688,,,0.0,0.0,0.3872397944852069,0.0,7552.008487550854,-7477.7084875508535,356.8254612311593,West,True
4071,1619473318.2,57.42768915631801,0.08014351759957078,25.0,,,-86.6758993,36.0561578,,,0.0,0.0,0.0,0.0,7553.6099856535775,-7479.309985653577,356.85276174447915,West,True
4072,1619473318.3,57.47520918838381,0.07349750903345402,25.0,,,-86.6758877,36.0561468,,,0.0,0.0,0.0,0.0,7555.217301311567,-7480.917301311567,356.85575666607593,West,True
4073,1619473318.4,57.48985922653159,0.06687968307682308,25.0,,,-86.6758763,36.056136,,,0.0,0.0,0.0,0.0,7556.796029543637,-7482.496029543637,356.769359459355,West,True
4074,1619473318.5,57.48603830951657,0.060492944426367816,25.0,,,-86.675865,36.056125,,,0.0,0.0,0.0,0.0,7558.385981617338,-7484.085981617338,356.8229558394571,West,True
4075,1619473318.6,57.57154750244858,0.05455729187288911,25.0,,,-86.6758533,36.0561138,,,0.0,0.0,0.0,0.0,7560.016070838717,-7485.716070838716,356.82416498132005,West,True
4076,1619473318.7,57.65246815854682,0.04929514499467279,25.0,,,-86.6758417,36.0561027,,,0.0,0.0,0.0,0.0,7561.631864752218,-7487.331864752217,356.7677966582487,West,True
4077,1619473318.8,57.6264187021738,0.044910410895780684,25.0,,,-86.67583020000001,36.0560915,,,0.0,0.0,0.0,0.0,7563.250412098971,-7488.95041209897,356.882989920864,West,True
4078,1619473318.9,57.61,0.04157347725629636,25.0,,,-86.67581870000001,36.0560807,,,0.0,0.0,0.0,0.0,7564.834990866362,-7490.534990866362,356.8229117338185,West,True
4079,1619473319.0,57.65970728292607,0.03939896344030712,25.0,,,-86.67580699999999,36.0560695,,,0.0,0.0,0.0,0.0,7566.465080470564,-7492.165080470564,356.8253624170689,West,True
4080,1619473319.1,57.677614271886426,0.038441602139552236,25.0,,,-86.67579549999999,36.0560585,,,0.0,0.0,0.0,0.0,7568.066579415298,-7493.766579415298,356.767751881973,West,True
4081,1619473319.2,57.68440836695494,0.03868332426853525,25.0,,,-86.675784,36.0560473,,,0.0,0.0,0.0,0.0,7569.685127132896,-7495.385127132896,356.7965398230736,West,True
4082,1619473319.3,57.63978242647327,0.04004695718712491,25.0,,,-86.6757725,36.0560362,,,0.0,0.0,0.0,0.0,7571.295134773714,-7496.995134773714,356.8497379990702,West,True
4083,1619473319.4,57.6651236360186,0.04239680035745447,25.0,,,-86.67576070000001,36.056025,,,0.0,0.0,0.0,0.0,7572.931039360006,-7498.631039360006,356.8228564778213,West,True
4084,1619473319.5,57.72463208334846,0.045567742341194775,25.0,,,-86.675749,36.0560138,,,0.0,0.0,0.0,0.0,7574.561129443907,-7500.261129443907,356.85115543284195,West,True
4085,1619473319.6,57.76,0.04937482260705095,24.733215678148763,,,-86.67573730000001,36.0560027,,,0.0,0.0,0.0,0.0,7576.182740240687,-7501.882740240687,356.7676954790728,West,True
4086,1619473319.7,57.758653426349966,0.053647685191442154,24.23373964860636,,,-86.6757258,36.0559915,,,0.0,0.0,0.0,0.0,7577.801288427878,-7503.501288427878,356.7954907049241,West,True
4087,1619473319.8,57.78967711762272,0.05824003650246941,24.0,,,-86.6757142,36.0559803,,,0.0,0.0,0.0,0.0,7579.425593130023,-7505.125593130023,356.79647277065453,West,True
4088,1619473319.9,57.83267969996956,0.06305822801097596,24.0,,,-86.6757027,36.05596920000001,,,0.0,0.0,0.0,0.0,7581.035601335356,-7506.735601335356,356.93176917145655,West,True
4089,1619473320.0,57.84001759552518,0.0680633796695268,24.0,,,-86.6756908,36.055958200000006,,,0.0,0.0,0.0,0.0,7582.66054450199,-7508.36054450199,356.76765041194443,West,True
4090,1619473320.1,57.872286571588674,0.07328793498739036,24.0,,,-86.6756793,36.055947,,,0.0,0.0,0.0,0.0,7584.279093061726,-7509.9790930617255,356.7676392593299,West,True
4091,1619473320.2,57.91970519513709,0.07882882836764363,24.0,,,-86.6756678,36.05593579999999,,,0.0,0.0,0.0,0.0,7585.897641716038,-7511.597641716038,356.85254325033696,West,True
4092,1619473320.3,57.96619773503176,0.08485260677562126,24.0,,,-86.6756562,36.0559248,,,0.0,0.0,0.0,0.0,7587.504959281813,-7513.204959281813,356.7964170604327,West,True
4093,1619473320.4,57.94887178162563,0.09158270482342376,24.0,,,-86.6756447,36.055913700000005,,,0.0,0.0,0.0,0.0,7589.114967955268,-7514.814967955268,356.8227459606675,West,True
4094,1619473320.5,57.99447718510742,0.09929775715578913,24.0,,,-86.67563299999999,36.0559025,,,0.0,0.0,0.0,0.0,7590.745058999512,-7516.445058999512,356.76759438787764,West,True
4095,1619473320.6,58.03058297202507,0.10831709767329903,24.0,,,-86.67562149999999,36.05589129999999,,,0.0,0.0,0.0,0.0,7592.363608027185,-7518.063608027185,356.82152416119055,West,True
4096,1619473320.7,58.04835926689447,0.11899685657198625,24.0,,,-86.67560970000001,36.05588,,,0.0,0.0,0.0,0.0,7594.007994739012,-7519.707994739012,356.767571811205,West,True
4097,1619473320.8,58.05,0.1317157770217758,24.0,,,-86.67559820000001,36.0558688,,,0.0,0.0,0.0,0.0,7595.626543954854,-7521.326543954854,356.8510130447202,West,True
4098,1619473320.9,58.072694553875394,0.1468711265552593,24.0,,,-86.6755865,36.0558577,,,0.0,0.0,0.0,0.0,7597.248156010164,-7522.948156010164,356.76754932464996,West,True
4099,1619473321.0,58.19,0.16486408897407273,24.0,,,-86.675575,36.0558465,,,0.0,0.0,0.0,0.0,7598.866705412498,-7524.566705412498,356.82267954915187,West,True
4100,1619473321.1,58.197521839671126,0.186094719647046,24.0,,,-86.6755633,36.05583529999999,,,0.0,0.0,0.0,0.0,7600.496797035986,-7526.196797035986,356.76678191303125,West,True
4101,1619473321.2,58.24,0.21094446530465444,24.265773376194755,,,-86.6755517,36.055824,,,0.0,0.0,0.0346057548869154,0.0,7602.129644176078,-7527.829644176078,356.76751559699477,West,True
4102,1619473321.3,58.26,0.2397679701633374,24.76551482555577,,,-86.6755402,36.0558128,,,0.0,0.0,0.5339586902506944,0.0,7603.748193861766,-7529.4481938617655,356.84810303735117,West,True
4103,1619473321.4,58.33498471032007,0.27287066989129455,25.0,,,-86.6755283,36.0558015,,,0.0,0.0,1.0,0.0,7605.398394483479,-7531.098394483479,356.8524115829664,West,True
4104,1619473321.5,58.409588406692016,0.310496031627018,25.0,,,-86.6755167,36.0557905,,,0.0,0.0,1.0,0.0,7607.005713204339,-7532.705713204339,356.7386819307371,West,True
4105,1619473321.6,58.48,0.3527989000317665,25.0,,,-86.6755052,36.0557792,,,0.0,0.0,1.0,0.0,7608.632834495437,-7534.332834495437,356.8202337584145,West,True
4106,1619473321.7,58.56146726862303,0.3998298157319846,25.0,,,-86.6754933,36.0557678,,,0.0,0.0,1.0,0.0,7610.291517726321,-7535.991517726321,356.79626057965294,West,True
4107,1619473321.8,58.66,0.4515091894897717,25.0,,,-86.6754818,36.0557567,,,0.0,0.0,1.0,0.0,7611.90152772401,-7537.601527724009,356.76744785113107,West,True
4108,1619473321.9,58.75,0.5076144888868493,25.0,,,-86.6754703,36.0557455,,,0.0,0.0,1.0,0.0,7613.520077974352,-7539.220077974352,356.7666917564422,West,True
4109,1619473322.0,58.83628566812376,0.5677642747251017,25.26647363812278,,,-86.67545870000001,36.0557342,,,0.0,0.0,1.0,0.0,7615.152925874931,-7540.85292587493,356.78095708234594,West,True
4110,1619473322.1,58.96478936046889,0.6314165893488296,25.633236819061388,,,-86.6754471,36.05572295,,,0.0,0.0,1.0,0.0,7616.7814994287,-7542.4814994287,356.780945886803,West,True
4111,1619473322.2,59.093293052814026,0.6978724141676731,26.0,,,-86.67543549999999,36.0557117,,,0.0,0.0,1.0,0.0,7618.4100730779155,-7544.110073077915,356.79327566264,West,True
4112,1619473322.3,59.31055160693664,0.766291779071752,26.0,,,-86.67542370000001,36.0557003,,,0.0,0.0,1.0,0.0,7620.062973494467,-7545.762973494467,356.8508482743942,West,True
4113,1619473322.4,59.461039594056345,0.8357215111466212,26.0,,,-86.675412,36.0556892,,,0.0,0.0,1.0,0.0138725161626106,7621.684587009744,-7547.384587009744,356.7651831883301,West,True
4114,1619473322.5,59.67518792062437,0.905128961044448,26.0,,,-86.6754002,36.0556777,,,0.0,0.0,1.0,0.2060370346105052,7623.346030571449,-7549.046030571449,356.7658915684179,West,True
4115,1619473322.6,59.87405265975119,0.9734503939517561,26.265251587881448,,,-86.6753885,36.05566629999999,,,0.0,0.0,1.0,0.3982015530583998,7624.993176629577,-7550.693176629577,356.85081503292207,West,True
4116,1619473322.7,60.21836653937684,1.0396336736012535,26.765162792859687,,,-86.6753768,36.0556552,,,0.0,0.0,1.0,0.5903665296626458,7626.614790438739,-7552.314790438739,356.76514905697303,West,True
4117,1619473322.8,60.5021965638791,1.102695483174485,27.0,,,-86.675365,36.055643700000005,,,0.0,0.0,1.0,0.7825310481105403,7628.276234291814,-7553.976234291814,356.82187703574454,West,True
4118,1619473322.9,60.81716383663672,1.1617583774726294,27.133239551516986,,,-86.67535325,36.055632450000004,,,0.0,0.0,1.0,0.8912655240552702,7629.913475403547,-7555.6134754035465,356.8218658408396,West,True
4119,1619473323.0,61.13213110939434,1.2161015264828219,27.266479103033976,,,-86.6753415,36.0556212,,,0.0,0.0,1.0,1.0,7631.550716613296,-7557.2507166132955,356.79366314757266,West,True
4120,1619473323.1,61.40764610153057,1.265177476764661,27.633239551516986,,,-86.67532975,36.055609849999996,,,0.0,0.0,1.0,1.0,7633.196469462939,-7558.8964694629385,356.79365185581764,West,True
4121,1619473323.2,61.6831610936668,1.3086440219146152,28.0,,,-86.675318,36.0555985,,,0.0,0.0,1.0,1.0,7634.842222409746,-7560.542222409746,356.7650920252374,West,True
4122,1619473323.3,62.00281433261316,1.346351904321296,28.0,,,-86.67530620000001,36.055587,,,0.0,0.0,1.0,1.0,7636.50366675136,-7562.203666751359,356.7922076818394,West,True
4123,1619473323.4,62.31707529072703,1.3783532263309026,28.264984501565337,,,-86.67529429999999,36.0555755,,,0.0,0.0,1.0,1.0,7638.170864977806,-7563.8708649778055,356.7094160910886,West,True
4124,1619473323.5,62.57880268703899,1.4048605547888298,28.76483136439853,,,-86.67528270000001,36.055564,,,0.0,0.0,1.0,1.0,7639.820888683202,-7565.5208886832015,356.8188616423893,West,True
4125,1619473323.6,62.84545647353707,1.4262365010076712,29.265272557232898,,,-86.6752707,36.055552500000005,,,0.0,0.0,1.0,1.0,7641.493869411973,-7567.193869411973,356.81885019011656,West,True
4126,1619473323.7,63.12433813144776,1.4429335702943216,29.76624301123816,,,-86.6752587,36.055541,,,0.0,0.0,1.0,1.0,7643.166850242768,-7568.866850242768,356.70866090644597,West,True
4127,1619473323.8,63.446371057990426,1.4554764280799903,30.0,,,-86.6752468,36.0555292,,,0.0,0.0,1.0,1.0,7644.859770147389,-7570.559770147389,356.84506465306873,West,True
4128,1619473323.9,63.743278697664046,1.4643971108702298,30.0,,,-86.6752347,36.0555177,,,0.0,0.0,1.0,1.0,7646.53856171067,-7572.23856171067,356.76224981803813,West,True
4129,1619473324.0,64.04041918645662,1.4702234153259386,30.265286860782115,,,-86.6752225,36.0555058,,,0.0,0.0,0.7583518901419248,1.0,7648.2571973966205,-7573.95719739662,356.8417160592473,West,True
4130,1619473324.1,64.31698456385647,1.4734239596185965,30.632643430391056,,,-86.67521015,36.05549405,,,0.0,0.0,0.4802116338258679,1.0,7649.97172515428,-7575.67172515428,356.8417043596776,West,True
4131,1619473324.2,64.5935499412563,1.4744124117211004,31.0,,,-86.6751978,36.0554823,,,0.0,0.0,0.202071377509811,1.0,7651.686253018442,-7577.3862530184415,356.7628872469766,West,True
4132,1619473324.3,64.86697179911138,1.4735116680371725,31.0,,,-86.67518570000001,36.0554705,,,0.0,0.0,0.0,1.0,7653.390591326261,-7579.09059132626,356.76024713523464,West,True
4133,1619473324.4,65.16645416078984,1.4709759722098075,31.26483706367109,,,-86.6751732,36.0554583,,,0.0,0.0,0.0,1.0,7655.152120616469,-7580.852120616469,356.7875895107516,West,True
4134,1619473324.5,65.37111381647598,1.4669755679315795,31.765701034017862,,,-86.6751608,36.0554463,,,0.0,0.0,0.0,1.0,7656.890804159373,-7582.590804159373,356.8662298546405,West,True
4135,1619473324.6,65.67869592388769,1.4616306471778173,32.0,,,-86.6751483,36.0554345,,,0.0,0.0,0.0,1.0,7658.618313585044,-7584.318313585044,356.75957977979544,West,True
4136,1619473324.7,65.98098744250565,1.4550107298895498,32.0,,,-86.67513570000001,36.0554222,,,0.0,0.0,0.0,1.0,7660.394140965607,-7586.094140965607,356.8111127388756,West,True
4137,1619473324.8,66.26946505394294,1.4471695351037313,32.264406408090416,,,-86.675123,36.05541,,,0.0,0.0,0.0,1.0,7662.16719372514,-7587.86719372514,356.7850166849364,West,True
4138,1619473324.9,66.44,1.438149945881884,32.76413714056956,,,-86.6751103,36.0553977,,,0.0,0.0,0.0,1.0,7663.948768605684,-7589.6487686056835,356.7858325795051,West,True
4139,1619473325.0,66.74738506466416,1.4280094273697936,33.0,,,-86.67509770000001,36.0553855,,,0.0,0.0,0.0,1.0,7665.716046603581,-7591.416046603581,356.80806634756624,West,True
4140,1619473325.1,67.09596791687554,1.4168226665366375,33.0,,,-86.67508470000001,36.055373,,,0.0,0.0,0.0,1.0,7667.531987883941,-7593.231987883941,356.83472270726696,West,True
4141,1619473325.2,67.2886094084564,1.4046925226769686,33.264451892203816,,,-86.6750718,36.0553607,,,0.0,0.0,0.0,1.0,7669.32513760631,-7595.02513760631,356.83352505601226,West,True
4142,1619473325.3,67.49579342008748,1.3917468263554005,33.764528794094886,,,-86.6750588,36.05534829999999,,,0.0,0.0,0.0,0.9030677437011952,7671.132582338673,-7596.832582338673,356.8080291239782,West,True
4143,1619473325.4,67.82130891371109,1.378137082078064,34.0,,,-86.67504579999999,36.0553358,,,0.0,0.0,0.0,0.5460161555179291,7672.948523974737,-7598.648523974737,356.8070439496697,West,True
4144,1619473325.5,68.00751152159026,1.3640304243336963,34.0,,,-86.6750327,36.0553232,,,0.0,0.0,0.0,0.1889654186107684,7674.778761878542,-7600.478761878542,356.8060734168769,West,True
4145,1619473325.6,68.28898325629359,1.3496035166077143,34.2644181947079,,,-86.67501949999999,36.0553105,,,0.0,0.0,0.0,0.0,7676.623296094258,-7602.323296094258,356.806060773041,West,True
4146,1619473325.7,68.54,1.335032410430202,34.766697083788394,,,-86.67500629999999,36.05529779999999,,,0.0,0.0,0.0,0.0,7678.467830432943,-7604.1678304329425,356.8549237725751,West,True
4147,1619473325.8,68.82449450958666,1.3204897110112137,35.267578015641845,,,-86.674993,36.0552852,,,0.0,0.0,0.0,0.0,7680.309688416928,-7606.009688416928,356.6805648387864,West,True
4148,1619473325.9,69.0793489759935,1.3061332944378543,35.767248619574346,,,-86.67498,36.0552722,,,0.0,0.0,0.0,0.0,7682.168529776384,-7607.868529776384,356.82998856243313,West,True
4149,1619473326.0,69.31340766823162,1.292111293943816,36.0,,,-86.6749667,36.0552595,,,0.0,0.0,0.0,0.0,7684.018860416896,-7609.718860416896,356.82776152237585,West,True
4150,1619473326.1,69.55225156965028,1.278547414155327,36.13330351178547,,,-86.6749532,36.055246600000004,,,0.0,0.0,0.0,0.0,7685.8977815082235,-7611.597781508223,356.82774868371564,West,True
4151,1619473326.2,69.79109547106896,1.265553891997343,36.26660702357095,,,-86.6749397,36.0552337,,,0.0,0.0,0.0,0.0,7687.776702729462,-7613.476702729462,356.80411121795885,West,True
4152,1619473326.3,70.04185602905252,1.2532099923267517,36.76692909628781,,,-86.6749263,36.0552208,,,0.0,0.0,0.0,0.0,7689.649830323797,-7615.349830323797,356.80318261042197,West,True
4153,1619473326.4,70.25982265163927,1.2415812691264025,37.0,,,-86.6749128,36.0552078,,,0.0,0.0,0.0,0.0,7691.537254358755,-7617.237254358754,356.84851704103045,West,True
4154,1619473326.5,70.52,1.2306905264799326,37.0,,,-86.674899,36.0551947,,,0.0,0.0,0.0,0.0,7693.450582865539,-7619.150582865539,356.84973081733705,West,True
4155,1619473326.6,70.81314668524674,1.2205430468023866,37.26521166541242,,,-86.6748853,36.055181700000006,,,0.0,0.0,0.0,0.0,7695.349617431553,-7621.049617431553,356.7778818752284,West,True
4156,1619473326.7,71.0175098019033,1.2110940081547867,37.76464368385456,,,-86.67487170000001,36.0551685,,,0.0,0.0,0.0,0.0,7697.25986873777,-7622.95986873777,356.84726903186345,West,True
4157,1619473326.8,71.22954704092174,1.2022810254324017,38.0,,,-86.6748578,36.0551553,,,0.0,0.0,0.0,0.0,7699.187491792658,-7624.887491792658,356.7534971461903,West,True
4158,1619473326.9,71.45271528344347,1.1939946271556465,38.0,,,-86.67484420000001,36.055142,,,0.0,0.0,0.0,0.0,7701.106300403232,-7626.806300403232,356.8460511277327,West,True
4159,1619473327.0,71.68088460677112,1.1861180352187306,38.264464163398216,,,-86.6748302,36.0551287,,,0.0,0.0,0.0,0.0,7703.048217946746,-7628.748217946746,356.79955912467335,West,True
4160,1619473327.1,71.85709831867277,1.1785052684843733,38.76585502305348,,,-86.67481629999999,36.0551153,,,0.0,0.0,0.0,0.0,7704.992828541177,-7630.692828541177,356.8460247460996,West,True
4161,1619473327.2,72.09087979134218,1.1710232219704384,39.0,,,-86.6748023,36.055102000000005,,,0.0,0.0,0.0,0.0,7706.934746359975,-7632.634746359975,356.7986810317252,West,True
4162,1619473327.3,72.38519112719351,1.163536929360232,39.0,,,-86.67478829999999,36.0550885,,,0.0,0.0,0.0,0.0,7708.893653727313,-7634.593653727313,356.82132525603095,West,True
4163,1619473327.4,72.60731928430886,1.1559443289122424,39.26458494129043,,,-86.6747742,36.055075,,,0.0,0.0,0.0,0.0,7710.858348840781,-7636.558348840781,356.84365144025224,West,True
4164,1619473327.5,72.85682670957651,1.1481647865915163,39.764931484625045,,,-86.67475999999999,36.0550615,,,0.0,0.0,0.0,0.0,7712.82885572004,-7638.52885572004,356.75131372985385,West,True
4165,1619473327.6,73.05713512286279,1.140157032026956,40.0,,,-86.674746,36.0550478,,,0.0,0.0,0.0,0.0,7714.804857126653,-7640.5048571266525,356.82029199554887,West,True
4166,1619473327.7,73.29,1.1319085779771267,40.0,,,-86.6747318,36.0550342,,,0.0,0.0,0.0,0.0,7716.783848225446,-7642.483848225445,356.86563970783607,West,True
4167,1619473327.8,73.51490597667639,1.123433406281122,40.0,,,-86.6747175,36.05502070000001,,,0.0,0.0,0.0,0.0,7718.76019096124,-7644.46019096124,356.796932931207,West,True
4168,1619473327.9,73.76937258375546,1.1147652016471379,40.0,,,-86.67470329999999,36.055007,,,0.0,0.0,0.0,0.0,7720.747692274547,-7646.447692274547,356.79450541091023,West,True
4169,1619473328.0,73.96079381827774,1.1059397582256112,40.26265456342622,,,-86.6746888,36.054993,,,0.0,0.0,0.0,0.0,7722.778083635701,-7648.4780836357,356.81925838406966,West,True
4170,1619473328.1,74.1616499425796,1.0969988763884133,40.763357694208544,,,-86.6746745,36.05497929999999,,,0.0,0.0,0.0,0.0,7724.77137092182,-7650.4713709218195,356.79447773763195,West,True
4171,1619473328.2,74.3472855706816,1.087967231871139,41.0,,,-86.67466,36.0549653,,,0.0,0.0,0.0,0.0,7726.801762576897,-7652.501762576897,356.8830691495215,West,True
4172,1619473328.3,74.55511504079807,1.0788717347864827,41.0,,,-86.6746453,36.0549515,,,0.0,0.0,0.0,0.0,7728.826840325556,-7654.526840325556,356.7497124627147,West,True
4173,1619473328.4,74.75876079706597,1.0697205219392596,41.26475734249326,,,-86.674631,36.0549375,,,0.0,0.0,0.0,0.0,7730.8457368998015,-7656.545736899801,356.83795975997486,West,True
4174,1619473328.5,74.97930395511155,1.0605347583696794,41.7643172514498,,,-86.6746163,36.0549235,,,0.0,0.0,0.0,0.0,7732.887717972228,-7658.587717972227,356.81449219674363,West,True
4175,1619473328.6,75.23382151200822,1.0513307789384652,45.97113123404744,,,-86.6746015,36.0549093,,,0.0,0.0,0.0,0.0,7734.952484738218,-7660.652484738218,356.85925410583263,West,True
4176,1619473328.7,75.3910864962176,1.0421532085225969,53.489109237431535,,,-86.6745867,36.0548953,,,0.0,0.0,0.0,0.0,7737.000295205504,-7662.700295205504,356.81356234390444,West,True
4177,1619473328.8,75.57299344697043,1.033056065841719,57.0,,,-86.6745718,36.054881,,,0.0,0.0,0.0,0.0,7739.079358156518,-7664.779358156517,356.8592261454325,West,True
4178,1619473328.9,75.78747892221173,1.0241241927349771,57.0,,,-86.674557,36.054867,,,0.0,0.0,0.0,0.0,7741.127168935456,-7666.827168935456,356.7928102440911,West,True
4179,1619473329.0,75.99145867592986,1.0154498296716183,57.0,,,-86.6745423,36.0548528,,,0.0,0.0,0.0,0.0,7743.186155226974,-7668.886155226974,356.83471969985357,West,True
4180,1619473329.1,76.16835757947347,1.0071357481755758,57.0,,,-86.6745273,36.0548385,,,0.0,0.0,0.0,0.0,7745.271021587082,-7670.971021587082,356.814407207641,West,True
4181,1619473329.2,76.41586288459592,0.9992695430544017,57.0,,,-86.6745125,36.05482429999999,,,0.0,0.0,0.0,0.0,7747.335789278754,-7673.035789278754,356.87625700540707,West,True
4182,1619473329.3,76.62497575531519,0.9919124086903562,57.0,,,-86.6744973,36.05481,,,0.0,0.0,0.0,0.0,7749.432329301028,-7675.132329301028,356.7919913087865,West,True
4183,1619473329.4,76.8255819996889,0.9850789262782116,57.0,,,-86.6744825,36.05479570000001,,,0.0,0.0,0.0,0.0,7751.505612974822,-7677.205612974822,356.8749463850171,West,True
4184,1619473329.5,76.96131094188524,0.9787232114635209,57.0,,,-86.6744672,36.0547813,,,0.0,0.0,0.0,0.0,7753.61644574057,-7679.31644574057,356.916704251806,West,True
4185,1619473329.6,77.20850693608432,0.9727324438021023,57.0,,,-86.67445179999999,36.054767,,,0.0,0.0,0.0,0.0,7755.724748299232,-7681.424748299231,356.85672471458616,West,True
4186,1619473329.7,77.38250189724519,0.9669228095135691,57.0,,,-86.6744368,36.0547528,,,0.0,0.0,0.0,0.0,7757.801147444269,-7683.501147444269,356.8965630654114,West,True
4187,1619473329.8,77.55195971522515,0.9610497916181263,57.0,,,-86.6744215,36.0547385,,,0.0,0.0,0.0,0.0,7759.903558310362,-7685.603558310362,356.89375380671504,West,True
4188,1619473329.9,77.77,0.954820599783167,57.0,,,-86.674406,36.054724,,,0.0,0.0,0.0,0.0,7762.034551376348,-7687.734551376348,356.8937393788066,West,True
4189,1619473330.0,77.97551002093928,0.9479166163177499,57.0,,,-86.6743905,36.0547095,,,0.0,0.0,0.0,0.0,7764.165544611026,-7689.865544611026,356.89794510005487,West,True
4190,1619473330.1,78.19864332199379,0.9400207548578052,57.0,,,-86.67437530000001,36.0546953,,,0.0,0.0,0.0,0.0,7766.25366511097,-7691.95366511097,356.89650585388387,West,True
4191,1619473330.2,78.42116382425206,0.9308415531469985,57.0,,,-86.67436,36.054681,,,0.0,0.0,0.0,0.0,7768.3560766346955,-7694.056076634695,356.8509366241911,West,True
4192,1619473330.3,78.68463908860852,0.9201471853020537,57.0,,,-86.67434449999999,36.0546663,,,0.0,0.0,0.0,0.0,7770.503945782007,-7696.2039457820065,357.0320073914793,West,True
4193,1619473330.4,78.79364279398763,0.9077790024337818,57.0,,,-86.6743285,36.054652,,,0.0,0.0,0.0,0.0,7772.648053393174,-7698.348053393174,356.99055835056316,West,True
4194,1619473330.5,78.98536878339131,0.8936813216122577,57.0,,,-86.6743125,36.0546375,,,0.0,0.0,0.0,0.0,7774.808705295439,-7700.508705295439,356.94911206408386,West,True
4195,1619473330.6,79.20316315184759,0.877895289305254,57.0,,,-86.6742965,36.0546228,,,0.0,0.0,0.0,0.0,7776.986002930481,-7702.686002930481,356.93152928576507,West,True
4196,1619473330.7,79.42252952178377,0.8605759831036197,57.0,,,-86.6742807,36.0546082,,,0.0,0.0,0.0,0.0,7779.143084532951,-7704.843084532951,356.9905152275987,West,True
4197,1619473330.8,79.59474353121632,0.8419642866959053,57.0,,,-86.6742647,36.054593700000005,,,0.0,0.0,0.0,0.0,7781.303736967496,-7707.003736967496,356.94906833982674,West,True
4198,1619473330.9,79.75,0.8223892163149031,57.0,,,-86.6742487,36.054579,,,0.0,0.0,0.0,0.0,7783.481035131083,-7709.181035131083,356.99048635392637,West,True
4199,1619473331.0,79.90013315137209,0.8022234329705772,57.0,,,-86.6742327,36.054564500000005,,,0.0,0.0,0.0,0.0,7785.641687920875,-7711.341687920874,356.9490390749817,West,True
4200,1619473331.1,80.03196431274598,0.7818758973964216,57.0,,,-86.6742167,36.0545498,,,0.0,0.0,0.0,0.0,7787.818986437836,-7713.518986437836,356.9904574812526,West,True
4201,1619473331.2,80.23297215362501,0.7617420599003379,57.0,,,-86.6742007,36.0545353,,,0.0,0.0,0.0,0.0,7789.979639583463,-7715.679639583463,356.9697260302327,West,True
4202,1619473331.3,80.36026599338896,0.7421961122232928,57.0,,,-86.67418470000001,36.054520700000005,,,0.0,0.0,0.0,0.0,7792.1486031428385,-7717.848603142838,356.9828487286271,West,True
4203,1619473331.4,80.52441058407602,0.7235471747173858,56.73488622080904,,,-86.67416829999999,36.0545058,,,0.0,0.0,0.0,0.0,7794.366386323486,-7720.066386323486,357.0613600740172,West,True
4204,1619473331.5,80.66745395029376,0.7060396797741142,56.23614131759597,,,-86.67415179999999,36.0544912,,,0.0,0.0,0.0,0.0,7796.565414871615,-7722.265414871615,357.0590457046472,West,True
4205,1619473331.6,80.80088481651164,0.6898225037867423,56.0,,,-86.67413520000001,36.0544765,,,0.0,0.0,0.0,0.0,7798.778716502602,-7724.478716502602,356.9809663905522,West,True
4206,1619473331.7,80.95238752671494,0.6749618599052418,56.0,,,-86.67411870000001,36.0544615,,,0.0,0.0,0.0,0.0,7801.010783180503,-7726.710783180502,357.05674422721034,West,True
4207,1619473331.8,81.08,0.6614244870696718,56.0,,,-86.674102,36.0544467,,,0.0,0.0,0.0,0.0,7803.238358425851,-7728.938358425851,357.0049709279747,West,True
4208,1619473331.9,81.19,0.6491030464247807,56.0,,,-86.6740857,36.054432,,,0.0,0.0,0.0,0.0,7805.4335676422525,-7731.133567642252,357.01701234832296,West,True
4209,1619473332.0,81.32312793544293,0.6378102632140885,56.0,,,-86.67406899999999,36.054417,,,0.0,0.0,0.0,0.0,7807.677623004508,-7733.377623004508,357.0347215025821,West,True
4210,1619473332.1,81.46520217609734,0.6273141804710269,56.0,,,-86.6740522,36.054402,,,0.0,0.0,0.0,0.0,7809.9277025433485,-7735.627702543348,357.0914573295487,West,True
4211,1619473332.2,81.61365069694453,0.6173382385540103,56.0,,,-86.6740353,36.0543872,,,0.0,0.0,0.0,0.0,7812.167435061998,-7737.867435061998,357.0544253390313,West,True
4212,1619473332.3,81.69845548383583,0.6076025139441072,56.0,,,-86.6740185,36.0543723,,,0.0,0.0,0.0,0.0,7814.409284827147,-7740.109284827146,357.049999162517,West,True
4213,1619473332.4,81.84,0.5978239694603097,56.0,,,-86.6740015,36.054357200000005,,,0.0,0.0,0.0,0.0,7816.679682870446,-7742.379682870446,357.0694864846644,West,True
4214,1619473332.5,81.98,0.587758972388735,56.0,,,-86.6739845,36.0543422,,,0.0,0.0,0.0,0.0,7818.941870217869,-7744.641870217869,357.0889746937133,West,True
4215,1619473332.6,82.09,0.5771976483154513,55.7345025857781,,,-86.6739675,36.0543273,,,0.0,0.0,0.0688045561947865,0.0,7821.195871812734,-7746.895871812734,357.10347415891573,West,True
4216,1619473332.7,82.19687652615042,0.566002659459329,55.2353974339752,,,-86.6739503,36.0543123,,,0.0,0.0,0.2158233689356155,0.0,7823.470244278063,-7749.1702442780625,357.0865495753498,West,True
4217,1619473332.8,82.32395608344699,0.5540924589253241,55.0,,,-86.67393320000001,36.0542973,,,0.0,0.0,0.3628418311567815,0.0,7825.738514946156,-7751.438514946156,357.1034443727673,West,True
4218,1619473332.9,82.48437150080441,0.5414725256956364,55.0,,,-86.673916,36.0542823,,,0.0,0.0,0.5098606438976104,0.0,7828.0128878127525,-7753.712887812752,357.1584789879558,West,True
4219,1619473333.0,82.58474238629628,0.5282051541060614,55.0,,,-86.67389870000001,36.0542675,,,0.0,0.0,0.6568791061187763,0.0,7830.277167473947,-7755.977167473947,357.1366526043252,West,True
4220,1619473333.1,82.70535281071164,0.514432235683957,55.0,,,-86.67388129999999,36.0542525,,,0.0,0.0,0.8038975683399423,0.0,7832.563801920396,-7758.263801920396,357.1201143040371,West,True
4221,1619473333.2,82.80208294955843,0.5003333283230125,55.0,,,-86.673864,36.0542375,,,0.0,0.0,0.9509163810807711,0.0,7834.844296498439,-7760.544296498439,357.08176662775196,West,True
4222,1619473333.3,82.90714595865937,0.486142223757078,55.0,,,-86.67384670000001,36.0542223,,,0.0,0.0,1.0,0.0,7837.141106653458,-7762.841106653458,357.15294312201075,West,True
4223,1619473333.4,83.00285217633153,0.4720984774405892,55.0,,,-86.6738292,36.0542073,,,0.0,0.0,1.0,0.0,7839.4339005915335,-7765.133900591533,357.1529281776806,West,True
4224,1619473333.5,83.06942866153084,0.45846166247001097,55.0,,,-86.6738117,36.0541923,,,0.0,0.0,1.0,0.0,7841.726694735034,-7767.426694735033,357.18503150819924,West,True
4225,1619473333.6,83.17843901592319,0.4454628365095122,54.73623881995633,,,-86.673794,36.0541773,,,0.0,0.0,1.0,0.0,7844.0318626559765,-7769.731862655976,357.22249051366555,West,True
4226,1619473333.7,83.3063693326728,0.43332006371021464,54.23491508366133,,,-86.67377629999999,36.0541625,,,0.0,0.0,1.0,0.0,7846.320991051327,-7772.020991051327,357.16352868205195,West,True
4227,1619473333.8,83.35448499289741,0.4221954763129102,54.0,,,-86.67375849999999,36.0541473,,,0.0,0.0,1.0,0.0,7848.648472647981,-7774.348472647981,357.1849866079616,West,True
4228,1619473333.9,83.38160626097832,0.41221414749605106,54.0,,,-86.67374079999999,36.0541323,,,0.0,0.0,1.0,0.0,7850.953641196905,-7776.653641196905,357.1690032175012,West,True
4229,1619473334.0,83.5481359733496,0.40343039192065366,54.0,,,-86.67372320000001,36.0541173,,,0.0,0.0,1.0,0.0,7853.252613909,-7778.952613908999,357.2148631297045,West,True
4230,1619473334.1,83.61607735684302,0.39585035597213114,54.0,,,-86.67370525000001,36.05410225,,,0.0,0.0,1.0,0.0,7855.57735199535,-7781.27735199535,357.2148481457122,West,True
4231,1619473334.2,83.68401874033644,0.3894087876461595,54.0,,,-86.6736873,36.054087200000005,,,0.0,0.0,1.0,0.0,7857.902090296199,-7783.602090296199,357.1949193952828,West,True
4232,1619473334.3,83.76480128002885,0.38399422609005895,54.0,,,-86.6736693,36.054072,,,0.0,0.0,0.8707110983567328,0.0,7860.241970342043,-7785.941970342043,357.2103773960785,West,True
4233,1619473334.4,83.88839484611741,0.3794351948836663,54.0,,,-86.6736512,36.0540568,,,0.0,0.0,0.6784338030958299,0.0,7862.588076406634,-7788.288076406634,357.21331452684467,West,True
4234,1619473334.5,83.9349038425351,0.3755258982404247,54.0,,,-86.67363320000001,36.0540417,,,0.0,0.0,0.4861569662590664,0.0,7864.919937632482,-7790.619937632482,357.17922813229734,West,True
4235,1619473334.6,84.0309675978672,0.3720193183521943,54.0,,,-86.6736153,36.0540265,,,0.0,0.0,0.2938801294223031,0.0,7867.253610540131,-7792.953610540131,357.21033222527967,West,True
4236,1619473334.7,84.062280654929,0.36865127358752536,54.0,,,-86.6735972,36.05401129999999,,,0.0,0.0,0.1016028341614001,0.0,7869.5997172567995,-7795.299717256799,357.27375778282186,West,True
4237,1619473334.8,84.12400875369697,0.3651377970515413,54.0,,,-86.67357879999999,36.05399620000001,,,0.0,0.0,0.0,0.0,7871.956674165315,-7797.656674165315,357.2469514073486,West,True
4238,1619473334.9,84.25632209280481,0.36119633309899946,54.0,,,-86.67356070000001,36.0539812,,,0.0,0.0,0.0,0.0,7874.286811137686,-7799.986811137685,357.24823453272165,West,True
4239,1619473335.0,84.33979225811106,0.3565457324420759,54.0,,,-86.67354235,36.053966,,,0.0,0.0,0.0,0.0,7876.64856094181,-7802.348560941809,357.24821939215684,West,True
4240,1619473335.1,84.4232624234173,0.3509244003675597,54.0,,,-86.673524,36.0539508,,,0.0,0.0,0.0,0.0,7879.010310968454,-7804.710310968454,357.2588228589786,West,True
4241,1619473335.2,84.5373232393776,0.3440919841717491,53.73534573785846,,,-86.6735057,36.0539357,,,0.0,0.0,0.0,0.0,7881.360968551311,-7807.060968551311,357.24818915458076,West,True
4242,1619473335.3,84.61275936404971,0.3358442044215689,53.36767286892923,,,-86.67348735,36.0539205,,,0.0,0.0,0.0,0.0,7883.722719021533,-7809.422719021532,357.24817401631765,West,True
4243,1619473335.4,84.6881954887218,0.3260147334871923,53.0,,,-86.673469,36.0539053,,,0.0,0.0,0.0,0.0,7886.084469714275,-7811.784469714275,357.27690403087365,West,True
4244,1619473335.5,84.77510461814377,0.3144849915883172,53.0,,,-86.6734507,36.0538903,,,0.0,0.0,0.0,0.0,7888.427198383211,-7814.127198383211,357.33505224607535,West,True
4245,1619473335.6,84.85284536556225,0.30118324508281097,53.0,,,-86.67343199999999,36.0538753,,,0.0,0.0,0.0,0.0,7890.795316756878,-7816.495316756877,357.2768738223864,West,True
4246,1619473335.7,84.95266486564717,0.2860863019976011,53.0,,,-86.6734137,36.0538603,,,0.0,0.0,0.0,0.0,7893.138045866718,-7818.838045866718,357.3456296072984,West,True
4247,1619473335.8,84.99789704652453,0.2692124641511577,53.0,,,-86.6733948,36.053845200000005,,,0.0,0.0,0.0903577297445547,0.0,7895.526764388395,-7821.226764388395,357.27684344878173,West,True
4248,1619473335.9,85.07120859897022,0.2506130722040139,53.0,,,-86.6733765,36.0538302,,,0.0,0.0,0.2827229453093003,0.0,7897.869493940045,-7823.569493940045,357.3349929567853,West,True
4249,1619473336.0,85.11148301030077,0.23035850830203314,53.0,,,-86.67335779999999,36.0538152,,,0.0,0.0,0.4750877022402883,0.0,7900.237613224971,-7825.937613224971,357.3138398447441,West,True
4250,1619473336.1,85.24029287668975,0.20852188947244427,53.0,,,-86.673339,36.0538,,,0.0,0.0,0.6674524591712764,0.0,7902.627796501672,-7828.327796501671,357.2994814193431,West,True
4251,1619473336.2,85.28270826708341,0.1851625484315476,53.0,,,-86.6733203,36.0537848,,,0.0,0.0,0.8598176747360219,0.0,7905.011631974785,-7830.711631974785,357.32064071533546,West,True
4252,1619473336.3,85.30492427328272,0.1603099543457393,53.0,,,-86.6733017,36.0537698,,,0.0,0.0,1.0,0.0,7907.373378825774,-7833.073378825774,357.3630947742677,West,True
4253,1619473336.4,85.30076011919084,0.13395379856166556,52.73696947310726,,,-86.6732828,36.05375479999999,,,0.0,0.0,1.0,0.0,7909.754295925874,-7835.454295925874,357.3543025658607,West,True
4254,1619473336.5,85.3222174658689,0.10603915351003235,52.368484736553626,,,-86.6732639,36.05373974999999,,,0.0,0.0,1.0,0.0,7912.139111373029,-7837.839111373029,357.35428757429685,West,True
4255,1619473336.6,85.34367481254698,0.07647206133001845,52.0,,,-86.673245,36.0537247,,,0.0,0.0,1.0,0.0,7914.523927051097,-7840.223927051097,357.4214771829357,West,True
4256,1619473336.7,85.24953336716092,0.045133252579268805,52.0,,,-86.6732258,36.0537098,,,0.0,0.0,1.0,0.0,7916.9164512429,-7842.6164512428995,357.3313807121849,West,True
4257,1619473336.8,85.28438241024215,0.011900913594151831,52.0,,,-86.67320699999999,36.0536947,,,0.0,0.0,1.0,0.0,7919.298786207216,-7844.998786207216,357.39927979260835,West,True
4258,1619473336.9,85.25491388920659,-0.023319724056859042,52.0,,,-86.67318789999999,36.05367975,,,0.0,0.0,1.0,0.0,7921.688697456311,-7847.388697456311,357.3992648979613,West,True
4259,1619473337.0,85.22544536817102,-0.06056595811255365,52.0,,,-86.6731688,36.0536648,,,0.0,0.0,1.0,0.0,7924.07860893881,-7849.77860893881,357.3837244780536,West,True
4260,1619473337.1,85.20490330323153,-0.09978562351304002,51.868082478655424,,,-86.67314975,36.0536498,,,0.0,0.0,1.0,0.0,7926.469169135932,-7852.169169135932,357.38370953278974,West,True
4261,1619473337.2,85.18436123829203,-0.1408164908675908,51.736164957310855,,,-86.6731307,36.0536348,,,0.0,0.0,1.0,0.0,7928.859729566503,-7854.559729566503,357.43867180146344,West,True
4262,1619473337.3,85.16141868730605,-0.18336920407069673,51.235672734432335,,,-86.6731115,36.05362,,,0.0,0.0,1.0,0.0,7931.244568513723,-7856.9445685137225,357.40409134499436,West,True
4263,1619473337.4,85.17000108776446,-0.2270321853075821,51.0,,,-86.6730923,36.053605,,,0.0,0.0,1.0,0.0,7933.644807926335,-7859.344807926334,357.42525013783137,West,True
4264,1619473337.5,85.07842330256038,-0.27127977092227934,51.0,,,-86.6730732,36.0535902,,,0.0,0.0,1.0,0.0,7936.023149101544,-7861.723149101544,357.4478929475625,West,True
4265,1619473337.6,85.02946888310565,-0.31550634215812723,51.0,,,-86.67305379999999,36.0535753,,,0.0,0.0,1.0,0.0,7938.428678510707,-7864.128678510707,357.4599688525124,West,True
4266,1619473337.7,84.89578829986417,-0.3590554727816705,51.0,,,-86.6730347,36.0535607,,,0.0,0.0,1.0,0.0,7940.7916865115685,-7866.491686511568,357.4472399926159,West,True
4267,1619473337.8,84.76603136654388,-0.40127189878048797,51.0,,,-86.67301549999999,36.05354595,,,0.0,0.0,1.0,0.0,7943.172693472268,-7868.872693472268,357.44722529609703,West,True
4268,1619473337.9,84.6362744332236,-0.44153499932540463,51.0,,,-86.6729963,36.0535312,,,0.0,0.0,1.0,0.0,7945.55370066653,-7871.25370066653,357.43462813918984,West,True
4269,1619473338.0,84.56087237347724,-0.47930887331427663,50.73601003973466,,,-86.672977,36.05351629999999,,,0.0,0.0,1.0,0.0,7947.9527214379395,-7873.652721437939,357.47312272966326,West,True
4270,1619473338.1,84.39923844412128,-0.5141615460135952,50.23613279527475,,,-86.67295779999999,36.053501700000005,,,0.0,0.0,1.0,0.0,7950.322270681086,-7876.0222706810855,357.4077722931932,West,True
4271,1619473338.2,84.23021489710435,-0.5457973836437271,50.0,,,-86.6729387,36.0534868,,,0.0,0.0,1.0,0.0,7952.708321078131,-7878.408321078131,357.49911089064733,West,True
4272,1619473338.3,84.04871592645083,-0.5740533811488949,50.0,,,-86.6729193,36.0534722,,,0.0,0.0,1.0,0.0,7955.090999309467,-7880.790999309467,357.50765011432674,West,True
4273,1619473338.4,83.9078555013322,-0.5989112263164482,50.0,,,-86.6728997,36.0534575,,,0.0,0.0,1.0,0.0,7957.494417786016,-7883.194417786016,357.70680225033976,West,True
4274,1619473338.5,83.72189792879382,-0.620476553808995,50.0,,,-86.6728797,36.0534437,,,0.0,0.0,1.0,0.0,7959.858162491148,-7885.558162491147,357.89224273942614,West,True
4275,1619473338.6,83.60391896139522,-0.6389802214658138,49.73730332008704,,,-86.6728592,36.0534307,,,0.0,0.0,1.0,0.0,7962.200351896328,-7887.900351896328,357.71301977112745,West,True
4276,1619473338.7,83.50755160116381,-0.6547545987358625,49.23662111042008,,,-86.672839,36.0534168,,,0.0,0.0,1.0,0.0,7964.5849936469185,-7890.284993646918,357.70790512117986,West,True
4277,1619473338.8,83.29831769901814,-0.668235565244085,49.0,,,-86.67281870000001,36.0534028,,,0.0,0.0,1.0,0.0,7966.9836900176115,-7892.683690017611,357.5739588136973,West,True
4278,1619473338.9,83.19911755082964,-0.6799454010653156,49.0,,,-86.6727987,36.05338820000001,,,0.0,0.0,1.0,0.0,7969.406129019416,-7895.106129019416,357.39402352369433,West,True
4279,1619473339.0,83.1295228752341,-0.6904971342072521,49.0,,,-86.6727797,36.0533733,,,0.0,0.0,1.0,0.0,7971.78572019315,-7897.48572019315,357.55387968967244,West,True
4280,1619473339.1,82.91,-0.7005800921505017,49.0,,,-86.67276,36.0533588,,,0.0,0.0,1.0,0.0,7974.180711057936,-7899.8807110579355,357.6139210505747,West,True
4281,1619473339.2,82.73,-0.7109550235578941,48.737636269250736,,,-86.6727405,36.0533448,,,0.0,0.0,1.0,0.0,7976.525157950915,-7902.225157950915,357.55938007013657,West,True
4282,1619473339.3,82.62331753210192,-0.722427741184588,48.2370962641192,,,-86.67272129999999,36.0533307,,,0.0,0.0,0.9611296811372572,0.0,7978.856970274517,-7904.556970274517,357.5921794483114,West,True
4283,1619473339.4,82.43749251369118,-0.7358197416648153,48.0,,,-86.6727017,36.0533165,,,0.0,0.0,0.8140161413083509,0.0,7981.222930376883,-7906.9229303768825,357.567372077136,West,True
4284,1619473339.5,82.23810178494003,-0.7519188951396274,48.0,,,-86.67268229999999,36.0533023,,,0.0,0.0,0.6669029522249541,0.0,7983.575531455557,-7909.275531455557,357.59684154839954,West,True
4285,1619473339.6,82.13705295867013,-0.7714228520629873,47.736174280347456,,,-86.6726628,36.0532882,,,0.0,0.0,0.5197897631415573,0.0,7985.927377404211,-7911.627377404211,357.6499642132537,West,True
4286,1619473339.7,82.0282077437554,-0.7948741602546145,47.23626605452101,,,-86.67264300000001,36.0532742,,,0.0,0.0,0.372676223312651,0.0,7988.292058970663,-7913.992058970663,357.57978954863165,West,True
4287,1619473339.8,81.86884134543831,-0.822596093494781,47.0,,,-86.6726235,36.05326,,,0.0,0.0,0.2255630342292542,0.0,7990.65133270826,-7916.35133270826,357.64787306022805,West,True
4288,1619473339.9,81.68403175853982,-0.8546403456795698,47.0,,,-86.672604,36.0532462,,,0.0,0.0,0.0784494944003478,0.0,7992.981073760352,-7918.681073760352,357.6648848688013,West,True
4289,1619473340.0,81.57315252627639,-0.8907501825073989,46.73818106420173,,,-86.6725845,36.0532325,,,0.0,0.0,0.0,0.0,7995.303506232561,-7921.0035062325605,357.671698741605,West,True
4290,1619473340.1,81.33679202403239,-0.930354394752853,46.238373513286135,,,-86.67256479999999,36.0532187,,,0.0,0.0,0.0,0.0,7997.646806345787,-7923.346806345787,357.60628363781757,West,True
4291,1619473340.2,81.12185147489464,-0.9725861054052616,46.0,,,-86.6725455,36.0532048,,,0.0,0.0,0.0,0.0,7999.970431174879,-7925.670431174879,357.6716715117605,West,True
4292,1619473340.3,80.83409069598943,-1.016338471655601,46.0,,,-86.67252579999999,36.053191,,,0.0,0.0,0.0,0.0,8002.313731759675,-7928.013731759675,357.698883265776,West,True
4293,1619473340.4,80.55330313725142,-1.060339215798122,45.73678922855128,,,-86.6725063,36.0531775,,,0.0,0.0,0.0,0.0,8004.621638827136,-7930.321638827136,357.6477903985759,West,True
4294,1619473340.5,80.26185262152579,-1.103250728359299,45.238699977911786,,,-86.6724868,36.053163700000006,,,0.0,0.0,0.0,0.0,8006.951381260799,-7932.651381260799,357.6767039165672,West,True
4295,1619473340.6,80.0108534632788,-1.1437674548130092,45.0,,,-86.6724672,36.05315,,,0.0,0.0,0.0,0.0,8009.2806082184115,-7934.980608218411,357.66292702115925,West,True
4296,1619473340.7,79.72392042899152,-1.1807170249712429,45.0,,,-86.672448,36.0531365,,,0.0,0.0,0.0,0.0,8011.568098203208,-7937.268098203208,357.6647756326676,West,True
4297,1619473340.8,79.40877012006833,-1.2131322931763062,45.0,,,-86.67242850000001,36.0531228,,,0.0,0.0,0.0,0.0,8013.890532519211,-7939.590532519211,357.68178885140014,West,True
4298,1619473340.9,79.19866879754295,-1.2403091654890126,45.0,,,-86.672409,36.0531092,,,0.0,0.0,0.0,0.0,8016.205688593595,-7941.905688593595,357.67498224302085,West,True
4299,1619473341.0,78.91408167280792,-1.2618184775434025,44.7373023255814,,,-86.6723897,36.05309570000001,,,0.0,0.0,0.0,0.0,8018.49997014862,-7944.19997014862,357.6869403617059,West,True
4300,1619473341.1,78.6521806083993,-1.2775017691092228,44.23708765652952,,,-86.6723703,36.053082200000006,,,0.0,0.0,0.0,0.0,8020.801057905492,-7946.5010579054915,357.67495525942286,West,True
4301,1619473341.2,78.4520995651549,-1.2874220573979152,44.0,,,-86.672351,36.0530687,,,0.0,0.0,0.0,0.0,8023.095339910692,-7948.795339910692,357.6921457692118,West,True
4302,1619473341.3,78.21053913859468,-1.2918144908758165,44.0,,,-86.6723317,36.0530553,,,0.0,0.0,0.0,0.0,8025.3823621999145,-7951.082362199914,357.7553652573529,West,True
4303,1619473341.4,77.92611222177796,-1.2910078086960413,43.73736305359223,,,-86.6723123,36.0530422,,,0.0,0.0,0.0,0.0,8027.654685172932,-7953.354685172932,357.65059566843337,West,True
4304,1619473341.5,77.67132897983382,-1.2853699198431143,43.23778112873141,,,-86.6722932,36.0530287,,,0.0,0.0,0.0,0.0,8029.935401253284,-7955.635401253284,357.71468705932716,West,True
4305,1619473341.6,77.44070906066676,-1.2752433198525495,43.0,,,-86.672274,36.0530155,,,0.0,0.0,0.0,0.0,8032.201142073431,-7957.9011420734305,357.6906438866115,West,True
4306,1619473341.7,77.35514203470102,-1.2609225183597186,43.0,,,-86.672255,36.0530023,,,0.0,0.0,0.0,0.0,8034.453216349751,-7960.15321634975,357.7319559124981,West,True
4307,1619473341.8,77.03,-1.2426313148581067,43.0,,,-86.6722358,36.052989200000006,,,0.0,0.0,0.0,0.0,8036.711770162061,-7962.411770162061,357.66607670053367,West,True
4308,1619473341.9,76.79867810977275,-1.2205434360086136,43.0,,,-86.672217,36.052976,,,0.0,0.0,0.0,0.0,8038.950239074769,-7964.650239074769,357.72555823238685,West,True
4309,1619473342.0,76.4767207752877,-1.1947991608965973,42.73705067257628,,,-86.672198,36.052963,,,0.0,0.0,0.0,0.0,8041.187883478938,-7966.8878834789375,357.7013749010353,West,True
4310,1619473342.1,76.20517435281114,-1.1655506185291236,42.237318749925535,,,-86.6721792,36.05295,,,0.0,0.0,0.0,0.0,8043.411834011464,-7969.1118340114635,357.7604883541971,West,True
4311,1619473342.2,76.18394850646862,-1.1329906193673693,42.0,,,-86.67216020000001,36.0529372,,,0.0,0.0,0.0,0.0,8045.635177112751,-7971.335177112751,357.70682729131886,West,True
4312,1619473342.3,76.00834898957629,-1.0973898178441084,42.0,,,-86.67214150000001,36.0529243,,,0.0,0.0,0.0,0.0,8047.8450703170765,-7973.545070317076,357.7245723116218,West,True
4313,1619473342.4,75.9448310791367,-1.0591074388882806,42.0,,,-86.6721228,36.0529115,,,0.0,0.0,0.0,0.0,8050.047762447205,-7975.747762447205,357.699986608355,West,True
4314,1619473342.5,75.72812777098302,-1.0185972566934214,42.0,,,-86.6721043,36.0528987,,,0.0,0.0,0.0,0.0,8052.236763541778,-7977.9367635417775,357.73018002481774,West,True
4315,1619473342.6,75.55,-0.9763881377782335,41.73767515695496,,,-86.67208570000001,36.052886,,,0.0,0.0,0.0,0.0,8054.425411698779,-7980.125411698778,357.7179110081,West,True
4316,1619473342.7,75.36491621502576,-0.9330606063355742,41.23705330500585,,,-86.6720672,36.0528733,,,0.0,0.0,0.0,0.0,8056.607199632971,-7982.307199632971,357.7358488768515,West,True
4317,1619473342.8,75.22427657411467,-0.8892095562908234,41.0,,,-86.6720487,36.0528607,,,0.0,0.0,0.0,0.0,8058.7818071303955,-7984.481807130395,357.7537873918026,West,True
4318,1619473342.9,75.12380370055295,-0.8454139002865444,41.0,,,-86.67203020000001,36.0528482,,,0.0,0.0,0.0,0.0,8060.949267447207,-7986.6492674472065,357.741579861751,West,True
4319,1619473343.0,74.96000000000001,-0.8022059893470173,41.0,,,-86.6720118,36.0528357,,,0.0,0.0,0.0,0.0,8063.10983765825,-7988.80983765825,357.741567402161,West,True
4320,1619473343.1,74.8068071889786,-0.7600587276389574,41.0,,,-86.6719934,36.052823200000006,,,0.0,0.0,0.0,0.0,8065.270408070416,-7990.970408070416,357.74155494418017,West,True
4321,1619473343.2,74.65361437795718,-0.7193785699971731,41.0,,,-86.671975,36.0528107,,,0.0,0.0,0.0,0.0,8067.430978684212,-7993.130978684212,357.78365797972685,West,True
4322,1619473343.3,74.49535874500918,-0.680517946941641,41.0,,,-86.67195670000001,36.0527985,,,0.0,0.0,0.0,0.0,8069.563298270937,-7995.2632982709365,357.77762908519543,West,True
4323,1619473343.4,74.40126129224134,-0.6437893152029661,40.73882605711557,,,-86.6719383,36.0527862,,,0.0,0.0,0.0,0.0,8071.709630049799,-7997.409630049799,357.72247174482607,West,True
4324,1619473343.5,74.34,-0.6094897205146117,40.23817850854943,,,-86.6719202,36.0527738,,,0.0,0.0,0.0,0.0,8073.842418381026,-7999.5424183810255,357.76845621988696,West,True
4325,1619473343.6,74.2623142261122,-0.577918391364551,40.11908925427471,,,-86.67190195,36.05276155,,,0.0,0.0,0.0,0.0,8075.97481970302,-8001.67481970302,357.76844400753475,West,True
4326,1619473343.7,74.18462845222439,-0.5493904691285333,40.0,,,-86.67188370000001,36.0527493,,,0.0,0.0,0.0,0.0,8078.107221221476,-8003.807221221476,357.7531832748493,West,True
4327,1619473343.8,74.00960537978342,-0.5242412182700606,40.0,,,-86.67186550000001,36.052737,,,0.0,0.0,0.0,0.0,8080.239728041459,-8005.939728041459,357.7835852149193,West,True
4328,1619473343.9,73.80296013017218,-0.5028133383910064,40.0,,,-86.6718472,36.05272479999999,,,0.0,0.0,0.0,0.0,8082.372048818174,-8008.072048818174,357.8079055666696,West,True
4329,1619473344.0,74.01276675929803,-0.4854457257226872,39.737115237368286,,,-86.671829,36.0527128,,,0.0,0.0,0.0,0.0,8084.483316484316,-8010.183316484316,357.8017105939849,West,True
4330,1619473344.1,73.83860768427034,-0.4724369276180322,39.23765764714428,,,-86.67181070000001,36.0527007,,,0.0,0.0,0.0,0.0,8086.608580767061,-8012.30858076706,357.8078815741547,West,True
4331,1619473344.2,74.07366261384293,-0.46403434834963125,39.0,,,-86.67179250000001,36.0526887,,,0.0,0.0,0.0,0.0,8088.719848822439,-8014.419848822439,357.8078696172577,West,True
4332,1619473344.3,73.81339019425435,-0.46039264035865646,39.0,,,-86.6717743,36.052676700000006,,,0.0,0.0,0.0,0.0,8090.831117071124,-8016.531117071124,357.81410913300107,West,True
4333,1619473344.4,73.66735392472239,-0.46158772347762805,38.73930932065581,,,-86.6717562,36.0526648,,,0.0,0.0,0.0,0.0,8092.928393168571,-8018.628393168571,357.8078457535066,West,True
4334,1619473344.5,73.64960468039263,-0.4675928242564224,38.23780035775095,,,-86.671738,36.0526528,,,0.0,0.0,0.0,0.0,8095.039661802281,-8020.739661802281,357.84433513887274,West,True
4335,1619473344.6,73.70977648953301,-0.47833410722376757,38.0,,,-86.67171979999999,36.052641,,,0.0,0.0,0.0,0.0,8097.136946220478,-8022.836946220478,357.85077692877684,West,True
4336,1619473344.7,73.59954945830934,-0.49369567019122806,38.0,,,-86.6717017,36.05262929999999,,,0.0,0.0,0.0,0.0,8099.220263256861,-8024.92026325686,357.8443116736376,West,True
4337,1619473344.8,73.43,-0.5136120897116376,37.740146446216166,,,-86.6716835,36.0526175,,,0.0,0.0,0.0,0.0,8101.317548055157,-8027.017548055157,357.80779797416267,West,True
4338,1619473344.9,73.3385284663982,-0.5380919773832049,37.23864348333469,,,-86.67166529999999,36.0526055,,,0.0,0.0,0.0,0.0,8103.428817451336,-8029.128817451336,357.8388128408826,West,True
4339,1619473345.0,73.03695038046202,-0.5673168949652005,36.73812708830904,,,-86.6716473,36.0525938,,,0.0,0.0,0.0,0.0,8105.505121173296,-8031.205121173296,357.8560453362715,West,True
4340,1619473345.1,72.97069045467408,-0.6016521135778725,36.2385052918719,,,-86.67162900000001,36.052582,,,0.0,0.0,0.0,0.0,8107.609427312887,-8033.309427312887,357.87569895453487,West,True
4341,1619473345.2,72.81713019047619,-0.6417049907153178,36.0,,,-86.671611,36.0525705,,,0.0,0.0,0.0,0.0,8109.671869628208,-8035.371869628208,357.8990104202903,West,True
4342,1619473345.3,72.5585007055842,-0.688284797319948,36.0,,,-86.6715928,36.052559,,,0.0,0.0,0.0,0.0,8111.748448780781,-8037.44844878078,357.85069509239474,West,True
4343,1619473345.4,72.7121540233515,-0.7423797665858358,35.73795245629763,,,-86.6715747,36.0525473,,,0.0,0.0,0.0,0.0,8113.831767141696,-8039.531767141696,357.8989875515229,West,True
4344,1619473345.5,72.52627456973124,-0.8050450612697988,35.23859714290136,,,-86.6715565,36.0525358,,,0.0,0.0,0.0,0.0,8115.908346674251,-8041.608346674251,357.9104468245416,West,True
4345,1619473345.6,72.4152330718847,-0.8772909314227014,34.73887405217226,,,-86.6715382,36.0525243,,,0.0,0.0,0.0,0.0,8117.992016938423,-8043.692016938423,357.8756411194029,West,True
4346,1619473345.7,72.24618003902825,-0.9599173034012722,34.23881324812819,,,-86.6715202,36.0525128,,,0.0,0.0,0.0,0.0,8120.0544601834645,-8045.754460183464,357.9217704263781,West,True
4347,1619473345.8,72.02695040851226,-1.0533549837226075,34.0,,,-86.67150179999999,36.0525013,,,0.0,0.0,0.0,0.0,8122.145235983278,-8047.845235983278,357.91253073501883,West,True
4348,1619473345.9,71.95814453381331,-1.1575090548143194,34.0,,,-86.6714838,36.05249,,,0.0,0.0,0.0,0.0,8124.193965442842,-8049.893965442842,357.9467107448609,West,True
4349,1619473346.0,71.76459251763673,-1.2716349166408845,33.73846879327635,,,-86.6714655,36.0524787,,,0.0,0.0,0.0,0.0,8126.264062941716,-8051.964062941715,357.91717287235736,West,True
4350,1619473346.1,71.62145790097836,-1.3942726746634004,33.23774055680244,,,-86.6714473,36.0524673,,,0.0,0.0,0.0,0.0,8128.33381484565,-8054.033814845649,357.9829997830852,West,True
4351,1619473346.2,71.49842259254548,-1.5232417788391555,32.73750437909759,,,-86.671429,36.0524562,,,0.0,0.0,0.0,0.0,8130.390490097056,-8056.090490097055,357.9171500784381,West,True
4352,1619473346.3,70.93029829911711,-1.6557240374455127,32.23771529073633,,,-86.6714108,36.0524448,,,0.0,0.0,0.0,0.0,8132.460242370723,-8058.160242370723,358.03744860380016,West,True
4353,1619473346.4,70.35251753007047,-1.7884139345878838,31.737823790961865,,,-86.67139250000001,36.052434000000005,,,0.0,0.0,0.0,0.0,8134.49707351196,-8060.197073511959,357.9353822170522,West,True
4354,1619473346.5,69.53786773460331,-1.9177427582068858,31.237841671732884,,,-86.6713743,36.0524227,,,0.0,0.0,0.0,0.0,8136.560034732951,-8062.260034732951,357.9678254906115,West,True
4355,1619473346.6,69.19616459534487,-2.040145190995105,31.0,,,-86.6713563,36.0524117,,,0.0,0.0,0.0,0.0,8138.588477578099,-8064.2884775780985,357.9973900759575,West,True
4356,1619473346.7,68.65293449804524,-2.1523430366414265,31.0,,,-86.6713382,36.0524008,,,0.0,0.0,0.0,0.0,8140.6174375381715,-8066.317437538171,357.9718603137011,West,True
4357,1619473346.8,67.87318919489475,-2.251623307147514,30.73783933042216,,,-86.67132,36.052389700000006,,,0.0,0.0,0.0,0.0,8142.666929945477,-8068.366929945477,357.9862517378927,West,True
4358,1619473346.9,67.25077983883095,-2.3360595463326828,30.2375512745429,,,-86.671302,36.05237879999999,,,0.0,0.0,0.0,0.0,8144.688687776983,-8070.388687776983,358.02660954210296,West,True
4359,1619473347.0,66.95748191756319,-2.404681056271606,29.73746795402781,,,-86.6712838,36.052368,,,0.0,0.0,0.0,0.0,8146.718265832899,-8072.418265832899,357.967770348922,West,True
4360,1619473347.1,66.14542413835832,-2.457529274669919,29.237568665683785,,,-86.6712658,36.052357,,,0.0,0.0,0.0,0.0,8148.746709575167,-8074.446709575167,358.0156940424728,West,True
4361,1619473347.2,65.55498939130435,-2.495643677811054,28.73785002816781,,,-86.67124770000001,36.0523462,,,0.0,0.0,0.0,0.0,8150.769047735663,-8076.469047735663,358.02312880701623,West,True
4362,1619473347.3,65.13356353566799,-2.520922851307657,28.23829725908784,,,-86.6712297,36.0523355,,,0.0,0.0,0.0,0.0,8152.777553098335,-8078.477553098335,358.02687205761305,West,True
4363,1619473347.4,64.78773227737196,-2.5359363988118035,28.119148629543922,,,-86.67121175,36.052324850000005,,,0.0,0.0,0.0,0.0,8154.779144602797,-8080.479144602797,358.026861438406,West,True
4364,1619473347.5,64.44190101907591,-2.543647596508581,28.0,,,-86.6711938,36.052314200000005,,,0.0,0.0,0.0,0.0,8156.780736283755,-8082.480736283755,357.9782043546203,West,True
4365,1619473347.6,64.07056925129619,-2.547137151814146,27.73809761536285,,,-86.6711762,36.0523035,,,0.0,0.0,0.0,0.0,8158.760385486592,-8084.460385486592,358.08347869628835,West,True
4366,1619473347.7,63.757489648582656,-2.549300793141211,27.239547748608704,,,-86.67115849999999,36.0522933,,,0.0,0.0,0.0,0.0,8160.714441107396,-8086.414441107396,358.0271438576112,West,True
4367,1619473347.8,63.41316093891383,-2.5526004152270527,27.0,,,-86.67114079999999,36.0522828,,,0.0,0.0,0.0,0.0,8162.688046034335,-8088.388046034334,358.0551310540484,West,True
4368,1619473347.9,62.99899306848198,-2.558849268014285,27.0,,,-86.67112370000001,36.0522728,,,0.0,0.0,0.0,0.0,8164.585316330664,-8090.285316330664,358.0695288946043,West,True
4369,1619473348.0,62.53861413856854,-2.5690788372655513,26.739052148761907,,,-86.67110629999999,36.05226270000001,,,0.0,0.0,0.0,0.0,8166.510967975588,-8092.210967975588,358.0551109360608,West,True
4370,1619473348.1,61.97044760066189,-2.5834748918016794,26.238577244697304,,,-86.6710892,36.0522527,,,0.0,0.0,0.0,0.0,8168.408238591498,-8094.108238591498,358.0517662528581,West,True
4371,1619473348.2,61.52426589066064,-2.6013880108124905,25.738157386154867,,,-86.6710723,36.0522428,,,0.0,0.0,0.0,0.0,8170.2844248885995,-8095.984424888599,358.0995133643245,West,True
4372,1619473348.3,60.99540714394503,-2.6214202367399047,25.23778995137454,,,-86.67105550000001,36.0522332,,,0.0,0.0,0.0,0.0,8172.133886602046,-8097.833886602046,358.06823177035767,West,True
4373,1619473348.4,60.40777835175504,-2.6415512198580378,25.0,,,-86.67103879999999,36.0522235,,,0.0,0.0,0.0,0.0,8173.982480176868,-8099.682480176868,358.085107352429,West,True
4374,1619473348.5,59.536031751625465,-2.659331334178883,25.0,,,-86.6710223,36.052214,,,0.0,0.0,0.0,0.0,8175.803511878308,-8101.503511878308,358.0616200807988,West,True
4375,1619473348.6,59.19791619837033,-2.6720674143103285,24.73860779955788,,,-86.671006,36.0522045,,,0.0,0.0,0.0,0.0,8177.60992827431,-8103.30992827431,358.0906837025444,West,True
4376,1619473348.7,58.660351268963566,-2.6770635117246826,24.23822902388017,,,-86.67098979999999,36.05219520000001,,,0.0,0.0,0.0,0.0,8179.396093146828,-8105.096093146828,358.03754053122975,West,True
4377,1619473348.8,58.23101833259447,-2.671806694971915,24.0,,,-86.6709737,36.0521857,,,0.0,0.0,0.0,0.0,8181.1879555701,-8106.8879555701,358.04604574674846,West,True
4378,1619473348.9,57.46423160519912,-2.6541978832201263,24.0,,,-86.6709577,36.0521763,,,0.0,0.0,0.0,0.0,8182.9660051234205,-8108.66600512342,358.0668073629552,West,True
4379,1619473349.0,56.77695890315983,-2.6226828356761756,24.0,,,-86.6709417,36.052167,,,0.0,0.0,0.0,0.0,8184.737541022699,-8110.4375410226985,358.0875696906857,West,True
4380,1619473349.1,56.21048546005602,-2.576419295580008,24.0,,,-86.6709257,36.0521578,,,0.0,0.0,0.0,0.0,8186.502609279215,-8112.202609279215,358.05463962448147,West,True
4381,1619473349.2,55.70510817780497,-2.515305731625988,23.73747306002405,,,-86.6709098,36.0521485,,,0.0,0.0,0.0,0.0,8188.266853973864,-8113.966853973864,358.0385523129975,West,True
4382,1619473349.3,55.06786800310329,-2.4400415566632843,23.238050557850997,,,-86.6708942,36.0521393,,,0.0,0.0,0.0,0.0,8190.002743497676,-8115.702743497676,358.0933641373574,West,True
4383,1619473349.4,54.621647138223885,-2.352027557001284,23.0,,,-86.6708785,36.0521303,,,0.0,0.0,0.0,0.0,8191.73294665692,-8117.43294665692,358.04354671790276,West,True
4384,1619473349.5,54.47721948930105,-2.2533066380069533,23.0,,,-86.6708632,36.0521213,,,0.0,0.0,0.0,0.0,8193.433942993885,-8119.133942993884,358.11164800938604,West,True
4385,1619473349.6,54.03601666920316,-2.1463532455932084,23.0,,,-86.67084770000001,36.0521125,,,0.0,0.0,0.0,0.0,8195.13663386311,-8120.83663386311,358.07439692409406,West,True
4386,1619473349.7,53.91116642321376,-2.033931042669231,23.0,,,-86.67083249999999,36.0521037,,,0.0,0.0,0.0,0.0,8196.81732503139,-8122.51732503139,358.0708897886801,West,True
4387,1619473349.8,53.473779893769766,-1.918838295432703,22.74056477930492,,,-86.6708175,36.052095,,,0.0,0.0,0.0,0.0,8198.476924767756,-8124.176924767756,358.09624534127965,West,True
4388,1619473349.9,53.33404349784441,-1.8037592019912234,22.241016173983468,,,-86.67080229999999,36.05208629999999,,,0.0,0.0,0.0,0.0,8200.151166711112,-8125.851166711112,358.0408243861436,West,True
4389,1619473350.0,53.15408803366772,-1.691054732693961,22.0,,,-86.67078769999999,36.0520777,,,0.0,0.0,0.0,0.0,8201.77511026518,-8127.47511026518,358.07315629480667,West,True
4390,1619473350.1,52.911270822447946,-1.5826846729804274,22.0,,,-86.67077320000001,36.0520693,,,0.0,0.0,0.0,0.0,8203.37874244626,-8129.078742446261,358.0502268081745,West,True
4391,1619473350.2,52.64960442513392,-1.4801077101814488,22.0,,,-86.67075870000001,36.05206079999999,,,0.0,0.0,0.0,0.0,8204.988876674275,-8130.688876674275,358.12901263182465,West,True
4392,1619473350.3,52.43674373983165,-1.384306784166144,22.0,,,-86.6707443,36.0520527,,,0.0,0.0,0.0,0.0,8206.565923593154,-8132.265923593154,358.0656535156418,West,True
4393,1619473350.4,52.20207233349848,-1.2958024747787455,22.0,,,-86.67073020000001,36.0520445,,,0.0,0.0,0.0,0.0,8208.127375237178,-8133.827375237178,358.08565625932306,West,True
4394,1619473350.5,51.94791747728117,-1.2147546976244665,22.0,,,-86.6707163,36.0520365,,,0.0,0.0,0.0,0.0,8209.661263358754,-8135.361263358754,358.1199569522277,West,True
4395,1619473350.6,51.85409656798295,-1.141039599620711,21.738018876132383,,,-86.6707025,36.0520287,,,0.0,0.0,0.0,0.0,8211.174985620763,-8136.874985620762,358.0518230096114,West,True
4396,1619473350.7,51.671855094924446,-1.0743660708846194,21.238130311817308,,,-86.6706885,36.052020500000005,,,0.0,0.0,0.0,0.0,8212.72914847448,-8138.42914847448,358.1062282413349,West,True
4397,1619473350.8,51.52870276383296,-1.01435124929505,21.0,,,-86.6706748,36.052012700000006,,,0.0,0.0,0.0,0.0,8214.235511835646,-8139.935511835646,358.0678667203604,West,True
4398,1619473350.9,51.39646666482418,-0.9605986881297192,21.0,,,-86.67066120000001,36.05200479999999,,,0.0,0.0,0.0,0.0,8215.740994928967,-8141.440994928967,358.05769082547243,West,True
4399,1619473351.0,51.2578779572464,-0.9127324903415592,21.0,,,-86.6706475,36.0519968,,,0.0,0.0,0.0,0.0,8217.260271866215,-8142.9602718662145,358.1242648704929,West,True
4400,1619473351.1,51.160430934975,-0.8704204187482307,21.0,,,-86.67063420000001,36.0519893,,,0.0,0.0,0.0,0.0,8218.718042445498,-8144.418042445498,358.0334149865575,West,True
4401,1619473351.2,51.03187718992586,-0.833365746759585,21.0,,,-86.6706205,36.0519812,,,0.0,0.0,0.0,0.0,8220.24385683621,-8145.94385683621,358.0242869439583,West,True
4402,1619473351.3,50.87728221251496,-0.8012926647331567,21.0,,,-86.6706072,36.05197329999999,,,0.0,0.0,0.0,0.0,8221.727521150726,-8147.427521150726,358.127389271613,West,True
4403,1619473351.4,50.78297571424648,-0.7739197539256871,21.0,,,-86.6705937,36.0519657,,,0.0,0.0,0.0,0.0,8223.206400759567,-8148.906400759567,358.009315488286,West,True
4404,1619473351.5,50.624034600887626,-0.7509362165381934,21.0,,,-86.6705805,36.0519578,,,0.0,0.0,0.0,0.0,8224.682830026544,-8150.382830026544,358.1242271909265,West,True
4405,1619473351.6,50.50447216108258,-0.731981259983117,21.0,,,-86.67056720000001,36.0519503,,,0.0,0.0,0.0,0.0,8226.14060109174,-8151.84060109174,358.0553970293764,West,True
4406,1619473351.7,50.4238213200924,-0.7166291354118556,21.0,,,-86.6705542,36.051942700000005,,,0.0,0.0,0.0,0.0,8227.582821883907,-8153.282821883907,358.0596505628425,West,True
4407,1619473351.8,50.24842887453616,-0.7043843985997158,20.73943033651133,,,-86.670541,36.051935,,,0.0,0.0,0.0,0.0,8229.046128942642,-8154.746128942642,358.0298147047208,West,True
4408,1619473351.9,50.12958629684538,-0.694677006573786,20.24113101072203,,,-86.670528,36.0519273,,,0.0,0.0,0.0,0.0,8230.494893499163,-8156.194893499162,358.1099973702224,West,True
4409,1619473352.0,50.01611037434721,-0.6868708770763136,20.0,,,-86.67051479999999,36.0519198,,,0.0,0.0,0.0,0.0,8231.945300542227,-8157.645300542227,358.04258275933904,West,True
4410,1619473352.1,49.856851180053894,-0.6802617382964625,20.0,,,-86.67050179999998,36.05191215,,,0.0,0.0,0.0,0.0,8233.390786502448,-8159.090786502448,358.04257512727395,West,True
4411,1619473352.2,49.697591985760575,-0.674094784653984,20.0,,,-86.67048879999999,36.0519045,,,0.0,0.0,0.0,0.0,8234.836272553472,-8160.5362725534715,358.13205827314243,West,True
4412,1619473352.3,49.6232985124211,-0.6675607375541258,20.0,,,-86.67047579999999,36.0518972,,,0.0,0.0,0.0,0.0,8236.259204007194,-8161.959204007194,358.0769170792359,West,True
4413,1619473352.4,49.45702581818182,-0.6598248414661451,20.0,,,-86.670463,36.0518898,,,0.0,0.0,0.0,0.0,8237.673844295186,-8163.373844295186,358.0249749092441,West,True
4414,1619473352.5,49.37301783213168,-0.6500234495477427,20.0,,,-86.6704502,36.0518822,,,0.0,0.0,0.0,0.0,8239.101534853746,-8164.801534853746,358.0660318861511,West,True
4415,1619473352.6,49.15,-0.6373116492954851,20.0,,,-86.6704373,36.051874700000006,,,0.0,0.0,0.0,0.0,8240.529960893191,-8166.229960893191,358.08088991421226,West,True
4416,1619473352.7,49.05001171903611,-0.6208643276808787,20.0,,,-86.67042430000001,36.0518672,,,0.0,0.0,0.0,0.0,8241.965695312956,-8167.665695312956,358.0463853813445,West,True
4417,1619473352.8,48.94013402507567,-0.5999463582181797,20.0,,,-86.6704117,36.0518598,,,0.0,0.0,0.0,0.0,8243.365749634931,-8169.065749634931,358.16908354062355,West,True
4418,1619473352.9,48.8178336045955,-0.573915253639561,20.0,,,-86.6703988,36.0518527,,,0.0,0.0,0.0,0.0,8244.768673057695,-8170.468673057695,358.0199909228849,West,True
4419,1619473353.0,48.55054501694853,-0.5423071173800231,20.0,,,-86.67038620000001,36.0518452,,,0.0781149154110888,0.0,0.0,0.0,8246.175291485204,-8171.875291485204,358.0917623263072,West,True
4420,1619473353.1,48.54592971914971,-0.5048276137144952,20.0,,,-86.6703733,36.0518378,,,0.2447031394907785,0.0,0.0,0.0,8247.597254702901,-8173.297254702901,358.0573297817253,West,True
4421,1619473353.2,48.805637623987714,-0.4614365090332758,20.0,,,-86.6703608,36.0518305,,,0.4112917607481238,0.0,0.0,0.0,8248.983505740483,-8174.683505740483,358.0727288439803,West,True
4422,1619473353.3,48.52,-0.412308586741519,20.0,,,-86.6703482,36.0518232,,,0.5778799848278136,0.0,0.0,0.0,8250.377054361572,-8176.077054361572,358.1432785661275,West,True
4423,1619473353.4,48.09197432335503,-0.35789773823884974,20.0,,,-86.6703353,36.051816,,,0.7444686060851589,0.0,0.0,0.0,8251.786265611632,-8177.486265611632,358.0257440779579,West,True
4424,1619473353.5,47.61649641448548,-0.2988553848131646,20.0,,,-86.670323,36.0518087,,,0.9110568301648486,0.0,0.0,0.0,8253.15798218822,-8178.85798218822,358.16639702429444,West,True
4425,1619473353.6,47.84007638364838,-0.2360642769696603,20.0,,,-86.6703103,36.051801700000006,,,1.0,0.0,0.0,0.0,8254.539786373163,-8180.239786373163,358.0307014821653,West,True
4426,1619473353.7,48.04261173144061,-0.17051742415013113,20.0,,,-86.6702978,36.0517943,,,1.0,0.0,0.0,0.0,8255.932578044185,-8181.632578044185,358.10679629802524,West,True
4427,1619473353.8,47.79187027955104,-0.10332724831880225,20.0,,,-86.67028549999999,36.0517873,,,1.0,0.0,0.0,0.0,8257.284822156082,-8182.9848221560815,358.087849678695,West,True
4428,1619473353.9,47.73761467454723,-0.035585037420050245,20.0,,,-86.6702728,36.05178,,,1.0,0.0,0.0,0.0,8258.685688464562,-8184.385688464562,358.1067821061058,West,True
4429,1619473354.0,47.88045306270388,0.0316360649003795,20.0,,,-86.6702605,36.051773,,,1.0,0.0,0.0,0.0,8260.037932741188,-8185.737932741188,358.05272405356163,West,True
4430,1619473354.1,48.00894305243326,0.09741189819578375,20.0,,,-86.6702482,36.0517658,,,1.0,0.0,0.0,0.0,8261.403099194724,-8187.103099194724,358.0416018595704,West,True
4431,1619473354.2,47.9819131007603,0.16094930463950935,20.0,,,-86.6702358,36.051758500000005,,,1.0,0.0,0.0,0.0,8262.782073548115,-8188.482073548114,358.0205485310919,West,True
4432,1619473354.3,48.09420258441786,0.22168199016774742,20.0,,,-86.67022370000001,36.0517513,,,1.0,0.0,0.0,0.0,8264.13271788244,-8189.832717882439,358.12201131932875,West,True
4433,1619473354.4,48.16032479414456,0.2792253353120526,20.0,,,-86.6702113,36.0517443,,,1.0,0.0,0.0,0.0,8265.49232364289,-8191.192323642889,358.05945180382804,West,True
4434,1619473354.5,48.24570401421093,0.3334268464342425,20.0,,,-86.67019930000001,36.0517373,,,1.0,0.0,0.0,0.0,8266.822604988418,-8192.522604988419,358.07971393467085,West,True
4435,1619473354.6,48.39899980630701,0.3842964981583005,20.0,,,-86.670187,36.0517302,,,1.0,0.0,0.0,0.0,8268.181280663595,-8193.881280663596,358.09122632617,West,True
4436,1619473354.7,48.415130531589206,0.4320188425352392,20.0,,,-86.6701748,36.051723200000005,,,1.0,0.0,0.0,0.0,8269.526184156386,-8195.226184156387,358.0594305725453,West,True
4437,1619473354.8,48.49123962763316,0.4768735432764772,20.0,,,-86.6701628,36.0517162,,,1.0,0.0,0.0,0.0,8270.856465736433,-8196.556465736434,358.0040227799767,West,True
4438,1619473354.9,48.67673886773107,0.5192273182982116,20.0,,,-86.67015079999999,36.051709,,,1.0,0.0,0.0,0.0,8272.19988076514,-8197.89988076514,358.0754423207018,West,True
4439,1619473355.0,48.6570622293398,0.5594617660949022,20.0,,,-86.6701387,36.051702,,,1.0,0.0,0.0,0.0,8273.53746327004,-8199.237463270041,358.09119869060015,West,True
4440,1619473355.1,48.98142669041169,0.5979640740866854,20.0,,,-86.6701265,36.051695,,,1.0,0.0,0.0,0.0,8274.882367083277,-8200.582367083278,358.09119170644937,West,True
4441,1619473355.2,49.08151950170264,0.6350726350445257,20.26021782786739,,,-86.6701143,36.051688,,,1.0,0.0,0.0,0.0,8276.227270976515,-8201.927270976516,358.10669215527264,West,True
4442,1619473355.3,49.25747918619397,0.6710789837767632,20.75979975272821,,,-86.670102,36.051681,,,1.0,0.0,0.0,0.0,8277.57951630851,-8203.27951630851,358.0833283320575,West,True
4443,1619473355.4,49.329836267765955,0.7061923140700832,20.879899876364107,,,-86.67008985,36.051674000000006,,,1.0,0.0,0.0,0.0,8278.920757207801,-8204.620757207802,358.0833213480101,West,True
4444,1619473355.5,49.402193349337935,0.740558020386861,21.0,,,-86.6700777,36.051667,,,1.0,0.0,0.0,0.0,8280.26199818666,-8205.96199818666,358.0718116856113,West,True
4445,1619473355.6,49.56666003052841,0.774236509381445,21.0,,,-86.67006545,36.051659900000004,,,0.8472734695783167,0.0,0.0,0.0,8281.617018920777,-8207.317018920778,358.0718046019587,West,True
4446,1619473355.7,49.731126711718886,0.8072400520174234,21.0,,,-86.6700532,36.0516528,,,0.6945469391566335,0.0,0.0,0.0,8282.97203973609,-8208.672039736091,358.0739398895337,West,True
4447,1619473355.8,49.912305199019144,0.8395205548937283,21.0,,,-86.67004084999999,36.05164565,,,0.4862256709230186,0.0,0.0,0.0,8284.33760657232,-8210.037606572321,358.0739327572922,West,True
4448,1619473355.9,50.09348368631941,0.8710245333513198,21.0,,,-86.6700285,36.0516385,,,0.2779044026894038,0.0,0.0,0.0,8285.70317348905,-8211.40317348905,358.0366387440512,West,True
4449,1619473356.0,50.337858723241226,0.9016846805364407,21.260320224999823,,,-86.6700163,36.0516313,,,0.0695833827940337,0.0,0.0,0.0,8287.06106997175,-8212.761069971752,358.07960859868297,West,True
4450,1619473356.1,50.42768223273015,0.9314881624750876,21.75932442946984,,,-86.670004,36.051624200000006,,,0.0,0.0,0.8364360467727687,0.0,8288.41974685736,-8214.119746857361,358.0525743320826,West,True
4451,1619473356.2,50.786910895250976,0.9604635948654301,22.0,,,-86.6699917,36.051617,,,0.0,0.0,1.0,0.0,8289.784915005579,-8215.48491500558,358.068260252825,West,True
4452,1619473356.3,50.90534340583319,0.9887494633350875,22.0,,,-86.6699793,36.0516098,,,0.0,0.0,1.0,0.0,8291.157375100905,-8216.857375100906,358.00391269606666,West,True
4453,1619473356.4,51.25345805866687,1.0165628678122922,22.0,,,-86.6699668,36.0516023,,,0.0,0.0,1.0,0.0,8292.556766976442,-8218.256766976443,358.13688107379,West,True
4454,1619473356.5,51.376633205330926,1.0442486011837575,22.0,,,-86.6699543,36.0515953,,,0.0,0.0,1.0,0.0,8293.923755123062,-8219.623755123062,358.05708578158186,West,True
4455,1619473356.6,51.65984385233842,1.072216246374472,22.259503119217047,,,-86.66994179999999,36.051588,,,0.0,0.0,1.0,0.0,8295.310008968192,-8221.010008968193,358.072486775876,West,True
4456,1619473356.7,51.83444276720297,1.100955384422282,22.759616393536447,,,-86.6699292,36.0515807,,,0.0,0.0,1.0,0.0,8296.703560425944,-8222.403560425944,358.0614686670124,West,True
4457,1619473356.8,52.06547056763085,1.1309399548195762,23.0,,,-86.6699165,36.0515733,,,0.0,0.0,1.0,0.0,8298.110901465001,-8223.810901465002,358.08763817398295,West,True
4458,1619473356.9,52.2904781971078,1.162614023609966,23.0,,,-86.6699038,36.051566,,,0.0,0.0,1.0,0.0,8299.51177030441,-8225.211770304411,358.07246482546054,West,True
4459,1619473357.0,52.49584520339511,1.196283494558838,23.0,,,-86.6698912,36.05155870000001,,,0.0,0.0,1.0,0.0,8300.905322020086,-8226.605322020087,358.061446586236,West,True
4460,1619473357.1,52.68100624733515,1.2320998773202987,23.0,,,-86.66987850000001,36.0515513,,,0.0,0.0,1.0,0.0,8302.312663317454,-8228.012663317455,358.1025458682291,West,True
4461,1619473357.2,53.50564482432874,1.2699748425228292,23.259632905151285,,,-86.6698657,36.051544,,,0.0,0.0,1.0,0.0,8303.720869000314,-8229.420869000314,358.0656930210718,West,True
4462,1619473357.3,53.24065915803354,1.3095984769463511,23.75914819322737,,,-86.66985279999999,36.0515365,,,0.0,0.0,1.0,0.0,8305.149299086757,-8230.849299086758,358.0805536526619,West,True
4463,1619473357.4,53.52222780078426,1.3504062732379032,24.0,,,-86.66983979999999,36.051529,,,0.0,0.0,1.0,0.0,8306.585037593155,-8232.285037593156,358.08054617235,West,True
4464,1619473357.5,54.12939458820924,1.3916521877220662,24.0,,,-86.6698268,36.0515215,,,0.0,0.0,1.0,0.0,8308.020776190657,-8233.720776190657,358.0505701905663,West,True
4465,1619473357.6,54.276301172160494,1.4324290319777975,24.0,,,-86.669814,36.051514000000005,,,0.0,0.0,1.0,0.0,8309.441917496113,-8235.141917496114,358.05922000469405,West,True
4466,1619473357.7,54.54532494644738,1.4717830527170892,24.0,,,-86.66980079999999,36.0515063,,,0.0,0.0,1.0,0.0,8310.90522979723,-8236.605229797231,358.0951653346122,West,True
4467,1619473357.8,54.786583688974346,1.508755133063485,24.0,,,-86.6697877,36.0514988,,,0.0,0.0,1.0,0.0,8312.348295997568,-8238.048295997569,358.084390938785,West,True
4468,1619473357.9,55.20821375324413,1.5424961525612688,24.0,,,-86.6697745,36.0514912,,,0.0,0.0,1.0,0.0,8313.80513024729,-8239.505130247291,358.00882662599713,West,True
4469,1619473358.0,55.39178420849093,1.572282685782842,24.259586866171876,,,-86.6697613,36.0514833,,,0.0,0.0,1.0,0.0,8315.281565264007,-8240.981565264008,358.0987683051236,West,True
4470,1619473358.1,55.6447812551808,1.597592102362612,24.75878230732244,,,-86.669748,36.051475700000005,,,0.0,0.0,1.0,0.0,8316.745731863375,-8242.445731863376,358.0591816118648,West,True
4471,1619473358.2,56.08516611295681,1.6180640596378788,25.0,,,-86.6697348,36.051468,,,0.0,0.0,1.0,0.0,8318.209044631714,-8243.909044631715,358.0776438882969,West,True
4472,1619473358.3,56.44579942551868,1.6335220098749685,25.0,,,-86.66972129999999,36.0514602,,,0.0,0.0,1.0,0.0,8319.700750330947,-8245.400750330948,358.0530092630007,West,True
4473,1619473358.4,56.6762147030185,1.6438887429755948,25.0,,,-86.6697078,36.0514523,,,0.0,0.0,1.0,0.0,8321.198948633386,-8246.898948633387,358.0776283285458,West,True
4474,1619473358.5,56.936173539825504,1.6491763226270655,25.0,,,-86.6696943,36.0514445,,,0.0,0.0,1.0,0.0,8322.690654528531,-8248.390654528532,358.0917451470932,West,True
4475,1619473358.6,57.27556928054116,1.6493940058261796,25.0,,,-86.6696807,36.0514367,,,0.0,0.0,1.0,0.0,8324.189683866547,-8249.889683866548,358.02835915382616,West,True
4476,1619473358.7,57.53138979578159,1.6445463385751096,25.0,,,-86.6696672,36.0514287,,,0.0,0.0,1.0,0.0,8325.694429123812,-8251.394429123813,358.08504617530673,West,True
4477,1619473358.8,57.86032349514207,1.6345746626183717,25.0,,,-86.6696533,36.05142070000001,,,0.0,0.0,1.0,0.0,8327.228325209313,-8252.928325209314,358.07117215866083,West,True
4478,1619473358.9,58.24691872947135,1.619391956272882,25.0,,,-86.6696395,36.0514127,,,0.0,0.0,1.0,0.0,8328.754906487855,-8254.454906487856,358.0512021650527,West,True
4479,1619473359.0,58.60271159510846,1.5988746237931672,25.0,,,-86.6696255,36.0514045,,,0.0,0.0,1.0,0.0,8330.309077318616,-8256.009077318617,358.0986905206132,West,True
4480,1619473359.1,58.94235847149212,1.5729322527451401,25.0,,,-86.6696115,36.0513965,,,0.0,0.0,1.0,0.0,8331.850306348373,-8257.550306348374,358.07861306296167,West,True
4481,1619473359.2,59.23312676108729,1.5415326083940415,25.0,,,-86.6695973,36.0513883,,,0.0,0.0,1.0,0.0,8333.419073405788,-8259.11907340579,358.0749256531921,West,True
4482,1619473359.3,59.57518887588679,1.504776531102478,25.0,,,-86.6695833,36.0513802,,,0.0,0.0,1.0,0.0,8334.966747183733,-8260.666747183734,358.051169343016,West,True
4483,1619473359.4,59.92268465402245,1.4629186384974406,25.0,,,-86.66956929999999,36.051372,,,0.0,0.0,1.0,0.0,8336.520918434871,-8262.220918434872,358.0687645874568,West,True
4484,1619473359.5,60.23919844941854,1.4164104743016992,25.0,,,-86.669555,36.0513637,,,0.0,0.0,1.0,0.0,8338.103468880494,-8263.803468880495,358.07244419428497,West,True
4485,1619473359.6,60.52693828907676,1.3658845348684565,25.0,,,-86.6695405,36.0513553,,,0.0,0.0,1.0,0.0,8339.707110675934,-8265.407110675935,358.0495062429097,West,True
4486,1619473359.7,60.68226169303826,1.3121461036695747,25.0,,,-86.669526,36.0513468,,,0.0,0.0,1.0,0.0,8341.317254475458,-8267.017254475459,358.0953577332461,West,True
4487,1619473359.8,60.91942090919791,1.2561139454965171,25.0,,,-86.6695115,36.0513385,,,0.0,0.0,1.0,0.0,8342.91444555148,-8268.61444555148,358.0760066571261,West,True
4488,1619473359.9,61.118714467309005,1.198770764779697,25.0,,,-86.6694968,36.05133,,,0.0,0.0,1.0,0.0,8344.539180209802,-8270.239180209803,358.06283014933706,West,True
4489,1619473360.0,61.24246106321176,1.1410826269762644,25.0,,,-86.6694822,36.0513215,,,0.0,0.0,1.0,0.0,8346.156611135342,-8271.856611135343,358.05716648691015,West,True
4490,1619473360.1,61.41196970122562,1.083940335530126,25.0,,,-86.6694673,36.0513128,,,0.0,0.0,1.0,0.0,8347.80892533546,-8273.50892533546,358.06650584737156,West,True
4491,1619473360.2,61.61393207181884,1.0280929621278718,24.740483615454224,,,-86.6694525,36.0513042,,,0.0,0.0,1.0,0.0,8349.447445632792,-8275.147445632792,357.999103404769,West,True
4492,1619473360.3,61.74408258021723,0.974114015456141,24.242391998802955,,,-86.6694377,36.0512953,,,0.0,0.0,1.0,0.0,8351.10565605293,-8276.805656052931,358.09224955306087,West,True
4493,1619473360.4,61.889080885080496,0.9223750880497363,24.0,,,-86.66942270000001,36.051286700000006,,,0.0,0.0,1.0,0.0,8352.758810121315,-8278.458810121316,358.05169981949814,West,True
4494,1619473360.5,62.064180853314205,0.8730521296834642,24.0,,,-86.66940749999999,36.0512778,,,0.0,0.0,1.0,0.0,8354.44601100429,-8280.14601100429,358.0861470862423,West,True
4495,1619473360.6,62.281948306005766,0.8261410188251179,24.0,,,-86.6693922,36.051269,,,0.0,0.0,1.0,0.0,8356.134031312995,-8281.834031312996,358.0985567819706,West,True
4496,1619473360.7,62.52623932333463,0.7814942031122555,24.0,,,-86.6693768,36.0512602,,,0.0,0.0,1.0,0.0,8357.829385199148,-8283.529385199148,358.0167616148132,West,True
4497,1619473360.8,62.61860921766781,0.7388577863549524,24.0,,,-86.66936170000001,36.0512512,,,0.0,0.0,1.0,0.0,8359.515887986749,-8285.21588798675,358.0678936811665,West,True
4498,1619473360.9,62.72674898767005,0.69791394335583,24.0,,,-86.6693462,36.0512422,,,0.0,0.0,1.0,0.0,8361.231468379152,-8286.931468379153,358.0678847093605,West,True
4499,1619473361.0,62.870565272843216,0.6583127693518331,24.0,,,-86.6693307,36.051233200000006,,,0.0,0.0,1.0,0.0,8362.947048900045,-8288.647048900046,358.1136497413147,West,True
4500,1619473361.1,63.11762645842904,0.6196995761593793,24.0,,,-86.669315,36.0512243,,,0.0,0.0,1.0,0.0,8364.67085768243,-8290.37085768243,358.0208982751181,West,True
4501,1619473361.2,63.02837401461748,0.581726289906862,23.73986427286566,,,-86.6692997,36.0512152,,,0.0,0.0,1.0,0.0,8366.378432424062,-8292.078432424063,358.09245264655516,West,True
4502,1619473361.3,63.216022963315865,0.5440601665393232,23.23988155763158,,,-86.66928399999999,36.0512062,,,0.0,0.0,1.0,0.0,8368.108649100821,-8293.808649100822,358.0500858969215,West,True
4503,1619473361.4,63.221320162632686,0.5063788284076026,23.0,,,-86.6692683,36.051197,,,0.0,0.0,1.0,0.0,8369.851823303448,-8295.551823303449,358.10449900267673,West,True
4504,1619473361.5,63.28142069169759,0.4683744095887892,23.0,,,-86.6692525,36.051188,,,0.0,0.0,1.0,0.0,8371.589381672642,-8297.289381672643,358.05006748954014,West,True
4505,1619473361.6,63.40448601224963,0.429748917069949,23.0,,,-86.66923680000001,36.0511788,,,0.0,0.0,1.0,0.0,8373.332556139512,-8299.032556139513,358.04134556857707,West,True
4506,1619473361.7,63.49661230087757,0.39023256773482107,23.0,,,-86.669221,36.0511695,,,0.0,0.0,1.0,0.0,8375.0895393787,-8300.7895393787,358.08658305222775,West,True
4507,1619473361.8,63.61780836256129,0.3495932422166742,23.0,,,-86.669205,36.05116029999999,,,0.0,0.0,1.0,0.0,8376.854622489893,-8302.554622489894,358.0834171472757,West,True
4508,1619473361.9,63.6451439575058,0.3076765699854546,23.0,,,-86.6691892,36.05115120000001,,,0.0,0.0,1.0,0.0,8378.598609408305,-8304.298609408306,358.08656482278195,West,True
4509,1619473362.0,63.91897505515018,0.2644274922678185,23.0,,,-86.6691732,36.051142,,,0.0,0.0,1.0,0.0,8380.363692793062,-8306.063692793063,358.02420939654456,West,True
4510,1619473362.1,63.8696433200608,0.2199408361828543,23.0,,,-86.6691572,36.0511325,,,0.0,0.0,1.0,0.0,8382.148317020436,-8307.848317020436,358.08962531889705,West,True
4511,1619473362.2,63.915780680607725,0.17447659303565727,22.74152454013682,,,-86.669141,36.0511232,,,0.0,0.0,1.0,0.0,8383.934498064926,-8309.634498064926,358.0865371868176,West,True
4512,1619473362.3,64.00155468680587,0.1284973893438962,22.24173723840199,,,-86.669125,36.051114,,,0.0,0.0,1.0,0.0,8385.699581866196,-8311.399581866197,358.08960688525434,West,True
4513,1619473362.4,64.08399306617721,0.08265497993859235,22.0,,,-86.6691088,36.0511047,,,0.0,0.0,1.0,0.0,8387.48576318828,-8313.185763188281,358.0865187221834,West,True
4514,1619473362.5,64.06732207359366,0.0377947929980314,22.0,,,-86.6690928,36.0510955,,,0.0,0.0,1.0,0.0,8389.250847265052,-8314.950847265052,358.0412610481549,West,True
4515,1619473362.6,64.04546509636789,-0.0050967121970051515,22.0,,,-86.669077,36.0510862,,,0.0,0.0,1.0,0.0,8391.007831718458,-8316.707831718459,358.0485265288688,West,True
4516,1619473362.7,63.8373640445701,-0.04492271496886355,22.0,,,-86.6690608,36.0510767,,,0.0,0.0,1.0,0.0,8392.806980137924,-8318.506980137925,358.057059045526,West,True
4517,1619473362.8,63.86974980323164,-0.0805582258482047,22.0,,,-86.6690447,36.05106729999999,,,0.0,0.0,1.0,0.0,8394.592326584778,-8320.292326584778,358.0895609187873,West,True
4518,1619473362.9,63.76062871992623,-0.11089965657111339,22.0,,,-86.66902850000001,36.051058000000005,,,0.0,0.0,1.0,0.0,8396.37850861093,-8322.07850861093,358.02412372983986,West,True
4519,1619473363.0,63.5707767543902,-0.1349535358105139,21.74126887842343,,,-86.6690125,36.0510485,,,0.0,0.0,1.0,0.0,8398.16313407702,-8323.86313407702,358.08954248273,West,True
4520,1619473363.1,63.44374901855647,-0.15188163162184445,21.2404354097609,,,-86.6689963,36.051039200000005,,,0.0,0.0,1.0,0.0,8399.949316387248,-8325.64931638725,358.0604426253559,West,True
4521,1619473363.2,63.38944926615533,-0.16107434739479773,21.0,,,-86.66898,36.0510297,,,0.0,0.0,1.0,0.0,8401.755750525455,-8327.455750525456,358.06043315491274,West,True
4522,1619473363.3,63.31,-0.1621745157426868,21.0,,,-86.66896369999999,36.0510202,,,0.0,0.0,1.0,0.0,8403.562184807703,-8329.262184807703,358.0484602725371,West,True
4523,1619473363.4,63.22252683412637,-0.1551248424237046,21.0,,,-86.6689475,36.0510107,,,0.0,0.0,1.0,0.0,8405.36133421511,-8331.06133421511,358.0484508024233,West,True
4524,1619473363.5,63.1044691242635,-0.14016399864798681,21.0,,,-86.6689313,36.0510012,,,0.0,0.0,1.0,0.0,8407.160483765372,-8332.860483765373,358.05698365260486,West,True
4525,1619473363.6,63.12011972280317,-0.11784700665485817,21.0,,,-86.6689152,36.05099179999999,,,0.0,0.0,1.0,0.0,8408.94583133774,-8334.64583133774,358.0519364054367,West,True
4526,1619473363.7,63.10132469679747,-0.08901153447160312,21.0,,,-86.66889880000001,36.05098220000001,,,0.0,0.0,1.0,0.0,8410.766065145297,-8336.466065145298,358.080787600981,West,True
4527,1619473363.8,63.05864180520015,-0.054771805172078344,21.0,,,-86.6688825,36.0509728,,,0.0,0.0,1.0,0.0,8412.56602038332,-8338.26602038332,358.0484127936721,West,True
4528,1619473363.9,63.19892187961051,-0.016451136868013895,21.0,,,-86.66886629999999,36.0509633,,,0.0,0.0,1.0,0.0,8414.365170501225,-8340.065170501226,358.0362911207821,West,True
4529,1619473364.0,63.29123087975847,0.024450489494274773,21.0,,,-86.6688502,36.0509538,,,0.0,0.0,1.0,0.0,8416.157051222794,-8341.857051222794,358.0483939049424,West,True
4530,1619473364.1,63.31397505622206,0.06635977459619324,21.0,,,-86.66883399999999,36.0509443,,,0.0,0.0,1.0,0.0,8417.956201625735,-8343.656201625736,358.0655764510349,West,True
4531,1619473364.2,63.27550193407488,0.10768137086742498,21.0,,,-86.668818,36.050935,,,0.0,0.0,1.0,0.0,8419.727755803477,-8345.427755803477,358.08943113941524,West,True
4532,1619473364.3,63.49,0.14692670355663479,21.0,,,-86.6688018,36.05092570000001,,,0.0,0.0,1.0,0.0,8421.513939827024,-8347.213939827025,358.0863426921225,West,True
4533,1619473364.4,63.50627691376591,0.18276084076523852,21.0,,,-86.6687858,36.0509165,,,0.0,0.0,1.0,0.0,8423.279026569891,-8348.979026569892,358.03624375517177,West,True
4534,1619473364.5,63.49259837293366,0.21412957681970912,21.0,,,-86.6687697,36.050907,,,0.0,0.0,1.0,0.0,8425.070907986583,-8350.770907986584,358.0863242876802,West,True
4535,1619473364.6,63.58994673668417,0.2402673514755404,21.0,,,-86.6687537,36.0508978,,,0.0,0.0,1.0,0.0,8426.83599500747,-8352.53599500747,358.0239610334829,West,True
4536,1619473364.7,63.75070779474771,0.2607900430826227,21.0,,,-86.6687377,36.0508883,,,0.0,0.0,1.0,0.0,8428.620622832079,-8354.32062283208,358.1070917426845,West,True
4537,1619473364.8,63.84962473849372,0.27563695020320356,21.0,,,-86.6687217,36.0508792,,,0.0,0.0,1.0,0.0,8430.379288939495,-8356.079288939496,358.0742699872823,West,True
4538,1619473364.9,63.92218288111562,0.2851120791673161,21.0,,,-86.6687058,36.05087,,,0.0,0.0,1.0,0.0,8432.13705790749,-8357.83705790749,358.04103390897734,West,True
4539,1619473365.0,64.20754906681016,0.28976014690802687,21.0,,,-86.66869,36.0508607,,,0.0,0.0,1.0,0.0,8433.894045650672,-8359.594045650672,358.04830022643335,West,True
4540,1619473365.1,64.05742123429518,0.290367021655934,21.0,,,-86.66867380000001,36.0508512,,,0.0,0.0,1.0,0.0,8435.693197446973,-8361.393197446974,358.0199674522843,West,True
4541,1619473365.2,64.12927535708808,0.2877998141659982,21.0,,,-86.668658,36.05084179999999,,,0.0,0.0,1.0,0.0,8437.456752992692,-8363.156752992692,358.13039953782993,West,True
4542,1619473365.3,64.1006184578055,0.2829980363674857,21.0,,,-86.66864179999999,36.05083270000001,,,0.0,0.0,1.0,0.0,8439.230155855616,-8364.930155855616,358.0361590297017,West,True
4543,1619473365.4,64.18557220226685,0.27682151917415276,20.743084777894268,,,-86.66862569999999,36.0508232,,,0.0,0.0,1.0,0.0,8441.02203851746,-8366.72203851746,358.0862417166883,West,True
4544,1619473365.5,64.19522370274078,0.2700636475649974,20.24110284507892,,,-86.6686097,36.050814,,,0.0,0.0,1.0,0.0,8442.787126785239,-8368.48712678524,358.07203687401653,West,True
4545,1619473365.6,64.23575790891351,0.2633411012887282,20.0,,,-86.6685933,36.0508045,,,0.0,0.0,1.0,0.0,8444.600864667305,-8370.300864667306,358.06279839170116,West,True
4546,1619473365.7,64.21237678636007,0.25714134820096124,20.0,,,-86.66857715,36.0507951,,,0.0,0.0,1.0,0.0,8446.389861267602,-8372.089861267603,358.0627890200019,West,True
4547,1619473365.8,64.18899566380664,0.25176445625485905,20.0,,,-86.668561,36.0507857,,,0.0,0.0,1.0,0.0,8448.178858010111,-8373.878858010112,358.08059334594225,West,True
4548,1619473365.9,64.39382640121146,0.2473933943488431,20.0,,,-86.6685447,36.0507763,,,0.0,0.0,1.0,0.0,8449.978816224344,-8375.678816224345,358.08927468130537,West,True
4549,1619473366.0,64.47022068241083,0.24407646860618043,20.0,,,-86.66852850000001,36.050767,,,0.0,0.0,1.0,0.0,8451.76500264147,-8377.465002641471,358.0601707566134,West,True
4550,1619473366.1,64.42215930866746,0.24179520932390158,20.0,,,-86.6685122,36.0507575,,,0.0,0.0,1.0,0.0,8453.571440890937,-8379.271440890938,358.0892560789873,West,True
4551,1619473366.2,64.40782231930892,0.24046688557297244,20.0,,,-86.66849599999999,36.0507482,,,0.0,0.0,0.8445845695752034,0.0,8455.357627592724,-8381.057627592725,358.0481867850402,West,True
4552,1619473366.3,64.51040038559185,0.23998598395310244,20.0,,,-86.6684798,36.0507387,,,0.0,0.0,0.6662212864796779,0.0,8457.156781073978,-8382.856781073979,358.0601424505403,West,True
4553,1619473366.4,64.65833180952382,0.24023022800425403,20.0,,,-86.6684635,36.0507292,,,0.0,0.0,0.4878575781325416,0.0,8458.963219749785,-8384.663219749786,358.04816778351625,West,True
4554,1619473366.5,64.63422444143859,0.24106389690797353,20.0,,,-86.6684473,36.0507197,,,0.0,0.0,0.3094942950370161,0.0,8460.762373516178,-8386.462373516179,358.05670187066505,West,True
4555,1619473366.6,64.631348127728,0.24234169974649727,20.0,,,-86.6684312,36.05071029999999,,,0.0,0.0,0.1311310119414904,0.0,8462.547725284978,-8388.247725284979,358.051653895561,West,True
4556,1619473366.7,64.67074981541212,0.24387771447445483,20.0,,,-86.6684148,36.05070070000001,,,0.0,0.0,0.0,0.0,8464.367963364395,-8390.067963364396,358.0805092686047,West,True
4557,1619473366.8,64.84078241749874,0.24545222768269964,20.0,,,-86.6683985,36.0506913,,,0.0,0.0,0.0,0.0,8466.167922867808,-8391.867922867808,358.08359144422246,West,True
4558,1619473366.9,64.89777673442333,0.24676216082139057,20.0,,,-86.668382,36.0506818,,,0.0,0.0,0.0,0.0,8467.988978090398,-8393.688978090398,358.0634244287702,West,True
4559,1619473367.0,64.84352475074678,0.24744172972182796,20.0,,,-86.66836550000001,36.0506722,,,0.0,0.0,0.0,0.0,8469.816506062685,-8395.516506062686,358.0804809162806,West,True
4560,1619473367.1,64.84289995042506,0.2470149804895977,20.0,,,-86.66834920000001,36.0506628,,,0.0,0.0,0.0,0.0,8471.616465997586,-8397.316465997586,358.0467483540717,West,True
4561,1619473367.2,64.92869861716234,0.24493992482465365,20.0,,,-86.66833249999999,36.050653,,,0.0,0.0,0.0,0.0,8473.471593635633,-8399.171593635634,358.0835535492482,West,True
4562,1619473367.3,64.98544331221886,0.24058028135705267,20.0,,,-86.668316,36.0506435,,,0.0,0.0,0.0,0.0,8475.2926494451,-8400.992649445101,358.0835440775362,West,True
4563,1619473367.4,65.06731041297282,0.23327525235384272,20.0,,,-86.6682995,36.050634,,,0.0,0.0,0.0,0.0,8477.113705401436,-8402.813705401437,358.0192285524286,West,True
4564,1619473367.5,65.13482675080286,0.22233738901786032,20.0,,,-86.6682832,36.0506243,,,0.0,0.0,0.0,0.0,8478.933239782784,-8404.633239782785,358.0979242339602,West,True
4565,1619473367.6,65.21535624098598,0.2071391266858048,19.621673870305933,,,-86.66826675,36.0506149,,,0.0,0.0,0.0,0.0,8480.744195875346,-8406.444195875347,358.0979148613809,West,True
4566,1619473367.7,65.2958857311691,0.1871306273550274,19.243347740611867,,,-86.6682503,36.0506055,,,0.0,0.0,0.0,0.0,8482.555152111672,-8408.255152111673,358.0549690360825,West,True
4567,1619473367.8,65.34096725587878,0.1619238543485158,19.0,,,-86.6682337,36.0505958,,,0.0,0.0,0.0,0.0,8484.396477131457,-8410.096477131458,358.0718196805936,West,True
4568,1619473367.9,65.39514928409876,0.13131347910657412,19.0,,,-86.6682173,36.05058629999999,,,0.0,0.0,0.0,0.0,8486.210218336295,-8411.910218336296,358.0803956925796,West,True
4569,1619473368.0,65.53392205541965,0.09533459272575409,19.0,,,-86.66820100000001,36.050576899999996,,,0.0,0.0,0.0,0.0,8488.010179571596,-8413.710179571597,358.080386322039,West,True
4570,1619473368.1,65.67269482674054,0.0542665496186683,19.0,,,-86.66818470000001,36.0505675,,,0.0,0.0,0.0,0.0,8489.810140950403,-8415.510140950404,358.022993947159,West,True
4571,1619473368.2,65.73523178807947,0.008645273184100126,19.0,,,-86.6681682,36.050557700000006,,,0.0,0.0,0.0,0.0,8491.650749116518,-8417.350749116518,358.08345921818045,West,True
4572,1619473368.3,65.76666091677485,-0.04076285331657829,19.0,,,-86.6681517,36.0505482,,,0.0,0.0,0.0,0.0,8493.471806390366,-8419.171806390366,358.0431323628024,West,True
4573,1619473368.4,65.51062560702279,-0.09299854048949377,19.0,,,-86.66813520000001,36.0505385,,,0.0,0.0,0.0,0.0,8495.305853577165,-8421.005853577166,358.0834402714664,West,True
4574,1619473368.5,65.64485912989582,-0.1469630366761969,19.0,,,-86.66811870000001,36.050529,,,0.0,0.0,0.0,0.0,8497.126911145739,-8422.82691114574,358.04311302398366,West,True
4575,1619473368.6,65.51432919059667,-0.20149113169809085,19.0,,,-86.66810219999999,36.0505193,,,0.0,0.0,0.0,0.0,8498.960958627244,-8424.660958627244,358.106357437962,West,True
4576,1619473368.7,65.43335175860724,-0.2554133224109021,19.0,,,-86.6680855,36.0505098,,,0.0,0.0,0.0,0.0,8500.79669210189,-8426.496692101891,358.0229351966885,West,True
4577,1619473368.8,65.30641860507478,-0.3076362528007466,19.0,,,-86.66806899999999,36.0505,,,0.0,0.0,0.0,0.0,8502.637301144776,-8428.337301144777,358.06650199423393,West,True
4578,1619473368.9,65.13358098629546,-0.3571880431099628,19.0,,,-86.6680523,36.0504903,,,0.0,0.0,0.0,0.0,8504.485921565121,-8430.185921565122,358.0748915545426,West,True
4579,1619473369.0,64.98767436228609,-0.40327772814446494,19.0,,,-86.6680357,36.0504807,,,0.0,0.0,0.0,0.0,8506.320757040747,-8432.020757040747,358.04998260317376,West,True
4580,1619473369.1,64.8457451637109,-0.44530500100604975,19.0,,,-86.6680188,36.0504708,,,0.0,0.0,0.0,0.0,8508.196971036416,-8433.896971036416,358.08337344264595,West,True
4581,1619473369.2,64.71833978756362,-0.48288327254519026,19.0,,,-86.6680023,36.0504613,,,0.0,0.0,0.0,0.0,8510.018029643743,-8435.718029643744,358.0748627188635,West,True
4582,1619473369.3,64.62947969626939,-0.5158115303438137,19.0,,,-86.6679857,36.0504517,,,0.0,0.0,0.0,0.0,8511.852865566556,-8437.552865566557,358.0430350552258,West,True
4583,1619473369.4,64.45759331192431,-0.5440640711597131,19.0,,,-86.6679692,36.050442,,,0.0,0.0,0.0,0.0,8513.686914225662,-8439.386914225663,358.0893093347246,West,True
4584,1619473369.5,64.29631346880649,-0.5677380772376057,19.0,,,-86.6679523,36.0504323,,,0.0,0.0,0.0,0.0,8515.550167595173,-8441.250167595173,358.11753639981606,West,True
4585,1619473369.6,64.18617125647823,-0.5870261668950087,19.0,,,-86.6679355,36.05042279999999,,,0.0,0.0,0.0,0.0,8517.393262201596,-8443.093262201597,358.0228463620085,West,True
4586,1619473369.7,64.04718374146582,-0.6021599750873761,19.0,,,-86.667919,36.050413,,,0.0,0.0,0.0,0.0,8519.23387256427,-8444.93387256427,358.07791583343567,West,True
4587,1619473369.8,63.91346126880831,-0.613383800533739,19.0,,,-86.6679022,36.0504033,,,0.0,0.0,0.0,0.0,8521.08980300706,-8446.789803007061,358.0833064963436,West,True
4588,1619473369.9,63.76821727482679,-0.6209106578290491,19.0,,,-86.66788570000001,36.0503938,,,0.0,0.0,0.0,0.0,8522.910862649489,-8448.61086264949,358.06313649274057,West,True
4589,1619473370.0,63.65108805556355,-0.6249088257023996,19.0,,,-86.6678692,36.0503842,,,0.0,0.0,0.0,0.0,8524.73839502907,-8450.43839502907,358.0832875511609,West,True
4590,1619473370.1,63.51139443784514,-0.6254779045297634,19.0,,,-86.6678527,36.050374700000006,,,0.0,0.0,0.0,0.0,8526.559454965729,-8452.25945496573,358.0429570888247,West,True
4591,1619473370.2,63.40292279378434,-0.6226515888566728,19.0,,,-86.66783620000001,36.050365,,,0.0,0.0,0.0,0.0,8528.3935047974,-8454.0935047974,358.08326860450256,West,True
4592,1619473370.3,63.26312135689098,-0.6163935715768565,19.0,,,-86.66781970000001,36.0503555,,,0.0,0.0,0.0,0.0,8530.214565028782,-8455.914565028783,358.04293774868694,West,True
4593,1619473370.4,63.043566098131066,-0.6066141721324229,19.0,,,-86.6678032,36.0503458,,,0.0,0.0,0.0,0.0,8532.04861515469,-8457.748615154691,358.0832496551321,West,True
4594,1619473370.5,62.95051336701884,-0.5931819081537552,19.0,,,-86.66778670000001,36.0503363,,,0.0,0.0,0.0,0.0,8533.869675680215,-8459.569675680215,358.11213049453465,West,True
4595,1619473370.6,62.86340263175422,-0.575949012748328,19.0,,,-86.6677703,36.050327,,,0.0,0.0,0.0,0.0,8535.670559260392,-8461.370559260393,358.0832307673206,West,True
4596,1619473370.7,62.74303937052024,-0.5547726399691139,19.0,,,-86.6677538,36.0503175,,,0.0305685598794932,0.0,0.0,0.0,8537.491620075542,-8463.191620075542,358.10053826820916,West,True
4597,1619473370.8,62.61158055171631,-0.5295427765109868,19.0,,,-86.6677375,36.0503082,,,0.1442019679876892,0.0,0.0,0.0,8539.285151188249,-8464.98515118825,358.0477432555954,West,True
4598,1619473370.9,62.2929865922205,-0.5002055101750005,19.0,,,-86.6677213,36.0502987,,,0.2578356470193005,0.0,0.0,0.0,8541.084311260538,-8466.784311260539,358.0801104599788,West,True
4599,1619473371.0,62.2890230037866,-0.4667856786953454,19.255680876459344,,,-86.667705,36.0502893,,,0.3714690551274965,0.0,0.0,0.0,8542.884276855728,-8468.584276855729,358.059692160005,West,True
4600,1619473371.1,62.21447470637196,-0.42940394718711844,19.75580786671865,,,-86.6676887,36.0502798,,,0.4851024632356925,0.0,0.0,0.0,8544.690722318655,-8470.390722318656,358.0887846544347,West,True
4601,1619473371.2,62.06082388227576,-0.38828729946428764,20.0,,,-86.6676725,36.0502705,,,0.5987361422673039,0.0,0.0,0.0,8546.476916226566,-8472.176916226566,358.04770524556886,West,True
4602,1619473371.3,61.94642231907413,-0.3437737935544094,20.0,,,-86.66765629999999,36.050261,,,0.7123695503754999,0.0,0.0,0.0,8548.276076863494,-8473.976076863495,358.08568587628713,West,True
4603,1619473371.4,61.84627431051533,-0.2963080293904229,20.0,,,-86.66764029999999,36.0502518,,,0.8260032294071112,0.0,0.0,0.0,8550.041173504429,-8475.74117350443,358.0355697741374,West,True
4604,1619473371.5,61.77572970819261,-0.24643255422052124,20.0,,,-86.6676242,36.0502423,,,0.9396366375153072,0.0,0.0,0.0,8551.83306479286,-8477.53306479286,358.1064602042383,West,True
4605,1619473371.6,61.735993065187245,-0.19477112682141834,20.0,,,-86.6676082,36.05023320000001,,,1.0,0.0,0.0,0.0,8553.591740556034,-8479.291740556035,358.0317824352321,West,True
4606,1619473371.7,61.711403393492056,-0.1420107980281718,20.0,,,-86.6675923,36.0502238,,,1.0,0.0,0.0,0.0,8555.362554078334,-8481.062554078335,358.04038036689514,West,True
4607,1619473371.8,61.748614911242605,-0.0888791846248056,20.256715609422017,,,-86.6675765,36.0502145,,,1.0,0.0,0.0,0.0,8557.119551248259,-8482.81955124826,358.0856401186205,West,True
4608,1619473371.9,61.84211399287315,-0.03612253183251282,20.757157072598023,,,-86.6675605,36.0502053,,,1.0,0.0,0.0,0.0,8558.884648581654,-8484.584648581655,358.0824726560902,West,True
4609,1619473372.0,61.83109374858129,0.015518100399671518,21.0,,,-86.66754470000001,36.05019620000001,,,1.0,0.0,0.0,0.0,8560.62864953554,-8486.32864953554,358.07359087391904,West,True
4610,1619473372.1,61.87041475408346,0.06533028846450112,21.0,,,-86.6675288,36.050187,,,1.0,0.0,0.0,0.0,8562.386428590564,-8488.086428590565,358.0792151533568,West,True
4611,1619473372.2,61.98054199886502,0.11265407985343377,21.0,,,-86.6675132,36.050178,,,1.0,0.0,0.0,0.0,8564.109334381656,-8489.809334381656,358.07357269867686,West,True
4612,1619473372.3,62.05651564903695,0.15690727787501613,21.0,,,-86.6674973,36.0501688,,,1.0,0.0,0.0,0.0,8565.867113704984,-8491.567113704985,358.05787102929463,West,True
4613,1619473372.4,62.01908764275632,0.1976095314429433,21.0,,,-86.66748170000001,36.0501597,,,1.0,0.0,0.0,0.0,8567.596502232149,-8493.29650223215,358.1154032417716,West,True
4614,1619473372.5,62.188470236358334,0.23440817817765183,21.0,,,-86.66746579999999,36.0501507,,,1.0,0.0,0.0,0.0,8569.34143289062,-8495.04143289062,358.03652704338606,West,True
4615,1619473372.6,62.23855046910828,0.26709900462877156,21.0,,,-86.6674502,36.0501415,,,1.0,0.0,0.0,0.0,8571.077351170847,-8496.777351170847,358.0913953875894,West,True
4616,1619473372.7,62.29500023090209,0.29564565422903133,21.0,,,-86.6674345,36.0501325,,,1.0,0.0,0.0,0.0,8572.80758355358,-8498.50758355358,358.0913864141233,West,True
4617,1619473372.8,62.40763850311538,0.3201878199366616,21.25705411753485,,,-86.6674188,36.0501235,,,1.0,0.0,0.0,0.0,8574.537816067503,-8500.237816067503,358.06676873334834,West,True
4618,1619473372.9,62.49521866483751,0.34104295460446166,21.757132807935808,,,-86.66740329999999,36.0501145,,,1.0,0.0,0.0,0.0,8576.253412674425,-8501.953412674426,358.0791429545121,West,True
4619,1619473373.0,62.56942714198682,0.3586916982105306,22.0,,,-86.66738769999999,36.0501055,,,1.0,0.0,0.0,0.0,8577.976319516983,-8503.676319516984,358.09135965963037,West,True
4620,1619473373.1,62.69761051641093,0.373753571803217,22.0,,,-86.667372,36.0500965,,,1.0,0.0,0.0,0.0,8579.706552424801,-8505.406552424802,358.09135068501473,West,True
4621,1619473373.2,62.792414554593584,0.3869466931486946,22.0,,,-86.6673563,36.0500875,,,1.0,0.0,0.0,0.0,8581.436785465765,-8507.136785465766,358.03646265435725,West,True
4622,1619473373.3,62.84885462845465,0.3990396013266334,22.0,,,-86.6673407,36.0500783,,,1.0,0.0,0.0,0.0,8583.172704656276,-8508.872704656276,358.0943981536652,West,True
4623,1619473373.4,62.944115279444816,0.4107946554905339,22.0,,,-86.6673248,36.0500692,,,1.0,0.0,0.0,0.0,8584.924037471166,-8510.624037471167,358.061280062858,West,True
4624,1619473373.5,63.03953721533635,0.42291027297842954,22.0,,,-86.667309,36.05006,,,1.0,0.0,0.0,0.0,8586.674515406674,-8512.374515406675,358.0612708860294,West,True
4625,1619473373.6,63.12677645117545,0.4359673089425422,22.0,,,-86.6672932,36.0500508,,,1.0,0.0,0.1951819962878944,0.0,8588.424993476896,-8514.124993476897,358.04523143211117,West,True
4626,1619473373.7,63.22021508677515,0.4503821968601861,22.0,,,-86.6672777,36.0500417,,,1.0,0.0,0.6110399447943271,0.0,8590.14710111329,-8515.847101113292,358.0854687890666,West,True
4627,1619473373.8,63.32,0.4663766500544513,22.0,,,-86.66726170000001,36.0500325,,,0.9898926409797372,0.0,1.0,0.0,8591.91220101891,-8517.61220101891,358.07342758560986,West,True
4628,1619473373.9,63.262946190335015,0.4839583733787926,22.0,,,-86.6672458,36.05002329999999,,,0.8336209032464786,0.0,1.0,0.0,8593.66998249133,-8519.369982491331,358.08229191688145,West,True
4629,1619473374.0,63.49,0.5029254385546809,22.25753308507864,,,-86.66723,36.05001420000001,,,0.6773495380935437,0.0,1.0,0.0,8595.413986120702,-8521.113986120703,358.0854414387136,West,True
4630,1619473374.1,63.61,0.5228791837608365,22.75701565624148,,,-86.667214,36.050005,,,0.5210781729406089,0.0,1.0,0.0,8597.179086437338,-8522.879086437339,358.06121572928134,West,True
4631,1619473374.2,63.726982796847146,0.5432602422638236,23.0,,,-86.6671982,36.0499958,,,0.3648064352073502,0.0,1.0,0.0,8598.92956531292,-8524.62956531292,358.06462833192046,West,True
4632,1619473374.3,63.88273062900493,0.5633845362309657,23.0,,,-86.6671822,36.0499865,,,0.2085350700544153,0.0,1.0,0.0,8600.70113356489,-8526.40113356489,358.08541403347124,West,True
4633,1619473374.4,63.99748018650179,0.5824960687254181,23.0,,,-86.6671662,36.0499773,,,0.0522633323211567,0.0,1.0,0.0,8602.466234293563,-8528.166234293563,358.05244692071415,West,True
4634,1619473374.5,64.1446045373178,0.5998092424799104,23.0,,,-86.6671503,36.049968,,,0.0,0.0,1.0,0.0,8604.230511070251,-8529.930511070252,358.0766125695378,West,True
4635,1619473374.6,64.38967621701332,0.6145607249189013,23.0,,,-86.6671342,36.049958700000005,,,0.0,0.0,1.0,0.0,8606.009387030475,-8531.709387030476,358.0437964722911,West,True
4636,1619473374.7,64.53976650047814,0.6260436875135533,23.0,,,-86.6671182,36.0499493,,,0.0,0.0,1.0,0.0,8607.787469505834,-8533.487469505835,358.1295369676379,West,True
4637,1619473374.8,64.66661615432722,0.6336480201140817,23.0,,,-86.667102,36.0499402,,,0.0,0.0,1.0,0.0,8609.560885930929,-8535.26088593093,358.0437776104458,West,True
4638,1619473374.9,64.72353828847368,0.6368815381787032,23.0,,,-86.667086,36.0499308,,,0.0,0.0,1.0,0.0,8611.338968679771,-8537.038968679772,358.0884396278232,West,True
4639,1619473375.0,64.9243850782411,0.6353982035223975,23.0,,,-86.6670698,36.0499215,,,0.0,0.0,1.0,0.0,8613.125167852651,-8538.825167852652,358.03523410814284,West,True
4640,1619473375.1,65.1035097729756,0.6290095458832281,23.0,,,-86.6670537,36.049912,,,0.0,0.0,1.0,0.0,8614.917064048468,-8540.617064048469,358.1089607435179,West,True
4641,1619473375.2,65.21990714559352,0.6177054288982768,23.0,,,-86.6670375,36.0499028,,,0.0,0.0,1.0,0.0,8616.696849012069,-8542.39684901207,358.022944975528,West,True
4642,1619473375.3,65.36319358701807,0.6016588168848237,23.0,,,-86.66702149999999,36.0498933,,,0.0,0.0,1.0,0.0,8618.481491492204,-8544.181491492205,358.05929493208487,West,True
4643,1619473375.4,65.49215140356839,0.5812391940625133,23.0,,,-86.6670052,36.0498838,,,0.0,0.0,1.0,0.0,8620.287942933815,-8545.987942933816,358.0645164668811,West,True
4644,1619473375.5,65.6227462722485,0.557006268313919,23.0,,,-86.6669892,36.0498745,,,0.0,0.0,0.0,0.0,8622.059512848009,-8547.75951284801,358.04245090813276,West,True
4645,1619473375.6,65.78840464158021,0.5297077701566544,23.0,,,-86.6669727,36.0498648,,,0.0,0.0,0.0,0.0,8623.89357030401,-8549.59357030401,358.04729603708944,West,True
4646,1619473375.7,65.97705508725566,0.5002515927344979,23.0,,,-86.6669565,36.0498553,,,0.0,0.0,0.0,0.0,8625.692737017163,-8551.392737017164,358.0388441554947,West,True
4647,1619473375.8,66.08338974335001,0.46967762421258985,23.0,,,-86.6669402,36.049845700000006,,,0.0,0.0,0.0,0.0,8627.505713775041,-8553.205713775042,358.0304951626753,West,True
4648,1619473375.9,66.17428393833913,0.43910215903452476,23.0,,,-86.6669238,36.049836,,,0.0,0.0,0.0,0.0,8629.332508110761,-8555.032508110762,358.0592381548617,West,True
4649,1619473376.0,66.14983478819686,0.4096631222460272,23.0,,,-86.6669075,36.0498265,,,0.0,0.0,0.0,0.0,8631.138960419756,-8556.838960419756,358.04240301266157,West,True
4650,1619473376.1,66.162834848225,0.38244537649919874,23.0,,,-86.666891,36.0498168,,,0.0,0.0,0.0,0.0,8632.973018606306,-8558.673018606307,358.02670914963255,West,True
4651,1619473376.2,66.19393019811663,0.3584146949409638,23.0,,,-86.6668748,36.0498072,,,0.0,0.0,0.0,0.0,8634.778737102339,-8560.47873710234,358.0625499967909,West,True
4652,1619473376.3,66.12304159960033,0.3383475008874016,23.0,,,-86.6668583,36.0497976,,,0.0,0.0,0.0,0.0,8636.606278453382,-8562.306278453383,358.062540422749,West,True
4653,1619473376.4,66.05215300108402,0.32277864372924336,23.0,,,-86.6668418,36.049788,,,0.0,0.0,0.0,0.0,8638.433819951266,-8564.133819951267,358.0423645036563,West,True
4654,1619473376.5,66.24576064035033,0.31196189870905167,23.0,,,-86.6668253,36.0497783,,,0.0,0.0,0.0,0.0,8640.267878725641,-8565.967878725642,358.08268820566605,West,True
4655,1619473376.6,66.23490325799715,0.30585128591498173,23.0,,,-86.6668088,36.0497688,,,0.0,0.0,0.0,0.0,8642.088947962944,-8567.788947962945,358.0826787311167,West,True
4656,1619473376.7,66.33640124179624,0.3041060709012771,23.0,,,-86.6667923,36.0497593,,,0.0,0.0,0.0,0.0,8643.91001734653,-8569.610017346531,358.07416493308085,West,True
4657,1619473376.8,66.42277544026483,0.306108253631694,23.0,,,-86.6667757,36.04974970000001,,,0.0,0.0,0.0,0.0,8645.744864093798,-8571.444864093799,358.02590277516043,West,True
4658,1619473376.9,66.49625113018838,0.3110067219575522,23.0,,,-86.666759,36.0497398,,,0.0,0.0,0.0,0.0,8647.606559166179,-8573.30655916618,358.0574408802986,West,True
4659,1619473377.0,66.61615608436192,0.3177571621535454,23.0,,,-86.6667422,36.04973,,,0.0,0.0,0.0,0.0,8649.46898426192,-8575.16898426192,358.0886070519437,West,True
4660,1619473377.1,66.66184487431082,0.3251877257189319,23.0,,,-86.6667253,36.0497203,,,0.0,0.0,0.0,0.0,8651.332248837407,-8577.032248837408,358.07412629552914,West,True
4661,1619473377.2,66.95028537651555,0.332042936316144,23.0,,,-86.6667087,36.0497107,,,0.0,0.0,0.0,0.0,8653.167096186513,-8578.867096186514,358.04920746168017,West,True
4662,1619473377.3,66.82117142803196,0.3370541054776359,23.0,,,-86.6666918,36.0497008,,,0.0,0.0,0.0,0.0,8655.04332221729,-8580.743322217291,358.05740179284425,West,True
4663,1619473377.4,66.97729725884895,0.33897617403862434,23.0,,,-86.666675,36.049691,,,0.0,0.0,0.0,0.0,8656.905747919407,-8582.605747919408,358.04576868772045,West,True
4664,1619473377.5,67.06061240956646,0.33665503505408,23.0,,,-86.6666583,36.0496812,,,0.0333492697181465,0.0,0.0,0.0,8658.760890556872,-8584.460890556873,358.03757509746845,West,True
4665,1619473377.6,67.19300706991359,0.3290562600325181,23.0,,,-86.6666415,36.0496713,,,0.1583654395849068,0.0,0.0,0.0,8660.62984436338,-8586.329844363381,358.08560177064544,West,True
4666,1619473377.7,67.23763033040441,0.3153277514621985,23.0,,,-86.66662480000001,36.0496617,,,0.2833819075137272,0.0,0.0,0.0,8662.472012052274,-8588.172012052275,358.0606251457043,West,True
4667,1619473377.8,67.37761691481687,0.29482217049765413,23.0,,,-86.6666078,36.0496518,,,0.4083980773804875,0.0,0.0,0.0,8664.355526366238,-8590.055526366239,358.0969693354457,West,True
4668,1619473377.9,67.44959758663195,0.26715092223471915,23.0,,,-86.666591,36.0496422,,,0.5334145453093079,0.0,0.0,0.0,8666.205028678156,-8591.905028678157,358.06564594311425,West,True
4669,1619473378.0,67.51720053548563,0.23219642670187857,22.74456495839727,,,-86.66657430000001,36.0496325,,,0.6584307151760682,0.0,0.0,0.0,8668.053662385875,-8593.753662385876,358.08017102805184,West,True
4670,1619473378.1,67.52053605771577,0.19014613609952727,22.24486756702662,,,-86.6665573,36.0496227,,,0.7834468850428286,0.0,0.0,0.0,8669.930700000443,-8595.630700000444,358.0605859469282,West,True
4671,1619473378.2,67.79100360917046,0.14148414247104618,22.0,,,-86.6665403,36.0496128,,,0.9084633529716488,0.0,0.0,0.0,8671.814214927785,-8597.514214927785,358.0801514815488,West,True
4672,1619473378.3,67.82931443733821,0.08699125171719325,22.0,,,-86.6665233,36.049603000000005,,,1.0,0.0,0.0,0.0,8673.69125285228,-8599.391252852281,358.077112251404,West,True
4673,1619473378.4,67.8876451639027,0.02770683727522025,22.0,,,-86.6665065,36.0495933,,,1.0,0.0,0.0,0.0,8675.547195943174,-8601.247195943175,358.0801320503976,West,True
4674,1619473378.5,67.8740308263322,-0.03511089050432533,22.0,,,-86.6664895,36.0495835,,,1.0,0.0,0.0,0.0,8677.424234176397,-8603.124234176397,358.04097132670347,West,True
4675,1619473378.6,67.82564730130103,-0.10005032452417394,22.0,,,-86.6664725,36.0495735,,,1.0,0.0,0.0,0.0,8679.31427009926,-8605.01427009926,358.099688756278,West,True
4676,1619473378.7,67.6771460516228,-0.16561599021248852,22.0,,,-86.66645550000001,36.0495638,,,1.0,0.0,0.0,0.0,8681.184875158871,-8606.884875158872,358.0409513814327,West,True
4677,1619473378.8,67.45761708178524,-0.23030409117637324,22.0,,,-86.6664385,36.04955379999999,,,1.0,0.0,0.0,0.0,8683.074911392983,-8608.774911392984,358.10240093376046,West,True
4678,1619473378.9,67.40884810044895,-0.2926782309031736,22.0,,,-86.6664213,36.049544,,,1.0,0.0,0.0,0.0,8684.966619170924,-8610.666619170925,358.0523789554798,West,True
4679,1619473379.0,67.23763638349382,-0.3514303001840236,22.0,,,-86.6664042,36.049534,,,1.0,0.0,0.0,0.0,8686.863932808135,-8612.563932808136,358.10238144252156,West,True
4680,1619473379.1,67.07981361291397,-0.405436557528095,22.0,,,-86.666387,36.0495242,,,1.0,0.0,0.0,0.0,8688.755640904463,-8614.455640904464,358.040911203798,West,True
4681,1619473379.2,67.04696469201832,-0.4537842674545032,22.0,,,-86.66637,36.0495142,,,1.0,0.0,0.0,0.0,8690.645677758788,-8616.345677758789,358.0748480818026,West,True
4682,1619473379.3,66.79737432803782,-0.495792941885672,22.0,,,-86.6663527,36.0495042,,,1.0,0.0,0.0,0.0,8692.557589792354,-8618.257589792354,358.0408910862545,West,True
4683,1619473379.4,66.61557352364092,-0.5310021201500548,22.0,,,-86.6663357,36.049494200000005,,,1.0,0.0,0.0,0.0,8694.447626960211,-8620.147626960212,358.1050113349619,West,True
4684,1619473379.5,66.52288874091658,-0.5591595596322703,22.0,,,-86.6663183,36.0494843,,,1.0,0.0,0.0,0.0,8696.360438962854,-8622.060438962855,358.07481827802206,West,True
4685,1619473379.6,66.33824560059745,-0.5801816964134507,22.0,,,-86.666301,36.04947429999999,,,1.0,0.0,0.0,0.0,8698.272351477915,-8623.972351477916,358.04427509280913,West,True
4686,1619473379.7,66.11824526982224,-0.5941245522443216,22.0,,,-86.6662838,36.0494642,,,1.0,0.0,0.0,0.0,8700.183471070173,-8625.883471070174,358.0747983944883,West,True
4687,1619473379.8,66.11124146597645,-0.6011374884292919,22.0,,,-86.6662665,36.0494542,,,1.0,0.0,0.0,0.0,8702.095383907837,-8627.795383907838,358.0636038883655,West,True
4688,1619473379.9,65.9098973824393,-0.601437202674691,22.0,,,-86.6662493,36.0494442,,,1.0,0.0,0.0,0.0,8703.999990704244,-8629.699990704245,358.0522786568367,West,True
4689,1619473380.0,65.75117903608694,-0.5952739474826805,22.0,,,-86.66623220000001,36.0494342,,,1.0,0.0,0.0,0.0,8705.897305921166,-8631.597305921166,358.04082040672813,West,True
4690,1619473380.1,65.61582341315865,-0.582923429216828,22.0,,,-86.6662152,36.0494242,,,1.0,0.0,0.0,0.0,8707.787344189506,-8633.487344189507,358.0635741482849,West,True
4691,1619473380.2,65.48710854554905,-0.5646746651679546,22.0,,,-86.666198,36.04941420000001,,,1.0,0.0,0.0,0.0,8709.691951463905,-8635.391951463906,358.0635641741452,West,True
4692,1619473380.3,65.33,-0.5408427493633283,22.0,,,-86.66618079999999,36.049404200000005,,,0.8329306081101213,0.0,0.0,0.0,8711.596558898711,-8637.296558898712,358.0603673128753,West,True
4693,1619473380.4,65.19414573156548,-0.5117743996427855,22.0,,,-86.66616379999999,36.0493943,,,0.2080892649643952,0.0,0.0,0.0,8713.480077268336,-8639.180077268336,358.0570946660814,West,True
4694,1619473380.5,65.01,-0.4778725633107922,22.0,,,-86.666147,36.0493845,,,0.0,0.0,0.4177918627452444,0.0,8715.342507740013,-8641.042507740014,358.017464889025,West,True
4695,1619473380.6,64.9010457379468,-0.4396057930502992,22.0,,,-86.6661302,36.0493745,,,0.0,0.0,1.0,0.0,8717.218037134766,-8642.918037134767,358.07991573741117,West,True
4696,1619473380.7,64.7646849622761,-0.3975293496212314,22.0,,,-86.6661132,36.049364700000005,,,0.0,0.0,1.0,0.0,8719.09507882643,-8644.795078826432,358.0255111652494,West,True
4697,1619473380.8,64.704881084502,-0.3522825682654075,22.0,,,-86.6660965,36.0493548,,,0.0,0.0,1.0,0.0,8720.956779820113,-8646.656779820114,358.0570555207552,West,True
4698,1619473380.9,64.66055727665707,-0.3045935123258045,22.0,,,-86.6660797,36.049345,,,0.0,0.0,1.0,0.0,8722.819210906404,-8648.519210906405,358.0454203467998,West,True
4699,1619473381.0,64.55363035609827,-0.2552553599213042,22.25651760432457,,,-86.666063,36.0493352,,,0.0,0.0,1.0,0.0,8724.674358884566,-8650.374358884566,358.0254814900522,West,True
4700,1619473381.1,64.57498890714491,-0.20511132517232078,22.756367445585333,,,-86.6660463,36.0493253,,,0.0,0.0,1.0,0.0,8726.536060330962,-8652.236060330963,358.073734729638,West,True
4701,1619473381.2,64.59526226483324,-0.1550130690332896,23.0,,,-86.6660297,36.0493157,,,0.0,0.0,1.0,0.0,8728.37091377198,-8654.07091377198,358.0254618061872,West,True
4702,1619473381.3,64.71353177825011,-0.1057939861358958,23.0,,,-86.666013,36.0493058,,,0.0,0.0,1.0,0.0,8730.23261551831,-8655.93261551831,358.0217078057047,West,True
4703,1619473381.4,64.70836571407405,-0.058223046099511205,23.0,,,-86.66599649999999,36.049296000000005,,,0.0,0.0,1.0,0.0,8732.073242845912,-8657.773242845913,358.08221235443574,West,True
4704,1619473381.5,64.7556961309579,-0.012980985767364032,23.0,,,-86.66598,36.0492865,,,0.0,0.0,1.0,0.0,8733.894319485922,-8659.594319485923,358.0418593173175,West,True
4705,1619473381.6,64.76797984644914,0.029373982589374834,23.0,,,-86.6659635,36.0492768,,,0.0,0.0,0.9910558709239412,0.0,8735.728385903785,-8661.428385903786,358.02167848487557,West,True
4706,1619473381.7,64.80414228127799,0.06841475141511708,23.0,,,-86.665947,36.049267,,,0.0,0.0,0.8594677758486867,0.0,8737.569013671246,-8663.269013671246,358.08218394005996,West,True
4707,1619473381.8,64.89102079395086,0.10385702274138076,23.255006011260697,,,-86.6659305,36.0492575,,,0.0,0.0,0.7278799945034501,0.0,8739.390090756984,-8665.090090756985,358.01782284643275,West,True
4708,1619473381.9,64.99152813439953,0.13554964770759403,23.754275137187683,,,-86.6659142,36.0492478,,,0.0,0.0,0.5962918994281956,0.0,8741.209645775856,-8666.909645775857,358.07047986135933,West,True
4709,1619473382.0,65.04187966327798,0.1634636558573803,24.0,,,-86.6658978,36.0492383,,,0.0,0.0,0.464704118082959,0.0,8743.023407504545,-8668.723407504545,358.08215569112355,West,True
4710,1619473382.1,65.06284124942582,0.18767194542335588,24.0,,,-86.6658813,36.0492288,,,0.0,0.0,0.3331163367377223,0.0,8744.844485030826,-8670.544485030827,358.0382127181666,West,True
4711,1619473382.2,65.10959986853997,0.20832461698658494,24.0,,,-86.665865,36.0492192,,,0.0,0.0,0.2015282416624678,0.0,8746.65747121609,-8672.35747121609,358.0417919044899,West,True
4712,1619473382.3,65.20259352904941,0.22563123106677818,24.0,,,-86.6658485,36.0492095,,,0.0,0.0,0.0699404603172312,0.0,8748.491538659684,-8674.191538659685,358.09945422441007,West,True
4713,1619473382.4,65.26305400086662,0.2398339440743982,24.254975784475885,,,-86.66583220000001,36.0492002,,,0.0,0.0,0.0,0.0,8750.2850866246,-8675.985086624602,358.04177267740704,West,True
4714,1619473382.5,65.32234027494215,0.25120336277382427,24.75407737068196,,,-86.6658157,36.0491905,,,0.0,0.0,0.0,0.0,8752.11915435881,-8677.819154358811,358.1224560048123,West,True
4715,1619473382.6,65.47847244123703,0.260016426572667,25.0,,,-86.66579920000001,36.04918120000001,,,0.0,0.0,0.0,0.0,8753.92742320141,-8679.627423201411,358.0298222452524,West,True
4716,1619473382.7,65.47364090145759,0.2665690430175322,25.0,,,-86.6657828,36.0491715,,,0.0,0.0,0.0,0.0,8755.754227583362,-8681.454227583363,358.08208966659174,West,True
4717,1619473382.8,65.5578524250038,0.2711579118847077,25.0,,,-86.66576629999999,36.049162,,,0.0,0.0,0.0,0.0,8757.575306136056,-8683.275306136056,358.058565446768,West,True
4718,1619473382.9,65.59906002654267,0.27410499150826717,25.0,,,-86.66575,36.049152500000005,,,0.0,0.0,0.0,0.0,8759.38176862125,-8685.08176862125,358.0417244891563,West,True
4719,1619473383.0,65.68975493672777,0.275736834378071,25.0,,,-86.6657335,36.0491428,,,0.0,0.0,0.0,0.0,8761.215837081892,-8686.915837081893,358.14487999763776,West,True
4720,1619473383.1,65.7337990524961,0.27641230435589426,25.0,,,-86.6657168,36.0491335,,,0.0,0.0,0.0,0.0,8763.038885739605,-8688.738885739605,358.058536680649,West,True
4721,1619473383.2,65.78252538672365,0.27649257622968615,25.254477416279347,,,-86.6657005,36.049124,,,0.0,0.0,0.0,0.0,8764.845348656681,-8690.545348656682,358.1049950029149,West,True
4722,1619473383.3,65.84737062090964,0.2763655798868182,25.75433440591109,,,-86.6656838,36.0491145,,,0.0,0.0,0.0,0.0,8766.681103897272,-8692.381103897273,358.0176764624397,West,True
4723,1619473383.4,65.9033280669145,0.2764038188341481,26.0,,,-86.6656675,36.0491048,,,0.0,0.0,0.0,0.0,8768.500661060076,-8694.200661060077,358.1162479768396,West,True
4724,1619473383.5,65.97230474682671,0.27698426754258154,26.0,,,-86.6656507,36.0490953,,,0.0,0.0,0.0,0.0,8770.343776538835,-8696.043776538836,358.07032765525645,West,True
4725,1619473383.6,66.11573733197318,0.27843639278553733,26.0,,,-86.6656343,36.04908579999999,,,0.0,0.0,0.0,0.0,8772.157540589416,-8697.857540589417,358.0734971364709,West,True
4726,1619473383.7,66.19119424930567,0.28106112722251664,26.0,,,-86.6656177,36.0490762,,,0.0,0.0,0.0,0.0,8773.992397721984,-8699.692397721985,358.0416469363624,West,True
4727,1619473383.8,66.22931887799957,0.2850752392967049,26.0,,,-86.6656012,36.0490665,,,0.0,0.0,0.0,0.0,8775.826467345061,-8701.526467345062,358.12233544177326,West,True
4728,1619473383.9,66.24582275240145,0.29063558061490635,26.0,,,-86.66558470000001,36.04905720000001,,,0.0,0.0,0.0,0.0,8777.634738104525,-8703.334738104526,358.02519876326323,West,True
4729,1619473384.0,66.42314987062704,0.29778751338828724,26.25606087692326,,,-86.66556800000001,36.0490473,,,0.0,0.0,0.0,0.0,8779.496443828368,-8705.196443828369,358.0617918327389,West,True
4730,1619473384.1,66.42694974440205,0.3065007663187429,26.75593573837701,,,-86.6655515,36.04903770000001,,,0.0,0.0,0.0,0.0,8781.323996802053,-8707.023996802054,358.0650438722053,West,True
4731,1619473384.2,66.53528544853619,0.3166291856099449,27.0,,,-86.6655348,36.049028,,,0.0,0.0,0.0,0.0,8783.17263987488,-8708.87263987488,358.0415983377434,West,True
4732,1619473384.3,66.66354344520018,0.3279623463672583,27.0,,,-86.6655183,36.04901829999999,,,0.0,0.0,0.0,0.0,8785.006710233043,-8710.706710233044,358.05671919668345,West,True
4733,1619473384.4,66.64762534309241,0.34020096937532385,27.0,,,-86.6655015,36.0490085,,,0.0,0.0,0.0,0.0,8786.869146554733,-8712.569146554733,358.06501491108486,West,True
4734,1619473384.5,67.24240415830413,0.3530234252048633,27.0,,,-86.6654848,36.04899879999999,,,0.0,0.0,0.0,0.0,8788.71779007986,-8714.41779007986,358.0734109237885,West,True
4735,1619473384.6,66.6343024721458,0.36607506037871074,27.0,,,-86.6654682,36.04898920000001,,,0.0,0.0,0.0,0.0,8790.55264855349,-8716.25264855349,358.04848284804933,West,True
4736,1619473384.7,66.96285887185506,0.3790412969889107,27.0,,,-86.66545129999999,36.04897929999999,,,0.0,0.0,0.0,0.0,8792.428885863117,-8718.128885863118,358.07339160200416,West,True
4737,1619473384.8,67.04816953492954,0.39164126971931823,27.0,,,-86.6654347,36.04896970000001,,,0.0,0.0,0.0,0.0,8794.263744636393,-8719.963744636394,358.0878586960053,West,True
4738,1619473384.9,67.10491975551346,0.4036926703992332,27.0,,,-86.6654178,36.04896,,,0.0,0.0,0.0,0.0,8796.127021178325,-8721.827021178326,358.076475757312,West,True
4739,1619473385.0,67.18419071688679,0.41509515366371963,27.254779068366474,,,-86.665401,36.0489503,,,0.0,0.0,0.0,0.0,8797.98297430866,-8723.68297430866,358.0450232032776,West,True
4740,1619473385.1,67.30284519765911,0.42587179173465184,27.755118449321294,,,-86.6653843,36.0489405,,,0.0,0.0,0.0,0.0,8799.838128379184,-8725.538128379185,358.0794869565466,West,True
4741,1619473385.2,67.35811222586902,0.4361307773005312,28.0,,,-86.6653673,36.0489307,,,0.0,0.0,0.0,0.0,8801.715176932157,-8727.415176932158,358.07644667902156,West,True
4742,1619473385.3,67.45173293268351,0.44607747017643784,28.0,,,-86.6653505,36.048921,,,0.0,0.0,0.0,0.0,8803.571130519982,-8729.271130519983,358.04499365442183,West,True
4743,1619473385.4,67.52045998160074,0.45595460287415124,28.0,,,-86.6653338,36.0489112,,,0.0,0.0,0.0,0.0,8805.426285042764,-8731.126285042765,358.0367968236622,West,True
4744,1619473385.5,67.6,0.4660340721373808,28.0,,,-86.665317,36.0489013,,,0.0,0.0,0.0,0.0,8807.29525078847,-8732.99525078847,358.0794482691205,West,True
4745,1619473385.6,67.67448101050724,0.4765497895810398,28.0,,,-86.6653,36.0488915,,,0.0,0.0,0.0,0.0,8809.172299960672,-8734.872299960673,358.05659221412964,West,True
4746,1619473385.7,67.83028659227821,0.48769037930956666,28.0,,,-86.6652832,36.0488817,,,0.0,0.0,0.0,0.0,8811.034738255792,-8736.734738255793,358.05984607561527,West,True
4747,1619473385.8,67.87502665971593,0.4995452305839143,28.0,,,-86.6652662,36.0488718,,,0.0,0.0,0.0,0.0,8812.918264856904,-8738.618264856905,358.0794190670279,West,True
4748,1619473385.9,68.09472543007692,0.5121192197772401,28.0,,,-86.6652492,36.048862,,,0.0,0.0,0.0,0.0,8814.79531449591,-8740.49531449591,358.063014110442,West,True
4749,1619473386.0,68.12818508748711,0.5253055990724429,28.253443319316915,,,-86.66523199999999,36.048852,,,0.0,0.0,0.0,0.0,8816.699930738423,-8742.399930738424,358.04023373347576,West,True
4750,1619473386.1,68.27407874585805,0.5389303987408322,28.75335035327097,,,-86.665215,36.048842,,,0.0,0.0,0.0,0.0,8818.589978144595,-8744.289978144596,358.0793896346625,West,True
4751,1619473386.2,68.3105706795915,0.5527489322319926,29.0,,,-86.665198,36.04883220000001,,,0.0,0.0,0.0,0.0,8820.46702825423,-8746.16702825423,358.0629844261259,West,True
4752,1619473386.3,68.5327988583556,0.5665088355888733,29.0,,,-86.6651808,36.0488222,,,0.0,0.0,0.0,0.0,8822.371644971427,-8748.071644971427,358.04020370474797,West,True
4753,1619473386.4,68.6600662227155,0.5799511899278946,29.0,,,-86.66516379999999,36.0488122,,,0.0,0.0,0.0,0.0,8824.261692847513,-8749.961692847513,358.0597767385768,West,True
4754,1619473386.5,68.75441249122679,0.5928696723463616,29.0,,,-86.6651468,36.0488023,,,0.0,0.0,0.0,0.0,8826.145220542487,-8751.845220542487,358.11263202138804,West,True
4755,1619473386.6,68.89629914236069,0.6050935674504838,29.0,,,-86.6651295,36.0487925,,,0.0,0.0,0.0,0.0,8828.044296290735,-8753.744296290735,358.06294471443977,West,True
4756,1619473386.7,69.02386970296662,0.6165241958975025,29.0,,,-86.6651123,36.0487825,,,0.0,0.0,0.0,0.0,8829.948913640152,-8755.648913640152,358.0516156374509,West,True
4757,1619473386.8,69.17249867208821,0.6270884768923757,29.0,,,-86.66509520000001,36.0487725,,,0.0,0.0,0.0,0.0,8831.846239327817,-8757.546239327818,358.10163769748215,West,True
4758,1619473386.9,69.29259710838936,0.6367504369393076,29.0,,,-86.66507800000001,36.048762700000005,,,0.0,0.0,0.0,0.0,8833.737959651151,-8759.437959651152,358.074103365766,West,True
4759,1619473387.0,69.38044925946242,0.6454433651312738,29.0,,,-86.66506070000001,36.0487527,,,0.0,0.0,0.0,0.0,8835.649883763785,-8761.349883763785,358.0851535055933,West,True
4760,1619473387.1,69.49188958086647,0.6530728082319068,29.0,,,-86.6650433,36.048742700000005,,,0.0,0.0,0.0,0.0,8837.56912862669,-8763.26912862669,358.035594911042,West,True
4761,1619473387.2,69.72812654532184,0.6594501775748828,29.0,,,-86.665026,36.0487325,,,0.0,0.0,0.0,0.0,8839.49407196812,-8765.19407196812,358.06288471076283,West,True
4762,1619473387.3,69.85106240931636,0.6643118365844245,29.0,,,-86.6650088,36.0487225,,,0.0,0.0,0.0,0.0,8841.398690274893,-8767.098690274894,358.0355746322473,West,True
4763,1619473387.4,70.00684349268124,0.6672776478577723,29.0,,,-86.6649915,36.0487123,,,0.0,0.0,0.0,0.0,8843.323633938326,-8769.023633938326,358.09604791717146,West,True
4764,1619473387.5,70.09101807696574,0.6679029461766439,29.0,,,-86.664974,36.0487023,,,0.0,0.0,0.0,0.0,8845.250214183674,-8770.950214183675,358.0547985769352,West,True
4765,1619473387.6,70.26431774800143,0.6656715445716421,29.0,,,-86.6649567,36.048692200000005,,,0.0,0.0,0.0,0.0,8847.16862753661,-8772.86862753661,358.05797751971625,West,True
4766,1619473387.7,70.4390827925991,0.6600783047484962,29.0,,,-86.6649392,36.048682,,,0.0,0.0,0.0,0.0,8849.108128640963,-8774.808128640963,358.0850838726983,West,True
4767,1619473387.8,70.62694815468963,0.6506464896608469,29.0,,,-86.6649218,36.048672,,,0.0,0.0,0.0,0.0,8851.027374647945,-8776.727374647946,358.0689831342455,West,True
4768,1619473387.9,70.71272802841382,0.63702012510391,29.0,,,-86.6649042,36.0486618,,,0.0,0.0,0.0,0.0,8852.974176019032,-8778.674176019033,358.06592892387465,West,True
4769,1619473388.0,70.93807267347788,0.618982508332516,29.0,,,-86.6648868,36.04865170000001,,,0.0,0.0,0.0,0.0,8854.899885954443,-8780.599885954443,358.06346558794064,West,True
4770,1619473388.1,71.07860835514597,0.5965305801417304,29.0,,,-86.66486925000001,36.0486415,,,0.0,0.0,0.0,0.0,8856.843035914384,-8782.543035914385,358.06345542081255,West,True
4771,1619473388.2,71.21914403681406,0.5698722170343333,29.0,,,-86.6648517,36.0486313,,,0.0,0.0,0.0,0.0,8858.786186041363,-8784.486186041364,358.061033549292,West,True
4772,1619473388.3,71.33632714227329,0.5394624413903747,29.0,,,-86.664834,36.048621,,,0.0,0.0,0.0,0.0,8860.746776885728,-8786.446776885728,358.03888086916487,West,True
4773,1619473388.4,71.45604541843839,0.5059698797599808,29.0,,,-86.6648165,36.048610700000005,,,0.0,0.0,0.0,0.0,8862.692802540816,-8788.392802540817,358.05319290192205,West,True
4774,1619473388.5,71.51389587880946,0.47027075462595624,29.0,,,-86.6647987,36.0486003,,,0.0,0.0,0.0,0.0,8864.667189795677,-8790.367189795677,358.0986253188039,West,True
4775,1619473388.6,71.55403514117408,0.4333907288308031,29.0,,,-86.664781,36.0485902,,,0.0,0.0,0.0,0.0,8866.614873562245,-8792.314873562245,358.05317221929016,West,True
4776,1619473388.7,71.58969787580354,0.3964673206272167,29.0,,,-86.6647632,36.04857979999999,,,0.0,0.0,0.0,0.0,8868.589261155914,-8794.289261155915,358.0826308251207,West,True
4777,1619473388.8,71.70461342744582,0.360683420736054,29.0,,,-86.66474529999999,36.0485695,,,0.0,0.0,0.0,0.0,8870.564474487566,-8796.264474487567,358.056268859508,West,True
4778,1619473388.9,71.72178769692424,0.32721532053591296,29.0,,,-86.6647273,36.048559,,,0.0,0.0,0.0,0.0,8872.559949463452,-8798.259949463452,358.07184653659095,West,True
4779,1619473389.0,71.6685652321123,0.2971751901556867,29.0,,,-86.6647095,36.048548700000005,,,0.0,0.0,0.0,0.0,8874.52784536097,-8800.22784536097,358.05624803675136,West,True
4780,1619473389.1,71.74638238153767,0.27155998383085767,29.0,,,-86.6646915,36.0485382,,,0.0,0.0,0.0,0.0,8876.523320683611,-8802.223320683612,358.07473559113777,West,True
4781,1619473389.2,71.79219984334787,0.25121466746264876,29.0,,,-86.66467349999999,36.0485278,,,0.0,0.0,0.0,0.0,8878.512310641074,-8804.212310641075,358.0775710052078,West,True
4782,1619473389.3,71.80076763599166,0.23679089713288337,29.0,,,-86.66465529999999,36.04851729999999,,,0.0,0.0,0.0,0.0,8880.522395484375,-8806.222395484376,358.0562165111714,West,True
4783,1619473389.4,71.73942076492554,0.22873552756825055,29.0,,,-86.6646373,36.0485068,,,0.0,0.0,0.0,0.0,8882.517871330021,-8808.217871330022,358.0669370035178,West,True
4784,1619473389.5,71.70902303021045,0.22726153112816616,29.0,,,-86.6646192,36.0484963,,,0.0,0.0,0.0,0.0,8884.520645081457,-8810.220645081457,358.1141313602479,West,True
4785,1619473389.6,71.76396927374302,0.23236081637674505,29.0,,,-86.664601,36.048486,,,0.0,0.0,0.0,0.0,8886.51789510935,-8812.21789510935,358.0880267266945,West,True
4786,1619473389.7,71.76657289283426,0.243785915030233,29.0,,,-86.66458270000001,36.0484755,,,0.0,0.0,0.0,0.0,8888.535305673518,-8814.23530567352,358.0622061661681,West,True
4787,1619473389.8,71.79166618218815,0.26108381699436034,29.0,,,-86.6645643,36.0484648,,,0.0,0.0,0.0,0.0,8890.57295970044,-8816.27295970044,358.09316143402856,West,True
4788,1619473389.9,71.84069769820972,0.28358625819434136,29.0,,,-86.6645463,36.0484545,,,0.0,0.0,0.0,0.0,8892.555506497216,-8818.255506497217,358.1086505423603,West,True
4789,1619473390.0,71.92169090506422,0.3104619344866789,29.0,,,-86.66452779999999,36.048444,,,0.0,0.0,0.0,0.0,8894.587607749023,-8820.287607749024,358.0300809461942,West,True
4790,1619473390.1,71.98048703671952,0.3407149735365398,29.0,,,-86.66450970000001,36.0484333,,,0.0,0.0,0.0,0.0,8896.60342808058,-8822.30342808058,358.11406956240336,West,True
4791,1619473390.2,72.15431691898489,0.3732546778207595,29.0,,,-86.6644915,36.048423,,,0.0,0.0,0.0,0.0,8898.600679182304,-8824.300679182305,358.08796407404975,West,True
4792,1619473390.3,72.23010983753994,0.40690333828253067,29.0,,,-86.6644732,36.0484125,,,0.0,0.0,0.0,0.0,8900.618090820697,-8826.318090820698,358.0774557740846,West,True
4793,1619473390.4,72.34534308734985,0.4404822273725091,29.0,,,-86.664455,36.048402,,,0.0,0.0,0.0,0.0,8902.62817761391,-8828.32817761391,358.0725990968062,West,True
4794,1619473390.5,72.42899373627267,0.4728278153389411,29.0,,,-86.6644365,36.04839129999999,,,0.0,0.0,0.0,0.0,8904.673138219974,-8830.373138219975,358.077434661873,West,True
4795,1619473390.6,72.59187401517096,0.5028873836661443,29.0,,,-86.6644183,36.0483808,,,0.0,0.0,0.0,0.0,8906.683225371882,-8832.383225371883,358.08792219303706,West,True
4796,1619473390.7,72.71011529630172,0.5297357120100723,29.0,,,-86.6644,36.0483703,,,0.0,0.0,0.0,0.0,8908.70063772907,-8834.400637729072,358.0774136611467,West,True
4797,1619473390.8,72.89676589252727,0.5526648137893315,29.0,,,-86.6643818,36.0483598,,,0.0,0.0,0.0,0.0,8910.710725236748,-8836.410725236748,358.0667892072785,West,True
4798,1619473390.9,73.02,0.5711851585471335,29.0,,,-86.6643637,36.0483493,,,0.0,0.0,0.0,0.0,8912.713501458124,-8838.413501458124,358.0590961731608,West,True
4799,1619473391.0,73.18204013194566,0.5850881377436294,29.0,,,-86.6643455,36.0483387,,,0.0,0.0,0.0,0.0,8914.730068322002,-8840.430068322003,358.1060778736672,West,True
4800,1619473391.1,73.29319783222599,0.5944144394522082,29.0,,,-86.6643272,36.0483283,,,0.0,0.0,0.0,0.0,8916.74106660662,-8842.441066606621,358.098254369942,West,True
4801,1619473391.2,73.50049596070458,0.5994723296602065,29.0,,,-86.6643088,36.04831779999999,,,0.0,0.0,0.0,0.0,8918.76581831376,-8844.46581831376,358.0545146773831,West,True
4802,1619473391.3,73.62511855433857,0.6007660848822487,29.0,,,-86.66429029999999,36.048307,,,0.0,0.0,0.0,0.0,8920.81726976732,-8846.51726976732,358.06673627360175,West,True
4803,1619473391.4,73.69222132365388,0.5989695134978067,29.0,,,-86.66427220000001,36.0482965,,,0.0,0.0,0.0,0.0,8922.820046873407,-8848.520046873407,358.0724936698741,West,True
4804,1619473391.5,73.83753962659554,0.5948264179040471,29.0,,,-86.6642537,36.0482858,,,0.0,0.0,0.0,0.0,8924.865009291445,-8850.565009291446,358.08011377478664,West,True
4805,1619473391.6,73.96740096956738,0.5890993869984528,29.0,,,-86.6642353,36.048275200000006,,,0.0,0.0,0.0,0.0,8926.896193952687,-8852.596193952688,358.07247238576883,West,True
4806,1619473391.7,74.09005888922734,0.5824713675070129,29.0,,,-86.66421679999999,36.0482645,,,0.0,0.0,0.0,0.0,8928.941156737199,-8854.6411567372,358.0514119903537,West,True
4807,1619473391.8,74.22977432482426,0.5755021694310269,29.0,,,-86.6641985,36.0482538,,,0.0,0.0,0.0,0.0,8930.971522543596,-8856.671522543596,358.0544504667369,West,True
4808,1619473391.9,74.3166568524939,0.5685639806543314,29.0,,,-86.66418,36.048243,,,0.0,0.0,0.0,0.0,8933.022975092867,-8858.722975092867,358.0724404914994,West,True
4809,1619473392.0,74.40268378380833,0.5618336807675086,29.0,,,-86.6641615,36.0482323,,,0.0,0.0,0.0,0.0,8935.067938429198,-8860.767938429199,358.0544289270026,West,True
4810,1619473392.1,74.50780122920654,0.5552817992234368,29.0,,,-86.66414300000001,36.0482215,,,0.0,0.0,0.0,0.0,8937.119391347213,-8862.819391347213,358.09301957309634,West,True
4811,1619473392.2,74.63766873852634,0.5487092794456823,29.0,,,-86.6641243,36.04821079999999,,,0.0,0.0,0.0,0.0,8939.179005745842,-8864.879005745843,358.06485941639335,West,True
4812,1619473392.3,74.7853074967998,0.5417857679964195,29.0,,,-86.66410570000001,36.0482,,,0.0,0.0,0.0,0.0,8941.237754690002,-8866.937754690003,358.0751891888019,West,True
4813,1619473392.4,74.86727277677446,0.5341157785407932,29.0,,,-86.664087,36.0481892,,,0.0,0.0,0.0,0.0,8943.303812841921,-8869.003812841922,358.06769481600287,West,True
4814,1619473392.5,74.96057685775922,0.525301158911385,29.0,,,-86.6640682,36.0481783,,,0.0,0.0,0.0,0.0,8945.383653599354,-8871.083653599355,358.07516758948066,West,True
4815,1619473392.6,75.07724131469475,0.515006645091381,29.0,,,-86.6640495,36.0481675,,,0.0,0.0,0.0,0.0,8947.449712127338,-8873.149712127339,358.07515682482784,West,True
4816,1619473392.7,75.18713144980175,0.5030136791126555,29.0,,,-86.66403079999999,36.04815670000001,,,0.0,0.0,0.0,0.0,8949.515770843584,-8875.215770843584,358.0879874283798,West,True
4817,1619473392.8,75.2958629142162,0.48925640871826437,28.74817058355526,,,-86.6640118,36.0481458,,,0.0,0.0,0.0,0.0,8951.61025045928,-8877.31025045928,358.04993699555314,West,True
4818,1619473392.9,75.41371511319296,0.4738424934806339,28.248617218429462,,,-86.663993,36.0481348,,,0.0,0.0,0.0,0.0,8953.696591411965,-8879.396591411965,358.0853552843423,West,True
4819,1619473393.0,75.50864239949692,0.4570458273824579,28.0,,,-86.66397420000001,36.048124,,,0.0,0.0,0.0,0.0,8955.769972940354,-8881.469972940355,358.06022500906636,West,True
4820,1619473393.1,75.61,0.4392887410396623,28.0,,,-86.6639553,36.048113,,,0.0,0.0,0.0,0.0,8957.863604192758,-8883.56360419276,358.04990403015137,West,True
4821,1619473393.2,75.71389261499662,0.4210981645095142,28.25131234143659,,,-86.6639365,36.048102,,,0.0,0.0,0.0,0.0,8959.949945715955,-8885.649945715955,358.07040478923767,West,True
4822,1619473393.3,75.83905087969568,0.4030624012089667,28.75159443073425,,,-86.66391750000001,36.048091,,,0.0,0.0,0.0,0.0,8962.050880450844,-8887.750880450845,358.07039382162014,West,True
4823,1619473393.4,75.91765306981837,0.3857725822703188,29.0,,,-86.6638985,36.04808,,,0.0,0.0,0.0,0.0,8964.151815380837,-8889.851815380838,358.08530115093794,West,True
4824,1619473393.5,75.96652675461648,0.36977695594903004,29.0,,,-86.6638797,36.0480692,,,0.0,0.0,0.0,0.0,8966.225197869397,-8891.925197869397,358.0904572170141,West,True
4825,1619473393.6,76.05340874141103,0.35553268552464845,29.0,,,-86.6638605,36.04805820000001,,,0.0,0.0,0.0,0.0,8968.340778372625,-8894.040778372626,358.0703609114156,West,True
4826,1619473393.7,76.10329206938252,0.34337800722004647,29.0,,,-86.6638415,36.0480472,,,0.0,0.0,0.0,0.0,8970.441713880706,-8896.141713880706,358.09043539294595,West,True
4827,1619473393.8,76.19539779201955,0.3335108098139417,29.0,,,-86.6638223,36.048036200000006,,,0.0,0.0,0.0,0.0,8972.557294777534,-8898.257294777535,358.04555979096153,West,True
4828,1619473393.9,76.26660581510487,0.3259873440439951,29.0,,,-86.6638032,36.048025,,,0.0,0.0,0.0,0.0,8974.678526549245,-8900.378526549246,358.09041351210954,West,True
4829,1619473394.0,76.35318689569294,0.32072960225355474,29.0,,,-86.66378399999999,36.048014,,,0.0,0.0,0.0,0.0,8976.794107844751,-8902.494107844752,358.05570899751643,West,True
4830,1619473394.1,76.41882448491864,0.31754591488901013,29.0,,,-86.6637648,36.0480028,,,0.0,0.0,0.0,0.0,8978.922624370032,-8904.622624370033,358.08040113817833,West,True
4831,1619473394.2,76.5113962339553,0.31615694194567234,29.0,,,-86.6637457,36.04799179999999,,,0.0,0.0,0.0,0.0,8981.03087700594,-8906.73087700594,358.0928842895241,West,True
4832,1619473394.3,76.57513102172908,0.3162254605256689,29.0,,,-86.6637263,36.0479807,,,0.0,0.0,0.0,0.0,8983.167559077569,-8908.86755907757,358.06574192734803,West,True
4833,1619473394.4,76.64509230755009,0.3173861786030641,29.0,,,-86.66370699999999,36.0479695,,,0.0,0.0,0.0,0.0,8985.303373561037,-8911.003373561038,358.0657307566966,West,True
4834,1619473394.5,76.71398492407414,0.31927204130921893,29.0,,,-86.6636877,36.0479583,,,0.0,0.0,0.0,0.0,8987.439188244482,-8913.139188244482,358.0928511956047,West,True
4835,1619473394.6,76.77175640778216,0.3215362741589559,29.0,,,-86.6636683,36.0479472,,,0.0,0.0,0.0,0.0,8989.57587092092,-8915.275870920921,358.0657083635458,West,True
4836,1619473394.7,76.83867517787944,0.3238683239103677,29.0,,,-86.66364899999999,36.047936,,,0.0,0.0,0.0,0.0,8991.711686004717,-8917.411686004718,358.05563047038123,West,True
4837,1619473394.8,76.93016519024107,0.32600352752068035,29.0,,,-86.6636298,36.0479248,,,0.0,0.0,0.0,0.0,8993.840203917007,-8919.540203917008,358.0684294798168,West,True
4838,1619473394.9,76.9842092652485,0.32772856168791265,29.0,,,-86.6636103,36.0479135,,,0.0,0.0,0.0,0.0,8995.99711126606,-8921.697111266061,358.0656748010608,West,True
4839,1619473395.0,77.05538463000627,0.32888017814904674,29.0,,,-86.663591,36.0479023,,,0.0,0.0,0.0,0.0,8998.132926953305,-8923.832926953306,358.1025693306848,West,True
4840,1619473395.1,77.111937043691,0.3293440660894582,29.0,,,-86.6635715,36.0478912,,,0.0,0.0,0.0,0.0,9000.276955624842,-8925.976955624843,358.0311373719391,West,True
4841,1619473395.2,77.20424110272495,0.3290467905614509,29.0,,,-86.6635522,36.0478798,,,0.0,0.0,0.0,0.0,9002.425815102068,-8928.125815102068,358.1025473061779,West,True
4842,1619473395.3,77.27357400788027,0.3279525543171141,29.0,,,-86.6635327,36.0478687,,,0.0,0.0,0.0,0.0,9004.569844183317,-8930.269844183318,358.0512924512266,West,True
4843,1619473395.4,77.29640949554897,0.32605231095125664,29.251878839834266,,,-86.6635132,36.0478573,,,0.0,0.0,0.0,0.0,9006.733249067098,-8932.433249067099,358.0683621017285,West,True
4844,1619473395.5,77.3872592266652,0.3233615406214912,29.751271610230035,,,-86.6634937,36.047846,,,0.0,0.0,0.0,0.0,9008.89015763795,-8934.590157637951,358.0584015412894,West,True
4845,1619473395.6,77.41941131802902,0.3199092351182486,30.0,,,-86.6634743,36.0478347,,,0.0,0.0,0.0,0.0,9011.039765430936,-8936.739765430937,358.06119329917885,West,True
4846,1619473395.7,77.50446767710292,0.31573817545835775,30.0,,,-86.6634547,36.0478233,,,0.0,0.0,0.0,0.0,9013.210462740864,-8938.910462740865,358.06832829994994,West,True
4847,1619473395.8,77.61772667542706,0.310895304094538,30.0,,,-86.66343520000001,36.047812,,,0.0,0.0,0.0,0.0,9015.367371927143,-8941.067371927144,358.10482200561313,West,True
4848,1619473395.9,77.64578070326134,0.3054347789280731,30.0,,,-86.6634155,36.0478008,,,0.0,0.0,0.0,0.0,9017.532506344953,-8943.232506344953,358.03414296011454,West,True
4849,1619473396.0,77.72125970545163,0.2994103181530251,30.0,,,-86.66339599999999,36.0477893,,,0.0,0.0,0.0,0.0,9019.70244649829,-8945.40244649829,358.0830290921403,West,True
4850,1619473396.1,77.78226227344098,0.2928803691575287,30.126597993012254,,,-86.66337635,36.047777999999994,,,0.0,0.0,0.0,0.0,9021.870331590328,-8947.570331590328,358.0830178237572,West,True
4851,1619473396.2,77.84326484143031,0.28590214444185774,30.253195986024505,,,-86.66335670000001,36.0477667,,,0.0,0.0,0.0,0.0,9024.038216887513,-8949.738216887514,358.0511898543292,West,True
4852,1619473396.3,77.96691822565624,0.2785375175689488,30.751473996714022,,,-86.6633372,36.0477553,,,0.0,0.0,0.0,0.0,9026.20162361156,-8951.90162361156,358.0878572233423,West,True
4853,1619473396.4,77.96000000000001,0.27084784041394977,31.0,,,-86.6633175,36.047744,,,0.0,0.0,0.0,0.0,9028.373174040387,-8954.073174040388,358.0974961278767,West,True
4854,1619473396.5,78.00741620421753,0.2628990265469955,31.0,,,-86.6632977,36.047732700000005,,,0.0,0.0,0.0,0.0,9030.552063440511,-8956.252063440512,358.05115545668866,West,True
4855,1619473396.6,78.1365253750399,0.2547563150561769,31.0,,,-86.66327820000001,36.0477213,,,0.0,0.0,0.0,0.0,9032.71547077756,-8958.415470777561,358.0735482477667,West,True
4856,1619473396.7,78.20094734883722,0.2464877660032103,31.0,,,-86.6632583,36.0477098,,,0.0,0.0,0.0,0.0,9034.914568465607,-8960.614568465608,358.07806338921176,West,True
4857,1619473396.8,78.22619615065508,0.23815901345764526,31.0,,,-86.6632387,36.0476985,,,0.0,0.0,0.0,0.0,9037.078793423956,-8962.778793423957,358.0539824452799,West,True
4858,1619473396.9,78.29488492112253,0.22983576585421778,31.0,,,-86.663219,36.047687,,,0.0,0.0,0.0,0.0,9039.26328811645,-8964.96328811645,358.0877896136824,West,True
4859,1619473397.0,78.37343091834124,0.2215796266927129,31.0,,,-86.6631993,36.047675700000006,,,0.0,0.0,0.0,0.0,9041.434839798538,-8967.134839798538,358.0721924185578,West,True
4860,1619473397.1,78.45449631435659,0.2134512111929034,31.126271541763742,,,-86.66317950000001,36.047664250000004,,,0.0,0.0,0.0,0.0,9043.623391313376,-8969.323391313377,358.0721810033425,West,True
4861,1619473397.2,78.53556171037194,0.2055083486349272,31.252543083527488,,,-86.66315970000001,36.0476528,,,0.0,0.0,0.0,0.0,9045.811943039844,-8971.511943039844,358.10696006381283,West,True
4862,1619473397.3,78.59727907913775,0.19781125629562857,31.752142860546115,,,-86.6631398,36.0476415,,,0.0,0.0,0.0,0.0,9047.998185236798,-8973.698185236799,358.010013462628,West,True
4863,1619473397.4,78.65,0.19042345956786588,32.0,,,-86.66312020000001,36.0476298,,,0.0,0.0,0.0,0.0,9050.18853377905,-8975.88853377905,358.07570340320206,West,True
4864,1619473397.5,78.7,0.18341913119760728,32.0,,,-86.66310045,36.047618400000005,,,0.0,0.0,0.0,0.0,9052.37019633917,-8978.070196339171,358.07569203416284,West,True
4865,1619473397.6,78.75,0.17688540352720084,32.0,,,-86.66308070000001,36.047607,,,0.0,0.0,0.0,0.0,9054.551859107982,-8980.251859107982,358.0830600010865,West,True
4866,1619473397.7,78.84943349230561,0.17093034140469449,32.0,,,-86.6630607,36.0475955,,,0.0,0.0,0.0,0.0,9056.758279332356,-8982.458279332357,358.073422910526,West,True
4867,1619473397.8,78.85196079148866,0.16568397171595753,32.0,,,-86.66304079999999,36.047584,,,0.0,0.0,0.0,0.0,9058.95737934635,-8984.65737934635,358.0132161401168,West,True
4868,1619473397.9,78.89124811698571,0.16130435119148506,32.0,,,-86.663021,36.0475722,,,0.0,0.0,0.0,0.0,9061.16879964022,-8986.86879964022,358.0636771778421,West,True
4869,1619473398.0,78.97813888372093,0.15797427515837376,32.0,,,-86.6630012,36.047560700000005,,,0.0,0.0,0.0,0.0,9063.360592084011,-8989.060592084012,358.06853939763516,West,True
4870,1619473398.1,79.0155951904972,0.15590293062793983,32.1260968132427,,,-86.66298135,36.047549200000006,,,0.0,0.0,0.0,0.0,9065.556037178683,-8991.256037178684,358.068527930384,West,True
4871,1619473398.2,79.05305149727346,0.15531595475554646,32.2521936264854,,,-86.6629615,36.04753770000001,,,0.0,0.0,0.0,0.0,9067.751482485266,-8993.451482485267,358.04967790287304,West,True
4872,1619473398.3,79.12845640790079,0.1564511763595342,32.75291349411571,,,-86.6629415,36.047526,,,0.0,0.0,0.0,0.0,9069.970866704238,-8995.670866704239,358.04966623956045,West,True
4873,1619473398.4,79.19064403130758,0.1595413349110949,33.0,,,-86.6629215,36.0475143,,,0.0,0.0,0.0,0.0,9072.190251139826,-8997.890251139826,358.0663114822506,West,True
4874,1619473398.5,79.22510230342411,0.16480431279174446,33.0,,,-86.6629015,36.0475027,,,0.0,0.0,0.0,0.0,9074.403135994642,-9000.103135994643,358.0199656784361,West,True
4875,1619473398.6,79.25890193413393,0.17242031248058035,33.0,,,-86.6628818,36.047491,,,0.0,0.0,0.0,0.0,9076.600726285147,-9002.300726285148,358.04963141130577,West,True
4876,1619473398.7,79.37171477578126,0.18251961673036296,33.0,,,-86.6628618,36.04747929999999,,,0.0,0.0,0.0,0.0,9078.820111368294,-9004.520111368294,358.0662769564431,West,True
4877,1619473398.8,79.36756171166962,0.19515899179494683,33.0,,,-86.6628418,36.047467700000006,,,0.0,0.0,0.0,0.0,9081.032996872797,-9006.732996872797,358.05930402368983,West,True
4878,1619473398.9,79.4011115410126,0.21031265826897405,33.0,,,-86.66282170000001,36.047456,,,0.0,0.0,0.0,0.0,9083.259672444477,-9008.959672444478,358.03293928061777,West,True
4879,1619473399.0,79.44498110333934,0.22785496866426425,33.2516846140372,,,-86.6628017,36.0474442,,,0.0,0.0,0.0,0.0,9085.485594536462,-9011.185594536462,358.0397912938971,West,True
4880,1619473399.1,79.53259571456148,0.24756138030340763,33.75147429794343,,,-86.66278179999999,36.0474325,,,0.0,0.0,0.0,0.0,9087.69770294029,-9013.39770294029,358.05926919963747,West,True
4881,1619473399.2,79.63279973202323,0.2691042660044342,34.0,,,-86.6627617,36.0474208,,,0.0,0.0,0.0,0.0,9089.924379167254,-9015.624379167255,358.0662190597901,West,True
4882,1619473399.3,79.67404076683538,0.29206864216724593,34.0,,,-86.6627417,36.0474092,,,0.0,0.0,0.0,0.0,9092.137265758389,-9017.83726575839,358.03586073299823,West,True
4883,1619473399.4,79.73199690754468,0.31596416219713175,34.0,,,-86.6627215,36.0473973,,,0.0,0.0,0.0902558305208754,0.0,9094.3842687091,-9020.0842687091,358.0661958097585,West,True
4884,1619473399.5,79.86192608035698,0.34025495322137755,34.0,,,-86.6627015,36.0473857,,,0.0,0.0,0.2825344302606715,0.0,9096.597155736374,-9022.297155736374,358.0162112251452,West,True
4885,1619473399.6,80.02085399499536,0.364384279251186,34.0,,,-86.66268149999999,36.0473738,,,0.0,0.0,0.4748130300004676,0.0,9098.829651729004,-9024.529651729004,358.0328567968216,West,True
4886,1619473399.7,80.14679161452949,0.387811144586405,34.0,,,-86.6626615,36.047362,,,0.0,0.0,0.6670920881686062,0.0,9101.055575337046,-9026.755575337047,358.04950290678516,West,True
4887,1619473399.8,80.29349975175154,0.41003784829024903,34.0,,,-86.6626415,36.0473503,,,0.0,0.0,0.8593706879084023,0.0,9103.274962806845,-9028.974962806846,358.06614954225614,West,True
4888,1619473399.9,80.41445573208907,0.43064161333857687,34.0,,,-86.6626215,36.047338700000005,,,0.0,0.0,1.0,0.0,9105.487850705935,-9031.187850705935,358.0454584528456,West,True
4889,1619473400.0,80.55332001709434,0.44929295425315696,34.25211238571192,,,-86.6626012,36.0473268,,,0.0,0.0,1.0,0.0,9107.742127448997,-9033.442127448998,358.0661262334108,West,True
4890,1619473400.1,80.67256602165678,0.4657714508594163,34.75189968744675,,,-86.6625812,36.0473152,,,0.0,0.0,1.0,0.0,9109.955015783647,-9035.655015783648,358.03576645229754,West,True
4891,1619473400.2,80.9409402466071,0.4799664368474548,35.0,,,-86.662561,36.0473033,,,0.0,0.0,1.0,0.0,9112.202020487994,-9037.902020487994,358.05224808159835,West,True
4892,1619473400.3,80.95721222680959,0.4918724034544501,35.0,,,-86.66254079999999,36.0472915,,,0.0,0.0,1.0,0.0,9114.442495374538,-9040.142495374539,358.0425535257024,West,True
4893,1619473400.4,81.06253832733212,0.5015716798244958,35.0,,,-86.6625207,36.0472797,,,0.0,0.0,1.0,0.0,9116.675689243051,-9042.375689243052,358.0357309113217,West,True
4894,1619473400.5,81.09076354173187,0.5092138708416094,35.0,,,-86.66250050000001,36.04726779999999,,,0.0,0.0,1.0,0.0,9118.922694608715,-9044.622694608715,358.0946268761671,West,True
4895,1619473400.6,81.2310952963416,0.514988897618635,35.0,,,-86.6624802,36.04725620000001,,,0.0,0.0,1.0,0.0,9121.15755505594,-9046.85755505594,358.05494991469715,West,True
4896,1619473400.7,81.33803322755273,0.5191017003360616,35.0,,,-86.6624598,36.0472443,,,0.0,0.0,1.0,0.0,9123.419118189191,-9049.119118189192,358.0617768645127,West,True
4897,1619473400.8,81.44475054050324,0.5217486562412498,35.252506037747104,,,-86.6624395,36.0472325,,,0.0,0.0,1.0,0.0,9125.666887793606,-9051.366887793607,358.06176509917844,West,True
4898,1619473400.9,81.52158738583744,0.523099774604505,35.75273681385849,,,-86.6624192,36.0472207,,,0.0,0.0,1.0,0.0,9127.914657621173,-9053.614657621174,358.038581889809,West,True
4899,1619473401.0,81.59650682733134,0.5232895735392199,36.0,,,-86.6623988,36.047208700000006,,,0.0,0.0,1.0,0.0,9130.182745260598,-9055.882745260598,358.0651863297547,West,True
4900,1619473401.1,81.68593895926142,0.5224135050993215,36.0,,,-86.66237855,36.04719695,,,0.0,0.0,1.0,0.0,9132.423621036332,-9058.123621036333,358.06517461423294,West,True
4901,1619473401.2,81.7753710911915,0.5205368730681856,36.0,,,-86.6623583,36.0471852,,,0.0,0.0,1.0,0.0,9134.664497032369,-9060.36449703237,358.0481067573901,West,True
4902,1619473401.3,81.87193970436768,0.5177032009577943,36.0,,,-86.6623378,36.0471732,,,0.0,0.0,1.0,0.0,9136.939861503828,-9062.639861503829,358.0288794126136,West,True
4903,1619473401.4,82.01102553895981,0.5139558381854449,36.0,,,-86.6623175,36.047161200000005,,,0.0,0.0,1.0,0.0,9139.200686208786,-9064.900686208786,358.0643364922892,West,True
4904,1619473401.5,82.1260980294242,0.5093484367748644,36.0,,,-86.662297,36.0471493,,,0.0,0.0,1.0,0.0,9141.469548224477,-9067.169548224478,358.0480709769263,West,True
4905,1619473401.6,82.19006838496274,0.5039684434183841,36.249923017981565,,,-86.6622765,36.0471373,,,0.0,0.0,1.0,0.0,9143.744913376715,-9069.444913376716,358.0480590102472,West,True
4906,1619473401.7,82.32304376524084,0.49793797956939767,36.75052216485371,,,-86.662256,36.0471253,,,0.0,0.0,1.0,0.0,9146.02027875801,-9071.72027875801,358.0480470466072,West,True
4907,1619473401.8,82.45903725633434,0.49142924288806655,37.0,,,-86.6622355,36.0471133,,,0.0,0.0,1.0,0.0,9148.295644366399,-9073.9956443664,358.0990749776292,West,True
4908,1619473401.9,82.50935191541947,0.4846487526704272,37.0,,,-86.66221479999999,36.0471015,,,0.0,0.0,0.9337138858139884,0.0,9150.572712318492,-9076.272712318492,358.0251415591949,West,True
4909,1619473402.0,82.6085314563463,0.47784080814733965,37.0,,,-86.6621942,36.0470893,,,0.0,0.0,0.6836901906994739,0.0,9152.868437608424,-9078.568437608425,358.06685627425577,West,True
4910,1619473402.1,82.77287683756309,0.47125638339967657,37.0,,,-86.6621735,36.0470773,,,0.0,0.0,0.4336664955849594,0.0,9155.158392783405,-9080.858392783406,358.0668443114058,West,True
4911,1619473402.2,82.85433027573632,0.4651483154523324,37.0,,,-86.66215279999999,36.0470653,,,0.0,0.0,0.1836422043669351,0.0,9157.448348188467,-9083.148348188468,358.108160538618,West,True
4912,1619473402.3,82.94046570788333,0.45973350737780017,37.0,,,-86.662132,36.0470535,,,0.0,0.0,0.0,0.0,9159.732770796685,-9085.432770796686,358.0479746674137,West,True
4913,1619473402.4,83.08769796270941,0.4551883044401357,37.0,,,-86.6621115,36.0470415,,,0.0,0.0,0.0,0.0,9162.008137766632,-9087.708137766633,358.0875223670231,West,True
4914,1619473402.5,83.17444275591404,0.4516156345802874,37.0,,,-86.66209075,36.0470296,,,0.0,0.0,0.0,0.0,9164.295297573797,-9089.995297573798,358.0875105017278,West,True
4915,1619473402.6,83.26118754911867,0.4490490553539851,37.0,,,-86.66207,36.047017700000005,,,0.0,0.0,0.0,0.0,9166.582457612012,-9092.282457612013,358.07607172398576,West,True
4916,1619473402.7,83.36521950656693,0.4474342583774872,37.0,,,-86.66204920000001,36.0470057,,,0.0,0.0,0.0,0.0,9168.879726646124,-9094.579726646125,358.05337027965766,West,True
4917,1619473402.8,83.44052412346986,0.4466460864210898,37.25161465672005,,,-86.66202829999999,36.0469935,,,0.0,0.0,0.0,0.0,9171.197267380705,-9096.897267380706,358.1419646462342,West,True
4918,1619473402.9,83.55977327111201,0.44648791459875187,37.75160512017242,,,-86.6620073,36.0469818,,,0.0,0.0,0.0,0.0,9173.490106220897,-9099.190106220898,358.06001481970065,West,True
4919,1619473403.0,83.67078319850539,0.44671959854228427,38.0,,,-86.6619865,36.046969700000005,,,0.0,0.0,0.0,0.0,9175.793852344284,-9101.493852344285,358.06259647910514,West,True
4920,1619473403.1,83.73144879237115,0.4470710746215575,38.0,,,-86.66196550000001,36.0469575,,,0.0,0.0,0.0,0.0,9178.118689037847,-9103.818689037847,358.09432161916044,West,True
4921,1619473403.2,83.82388036372664,0.44727322313543266,38.0,,,-86.66194449999999,36.0469455,,,0.0,0.0,0.0,0.0,9180.430619721408,-9106.130619721409,358.0943096504966,West,True
4922,1619473403.3,83.96645326790096,0.4470763667309404,38.0,,,-86.6619235,36.0469335,,,0.0,0.0,0.0,0.0,9182.7425506379,-9108.442550637901,358.1122628260612,West,True
4923,1619473403.4,84.02392065992298,0.4462730450892509,38.0,,,-86.6619023,36.0469215,,,0.0,0.0,0.0,0.0,9185.06918886574,-9110.769188865741,358.0625477051158,West,True
4924,1619473403.5,84.16781355773726,0.4447106627092682,38.0,,,-86.66188129999999,36.0469093,,,0.0,0.0,0.0,0.0,9187.394026498623,-9113.094026498624,358.0942736363103,West,True
4925,1619473403.6,84.22887928125144,0.4422973307302349,38.0,,,-86.6618603,36.0468973,,,0.0,0.0,0.0,0.0,9189.70595812454,-9115.40595812454,358.08749268304473,West,True
4926,1619473403.7,84.37789939355957,0.4390022707943658,38.0,,,-86.6618392,36.0468852,,,0.0,0.0,0.0,0.0,9192.03165286434,-9117.73165286434,358.08077549799253,West,True
4927,1619473403.8,84.4508382025535,0.43484328390627786,38.0,,,-86.66181800000001,36.046873,,,0.0,0.0,0.0,0.0,9194.371117156565,-9120.071117156565,358.0807633346555,West,True
4928,1619473403.9,84.53,0.42987718305933303,38.0,,,-86.6617968,36.0468608,,,0.0,0.0,0.0,0.0,9196.710581690471,-9122.410581690472,358.0874563727872,West,True
4929,1619473404.0,84.70715313885391,0.4241766863118154,38.0,,,-86.66177569999999,36.046848700000005,,,0.0,0.0,0.0,0.0,9199.036277148254,-9124.736277148255,358.0492998759301,West,True
4930,1619473404.1,84.73442623856761,0.41782110929642113,38.0,,,-86.6617545,36.0468363,,,0.0,0.0,0.0,0.0,9201.388707586495,-9127.088707586496,358.0740846157572,West,True
4931,1619473404.2,84.82609230282327,0.4108756037988158,38.25087117548312,,,-86.6617332,36.046824,,,0.0,0.0,0.0,0.0,9203.741948484829,-9129.44194848483,358.09863857397244,West,True
4932,1619473404.3,84.91795457046439,0.40339365990217974,38.749877160985136,,,-86.6617118,36.04681179999999,,,0.0,0.0,0.0,0.0,9206.096086424453,-9131.796086424454,358.10535311387014,West,True
4933,1619473404.4,85.01,0.3954081524167445,39.0,,,-86.6616905,36.0467997,,,0.0,0.0,0.0,0.0,9208.436472536781,-9134.136472536782,358.04275562763155,West,True
4934,1619473404.5,85.0908464976001,0.3869497564461196,39.0,,,-86.6616692,36.0467872,,,0.0,0.0,0.0,0.0,9210.8027086052,-9136.502708605201,358.0986021921223,West,True
4935,1619473404.6,85.18236103237079,0.37804853033101304,39.0,,,-86.6616478,36.046775,,,0.0,0.0,0.0,0.0,9213.15684728043,-9138.85684728043,358.07402317529056,West,True
4936,1619473404.7,85.29418383187327,0.3687606928646533,39.0,,,-86.6616265,36.0467627,,,0.0,0.0,0.0,0.0,9215.510089391712,-9141.210089391712,358.0764123757342,West,True
4937,1619473404.8,85.33291930451917,0.3591689439965713,39.0,,,-86.66160500000001,36.0467503,,,0.0,0.0,0.0,0.0,9217.884427082869,-9143.58442708287,358.0919014032135,West,True
4938,1619473404.9,85.44299584104802,0.3494030363154869,39.0,,,-86.66158349999999,36.046738,,,0.0,0.0,0.0,0.0,9220.252325054384,-9145.952325054384,358.0608864388955,West,True
4939,1619473405.0,85.48357483169814,0.33962529939505626,39.0,,,-86.661562,36.0467255,,,0.0,0.0,0.0,0.0,9222.633137721366,-9148.333137721367,358.09187687200983,West,True
4940,1619473405.1,85.58656668407116,0.3300344302620619,39.0,,,-86.6615405,36.046713200000006,,,0.0,0.0,0.0,0.0,9225.001036188454,-9150.701036188455,358.06086151108013,West,True
4941,1619473405.2,85.64339626650185,0.3208322999636981,39.0,,,-86.661519,36.0467007,,,0.0,0.0,0.0,0.0,9227.38184935131,-9153.08184935131,358.07870783455974,West,True
4942,1619473405.3,85.70732106225057,0.31221341222335475,39.0,,,-86.6614973,36.046688200000006,,,0.0,0.0,0.0,0.0,9229.777284444563,-9155.477284444563,358.10734212629285,West,True
4943,1619473405.4,85.78595232524657,0.3043234695234197,39.0,,,-86.66147579999999,36.046676,,,0.0,0.0,0.0,0.0,9232.138778489967,-9157.838778489968,358.06979480351566,West,True
4944,1619473405.5,85.85334953005206,0.2972492433648336,39.0,,,-86.66145420000001,36.0466635,,,0.0,0.0,0.0,0.0,9234.52689750348,-9160.22689750348,358.08521253989136,West,True
4945,1619473405.6,85.8984584936619,0.29098731869549965,39.0,,,-86.66143260000001,36.046651100000005,,,0.0,0.0,0.0,0.0,9236.908562149043,-9162.608562149044,358.0852001750122,West,True
4946,1619473405.7,85.94356745727175,0.28545059147271934,39.0,,,-86.661411,36.0466387,,,0.0,0.0,0.0,0.0,9239.290227045509,-9164.99022704551,358.04792772699267,West,True
4947,1619473405.8,86.00471943646306,0.28046022679975446,39.0,,,-86.6613893,36.046626,,,0.0,0.0,0.0,0.0,9241.698635528815,-9167.398635528816,358.10060616392167,West,True
4948,1619473405.9,86.05578088449282,0.2757737895783195,39.0,,,-86.6613677,36.0466137,,,0.0,0.0,0.0,0.0,9244.073880826407,-9169.773880826408,358.07862092477416,West,True
4949,1619473406.0,86.10121134273338,0.27109838023349475,39.0,,,-86.66134600000001,36.046601200000005,,,0.0,0.0,0.0,0.0,9246.469317674548,-9172.169317674548,358.07860846114335,West,True
4950,1619473406.1,86.14664180097394,0.26612999342518884,39.0,,,-86.6613243,36.04658870000001,,,0.0,0.0,0.0,0.0,9248.864754776017,-9174.564754776018,358.06970737729665,West,True
4951,1619473406.2,86.27415408719474,0.260572627177281,39.0,,,-86.6613027,36.0465762,,,0.0,0.0,0.0,0.0,9251.252875543658,-9176.952875543659,358.07650975526275,West,True
4952,1619473406.3,86.32207704359737,0.25417089989874175,39.0,,,-86.66128085,36.0465636,,,0.0,0.0,0.0,0.0,9253.66574890539,-9179.365748905391,358.07649718970106,West,True
4953,1619473406.4,86.37,0.2467186403857905,39.0,,,-86.661259,36.046551,,,0.0,0.0,0.0,0.0,9256.078622523095,-9181.778622523096,358.0873658193789,West,True
4954,1619473406.5,86.429596508608,0.23807257016427943,39.0,,,-86.6612372,36.0465385,,,0.0,0.0,0.0,0.0,9258.481388590784,-9184.181388590785,358.0785459650443,West,True
4955,1619473406.6,86.49869236934623,0.22814449680003918,39.0,,,-86.6612155,36.046526,,,0.0,0.0,0.0,0.0,9260.876826957732,-9186.576826957733,358.0567616802856,West,True
4956,1619473406.7,86.50996520695861,0.21689745639346886,39.0,,,-86.6611937,36.0465133,,,0.0,0.0,0.0,0.0,9263.29252630886,-9188.99252630886,358.08083543239076,West,True
4957,1619473406.8,86.56565220526596,0.2043286304487893,38.74941768477653,,,-86.6611718,36.0465007,,,0.0,0.0,0.0,0.0,9265.709062173875,-9191.409062173876,358.05673629352873,West,True
4958,1619473406.9,86.62610674738497,0.19045942795664578,38.25045740593141,,,-86.66115,36.046488,,,0.0,0.0,0.0,0.0,9268.12476203649,-9193.824762036491,358.0732002592753,West,True
4959,1619473407.0,86.66630500179281,0.17532126441363577,38.1252287029657,,,-86.66112810000001,36.04647535,,,0.0,0.0,0.0,0.0,9270.544526079459,-9196.24452607946,358.07318764505976,West,True
4960,1619473407.1,86.70650325620063,0.15895055289139867,38.0,,,-86.6611062,36.046462700000006,,,0.0,0.0,0.0,0.0,9272.964290380894,-9198.664290380895,358.0763967605808,West,True
4961,1619473407.2,86.72855845649613,0.14138412933663247,38.0,,,-86.66108435000001,36.0464501,,,0.0,0.0,0.0,0.0,9275.377166048856,-9201.077166048857,358.0763841971128,West,True
4962,1619473407.3,86.75061365679163,0.12266161925135839,38.0,,,-86.6610625,36.0464375,,,0.0,0.0,0.0,0.0,9277.79004197337,-9203.490041973371,358.06675028128086,West,True
4963,1619473407.4,86.83043124607562,0.10282808567662993,38.0,,,-86.66104050000001,36.04642475,,,0.0,0.0,0.0,0.0,9280.223589341133,-9205.923589341133,358.06673756741054,West,True
4964,1619473407.5,86.91024883535962,0.08193840074806955,38.0,,,-86.66101850000001,36.046412,,,0.0,0.0,0.0,0.0,9282.657136970289,-9208.35713697029,358.05346320428066,West,True
4965,1619473407.6,86.83250934905877,0.06006007524290234,37.62605502295597,,,-86.66099665000002,36.04639924999999,,,0.0,0.0,0.0,0.0,9285.079736661024,-9210.779736661025,358.05345049287564,West,True
4966,1619473407.7,86.75476986275791,0.037273387730129365,37.252110045911934,,,-86.6609748,36.0463865,,,0.0,0.0,0.0,0.0,9287.50233661031,-9213.202336610311,358.06789933427484,West,True
4967,1619473407.8,86.78511892106164,0.013670119618034415,37.0,,,-86.6609527,36.0463737,,,0.0,0.0,0.0,0.0,9289.946431416369,-9215.64643141637,358.0654761322292,West,True
4968,1619473407.9,86.79972820941242,-0.010651711100801698,37.0,,,-86.6609308,36.046361,,,0.0,0.0,0.0,0.0,9292.369433902813,-9218.069433902814,358.07105478670786,West,True
4969,1619473408.0,86.74276790550202,-0.03559144589478275,37.0,,,-86.66090875,36.046348249999994,,,0.0,0.0,0.0,0.0,9294.806637889731,-9220.506637889732,358.07104207274006,West,True
4970,1619473408.1,86.68580760159162,-0.06105242820455113,37.0,,,-86.6608867,36.0463355,,,0.0,0.0,0.0,0.0,9297.243842137337,-9222.943842137338,358.0840531131595,West,True
4971,1619473408.2,86.67462495410933,-0.08694285896621484,37.0,,,-86.6608645,36.04632275,,,0.0,0.0,0.0,0.0,9299.692028603276,-9225.392028603277,358.0840403960259,West,True
4972,1619473408.3,86.66344230662703,-0.11317924035762256,37.0,,,-86.6608423,36.04631,,,0.0,0.0,0.0,0.0,9302.1402153332,-9227.8402153332,358.0514709320641,West,True
4973,1619473408.4,86.62670991280345,-0.13968125342322843,36.62496555541374,,,-86.6608203,36.04629715,,,0.0,0.0,0.0,0.0,9304.580260027264,-9230.280260027264,358.05145811758564,West,True
4974,1619473408.5,86.58997751897988,-0.16637133750546018,36.24993111082747,,,-86.6607983,36.0462843,,,0.0,0.0,0.0,0.0,9307.020304983027,-9232.720304983028,358.0665975992878,West,True
4975,1619473408.6,86.51052894004343,-0.19316501393980431,36.12496555541374,,,-86.6607763,36.04627155,,,0.0,0.0,0.0,0.0,9309.453855480178,-9235.15385548018,358.06658488750423,West,True
4976,1619473408.7,86.43108036110699,-0.2199705606156391,36.0,,,-86.6607543,36.0462588,,,0.0,0.0,0.0,0.0,9311.887406237685,-9237.587406237686,358.0665721704767,West,True
4977,1619473408.8,86.29679513732395,-0.24667958701002196,36.0,,,-86.6607323,36.04624604999999,,,0.0,0.0,0.0,0.0,9314.320957254507,-9240.020957254508,358.06655945958823,West,True
4978,1619473408.9,86.16250991354092,-0.27317241430847566,36.0,,,-86.6607103,36.0462333,,,0.0,0.0,0.0,0.0,9316.754508532264,-9242.454508532264,358.08506312346424,West,True
4979,1619473409.0,86.10293721973095,-0.29931329259817885,35.75064740275844,,,-86.66068800000001,36.0462205,,,0.0,0.0,0.0,0.0,9319.213246486806,-9244.913246486807,358.0741103585692,West,True
4980,1619473409.1,85.98934535981401,-0.3249646382357388,35.250573482001485,,,-86.660666,36.0462078,,,0.0,0.0,0.0,0.0,9321.643563497524,-9247.343563497525,358.07641833456125,West,True
4981,1619473409.2,85.87811552951797,-0.3499874009770793,35.0,,,-86.6606438,36.046195,,,0.0,0.0,0.0,0.0,9324.094976418166,-9249.794976418167,358.0564295744355,West,True
4982,1619473409.3,85.85478389086896,-0.3742623088836936,35.0,,,-86.660622,36.0461823,,,0.0,0.0,0.0,0.0,9326.510682455024,-9252.210682455025,358.1043796292633,West,True
4983,1619473409.4,85.72571151245273,-0.3976910017746972,35.0,,,-86.6606,36.0461698,,,0.0,0.0,0.0,0.0,9328.928145676555,-9254.628145676556,358.07638038994895,West,True
4984,1619473409.5,85.6633826369421,-0.4202179584813909,35.0,,,-86.6605778,36.046157,,,0.0,0.0,0.0,0.0,9331.37955938157,-9257.079559381571,358.05889349230307,West,True
4985,1619473409.6,85.51948535615283,-0.4418252738146849,34.750355699494555,,,-86.6605558,36.0461442,,,0.0,0.0,0.0,0.0,9333.81635565615,-9259.516355656151,358.05637845223043,West,True
4986,1619473409.7,85.38437498852262,-0.4625479882386779,34.24929308085339,,,-86.660534,36.0461315,,,0.0,0.0,0.0,0.0,9336.232062719091,-9261.932062719092,358.0588680820924,West,True
4987,1619473409.8,85.27061755146262,-0.4824570322901214,34.0,,,-86.660512,36.0461187,,,0.0,0.0,0.0,0.0,9338.668859513687,-9264.368859513688,358.0563530083836,West,True
4988,1619473409.9,85.12145150356571,-0.5016644470985743,34.0,,,-86.6604902,36.046106,,,0.0,0.0,0.0,0.0,9341.08456709169,-9266.78456709169,358.0499858248666,West,True
4989,1619473410.0,85.00664899855023,-0.5202947684252102,33.75069457351042,,,-86.66046829999999,36.0460932,,,0.0,0.0,0.0,0.0,9343.514072477334,-9269.214072477334,358.0651960199141,West,True
4990,1619473410.1,84.8949067186513,-0.5384832715628179,33.375347286755215,,,-86.6604464,36.0460805,,,0.0,0.0,0.0,0.0,9345.937080664338,-9271.637080664339,358.06518335802446,West,True
4991,1619473410.2,84.78316443875238,-0.5563426217166676,33.0,,,-86.6604245,36.0460678,,,0.0,0.0,0.0,0.0,9348.360089109441,-9274.060089109442,358.0715952844721,West,True
4992,1619473410.3,84.65785324222458,-0.5739624925558517,33.0,,,-86.6604027,36.046055200000005,,,0.0,0.0,0.0,0.0,9350.769314369922,-9276.469314369922,358.0347118449347,West,True
4993,1619473410.4,84.57671381303858,-0.5913811813432537,33.0,,,-86.6603808,36.0460423,,,0.0,0.0,0.0,0.0,9353.205351666082,-9278.905351666082,358.0868636784141,West,True
4994,1619473410.5,84.41704306005202,-0.6085948771943377,33.0,,,-86.660359,36.04602979999999,,,0.0,0.0,0.0,0.0,9355.608128064538,-9281.308128064538,358.0715575367974,West,True
4995,1619473410.6,84.2390079278493,-0.6255408637381004,32.74992278194095,,,-86.6603372,36.0460172,,,0.0,0.0,0.0,0.0,9358.017354094165,-9283.717354094166,358.09556814302033,West,True
4996,1619473410.7,84.08500595379853,-0.6421191511189592,32.25165127849346,,,-86.6603153,36.046004700000005,,,0.0,0.0,0.0,0.0,9360.427470278617,-9286.127470278618,358.06912511800635,West,True
4997,1619473410.8,83.86703514692567,-0.6581869361642285,32.0,,,-86.6602937,36.0459922,,,0.0,0.0,0.0,0.0,9362.815602758996,-9288.515602758996,358.04727569114914,West,True
4998,1619473410.9,83.81161015794589,-0.6735881515446626,32.0,,,-86.66027199999999,36.0459795,,,0.0,0.0,0.0,0.0,9365.224024220304,-9290.924024220305,358.0670774644305,West,True
4999,1619473411.0,83.68540830621552,-0.6881529323372859,32.0,,,-86.66025024999999,36.045966899999996,,,0.0,0.0,0.0,0.0,9367.629595671233,-9293.329595671234,358.06706489904593,West,True
5000,1619473411.1,83.55920645448516,-0.7017267574725634,32.0,,,-86.6602285,36.0459543,,,0.0,0.0,0.0,0.0,9370.035167375065,-9295.735167375065,358.06010088982316,West,True
5001,1619473411.2,83.36113299597532,-0.7141675813914126,32.0,,,-86.660207,36.0459418,,,0.0,0.0,0.0,0.0,9372.415995665615,-9298.115995665616,358.06906262300726,West,True
5002,1619473411.3,83.22951927925943,-0.7253676902249129,31.875154164930507,,,-86.66018539999999,36.0459293,,,0.0,0.0,0.0,0.0,9374.804129408712,-9300.504129408713,358.06905015730445,West,True
5003,1619473411.4,83.09790556254354,-0.7352448290787903,31.750308329861017,,,-86.66016379999999,36.04591679999999,,,0.0,0.0,0.0,0.0,9377.192263401503,-9302.892263401503,358.069037693685,West,True
5004,1619473411.5,82.88841094845435,-0.7437547605595622,31.24954243012881,,,-86.6601422,36.0459043,,,0.0,0.0,0.0,0.0,9379.580397644564,-9305.280397644565,358.07555873436536,West,True
5005,1619473411.6,82.73252989410477,-0.7508778919299306,31.124771215064406,,,-86.6601207,36.0458919,,,0.0,0.0,0.0,0.0,9381.954752494585,-9307.654752494585,358.07554636608893,West,True
5006,1619473411.7,82.57664883975521,-0.7566250480827617,31.0,,,-86.6600992,36.0458795,,,0.0,0.0,0.0,0.0,9384.32910759188,-9310.029107591881,358.0509676625391,West,True
5007,1619473411.8,82.3504441256793,-0.7610242023769669,31.0,,,-86.6600778,36.045867,,,0.0,0.0,0.0,0.0,9386.702643735347,-9312.402643735348,358.0910301523261,West,True
5008,1619473411.9,82.21558285714286,-0.76412344060958,31.0,,,-86.6600563,36.0458547,,,0.0,0.0,0.0,0.0,9389.070559409829,-9314.77055940983,358.0574528913465,West,True
5009,1619473412.0,82.13528844662939,-0.7659818506676543,31.0,,,-86.660035,36.0458423,,,0.0,0.0,0.0,0.0,9391.430299655853,-9317.130299655853,358.0954683550073,West,True
5010,1619473412.1,81.98088976043094,-0.7666717703496969,31.0,,,-86.66001379999999,36.045830200000005,,,0.0,0.0,0.0,0.0,9393.763354336697,-9319.463354336698,358.0574282188467,West,True
5011,1619473412.2,81.76726050738357,-0.7662745833354896,31.0,,,-86.6599925,36.0458178,,,0.0,0.0,0.0,0.0,9396.123095065312,-9321.823095065312,358.0639876642874,West,True
5012,1619473412.3,81.55576356645386,-0.7648809192219419,31.0,,,-86.6599713,36.0458055,,,0.0,0.0,0.0,0.0,9398.469045673937,-9324.169045673938,358.0548070186802,West,True
5013,1619473412.4,81.3860138464305,-0.7625885381113879,31.0,,,-86.6599502,36.045793200000006,,,0.0,0.0,0.0,0.0,9400.807697782542,-9326.507697782543,358.0482351791406,West,True
5014,1619473412.5,81.23061575962124,-0.7594969047187475,31.0,,,-86.659929,36.0457808,,,0.0,0.0,0.0,0.0,9403.16014892517,-9328.86014892517,358.09540802352257,West,True
5015,1619473412.6,81.0421391390806,-0.7557032549751885,31.0,,,-86.6599078,36.0457687,,,0.0,0.0,0.0,0.0,9405.493204822853,-9331.193204822854,358.0296366804094,West,True
5016,1619473412.7,80.93801375915773,-0.7512890294459202,31.0,,,-86.6598868,36.0457563,,,0.0,0.0,0.0,0.0,9407.831111330019,-9333.53111133002,358.08300169029064,West,True
5017,1619473412.8,80.82166604246748,-0.7463129790244323,31.0,,,-86.65986565,36.045744150000004,,,0.0,0.0,0.0,0.0,9410.163712394817,-9335.863712394817,358.0829895768441,West,True
5018,1619473412.9,80.70531832577724,-0.7407913807497493,31.0,,,-86.65984449999999,36.045732,,,0.0,0.0,0.0,0.0,9412.496313700338,-9338.196313700339,358.0534164519537,West,True
5019,1619473413.0,80.52265916288863,-0.7346924363921503,31.0,,,-86.65982349999999,36.04571975,,,0.0,0.0,0.0,0.0,9414.824423042419,-9340.52442304242,358.0534042358274,West,True
5020,1619473413.1,80.34,-0.7279173910406196,31.0,,,-86.6598025,36.0457075,,,0.0,0.0,0.0,0.0,9417.152532622169,-9342.85253262217,358.0747672447263,West,True
5021,1619473413.2,80.18887149092579,-0.7203048617647165,31.0,,,-86.65978170000001,36.0456955,,,0.0,0.0,0.0,0.0,9419.449826989681,-9345.149826989682,358.0839600391333,West,True
5022,1619473413.3,80.02215881588906,-0.7116218313405198,31.0,,,-86.6597608,36.0456835,,,0.0,0.0,0.0,0.0,9421.754446110752,-9347.454446110753,358.05403749461965,West,True
5023,1619473413.4,79.94107940794453,-0.7015859460956582,31.0,,,-86.65974005,36.0456714,,,0.0,0.0,0.0,0.0,9424.054569750748,-9349.754569750748,358.0540254269275,West,True
5024,1619473413.5,79.86,-0.689871065892365,31.0,,,-86.65971929999999,36.0456593,,,0.0,0.0,0.0,0.0,9426.354693623756,-9352.054693623757,358.1067838432438,West,True
5025,1619473413.6,79.6684379652155,-0.676148744896484,31.0,,,-86.6596985,36.0456475,,,0.0,0.0,0.0,0.0,9428.639143570625,-9354.339143570625,358.0976328100172,West,True
5026,1619473413.7,79.4984625201132,-0.6601037528424882,31.0,,,-86.6596778,36.0456357,,,0.0,0.0,0.0,0.0,9430.916239842385,-9356.616239842386,358.0849437945941,West,True
5027,1619473413.8,79.32923126005659,-0.6414861391749112,31.0,,,-86.65965715,36.04562385,,,0.0,0.0,0.0,0.0,9433.192877119398,-9358.892877119399,358.0849319791538,West,True
5028,1619473413.9,79.16,-0.6201232746666054,31.0,,,-86.6596365,36.045612,,,0.0,0.0,0.0,0.0,9435.469514624294,-9361.169514624295,358.06537775452324,West,True
5029,1619473414.0,78.99244193955002,-0.5959674136626842,31.248405541198576,,,-86.6596158,36.0456,,,0.0,0.0,0.0,0.0,9437.759498180032,-9363.459498180033,358.0755961840752,West,True
5030,1619473414.1,78.90531177676104,-0.5690887578077916,31.62420277059929,,,-86.65959525,36.04558815,,,0.0,0.0,0.0,0.0,9440.028810341928,-9365.728810341929,358.07558436751185,West,True
5031,1619473414.2,78.81818161397204,-0.5397053388763002,32.0,,,-86.6595747,36.0455763,,,0.0,0.0,0.0,0.0,9442.298122730235,-9367.998122730236,358.07901602065357,West,True
5032,1619473414.3,78.74541432377761,-0.5081489880608074,32.0,,,-86.6595542,36.045564500000005,,,0.0,0.0,0.0,0.0,9444.560548018742,-9370.260548018743,358.0708705801759,West,True
5033,1619473414.4,78.54261695245151,-0.4748742192093699,32.0,,,-86.6595337,36.045552650000005,,,0.0,0.0,0.0,0.0,9446.82620245202,-9372.526202452022,358.0708587626813,West,True
5034,1619473414.5,78.33981958112541,-0.4404018733485179,32.0,,,-86.65951319999999,36.0455408,,,0.0,0.0,0.0,0.0,9449.09185711143,-9374.791857111431,358.10226612827705,West,True
5035,1619473414.6,78.4198596277378,-0.4053151355378394,32.25017292593056,,,-86.6594928,36.0455292,,,0.0,0.0,0.0,0.0,9451.33409839652,-9377.034098396522,358.04362963280056,West,True
5036,1619473414.7,78.55,-0.370195829044484,32.749522295837274,,,-86.65947249999999,36.04551729999999,,,0.0,0.0,0.0,0.0,9453.588409101474,-9379.288409101475,358.10932995763477,West,True
5037,1619473414.8,78.48132044294726,-0.33562101629428953,33.0,,,-86.6594522,36.0455058,,,0.0,0.0,0.0,0.0,9455.816903610967,-9381.516903610967,358.1022315423198,West,True
5038,1619473414.9,78.19347105504502,-0.30210805813339314,33.0,,,-86.6594318,36.04549420000001,,,0.0,0.0,0.0,0.0,9458.059145563597,-9383.759145563597,358.05732474133504,West,True
5039,1619473415.0,77.96207056872392,-0.27012137720778556,33.0,,,-86.6594117,36.0454825,,,0.0,0.0,0.0,0.0,9460.2858578991,-9385.9858578991,358.06692296985375,West,True
5040,1619473415.1,77.98688855931054,-0.2400347953522955,33.0,,,-86.6593915,36.0454708,,,0.0,0.0,0.0,0.0,9462.519873150217,-9388.219873150218,358.08342105202297,West,True
5041,1619473415.2,78.07459815888957,-0.21214890890521038,33.24729967269846,,,-86.6593713,36.0454592,,,0.0,0.0,0.0,0.0,9464.747431514219,-9390.44743151422,358.0904735550608,West,True
5042,1619473415.3,78.04621779313365,-0.1866692750810926,33.74850479719613,,,-86.6593512,36.0454477,,,0.0,0.0,0.0,0.0,9466.961224710964,-9392.661224710964,358.0668880259095,West,True
5043,1619473415.4,77.96743913361361,-0.16372779125397596,34.0,,,-86.65933100000001,36.045436,,,0.0,0.0,0.0,0.0,9469.195240613175,-9394.895240613176,358.08090999446756,West,True
5044,1619473415.5,77.87325447457847,-0.14336993118009284,34.0,,,-86.659311,36.0454245,,,0.0,0.0,0.0,0.0,9471.401701246701,-9397.101701246702,358.09988542082795,West,True
5045,1619473415.6,77.88097426624009,-0.1255730554640131,34.24937270843201,,,-86.6592908,36.045413,,,0.0,0.0,0.0,0.0,9473.622840275782,-9399.322840275783,358.1142385135359,West,True
5046,1619473415.7,77.91151271570052,-0.11023710745403276,34.74981118613289,,,-86.6592708,36.045401700000006,,,0.0,0.0,0.0,0.0,9475.816487727308,-9401.51648772731,358.0572312952006,West,True
5047,1619473415.8,77.93161970496685,-0.09719746173977592,35.0,,,-86.6592507,36.045390000000005,,,0.0,0.0,0.0,0.0,9478.04320178651,-9403.74320178651,358.1142159179085,West,True
5048,1619473415.9,77.85034090801541,-0.08621786431680017,35.0,,,-86.65923070000001,36.0453787,,,0.0,0.0,0.0,0.0,9480.236849669081,-9405.936849669082,358.0760462301865,West,True
5049,1619473416.0,77.81671895312763,-0.07700023195680313,35.3728585912493,,,-86.65921075,36.0453672,,,0.0,0.0,0.0,0.0,9482.43964947336,-9408.13964947336,358.0760347649595,West,True
5050,1619473416.1,77.78309699823986,-0.06918152742906977,35.7457171824986,,,-86.65919079999999,36.0453557,,,0.0,0.0,0.0,0.0,9484.642449490968,-9410.342449490969,358.08082960549984,West,True
5051,1619473416.2,77.75239927129475,-0.06234431638486604,36.0,,,-86.6591708,36.0453442,,,0.0,0.0,0.0,0.0,9486.848911618057,-9412.548911618058,358.06144729719324,West,True
5052,1619473416.3,77.74952458194741,-0.056019145251634275,36.0,,,-86.659151,36.0453327,,,0.0,0.0,0.0,0.0,9489.04074497838,-9414.74074497838,358.09748310327586,West,True
5053,1619473416.4,77.75,-0.049698156182473335,36.24896150683694,,,-86.659131,36.0453213,,,0.0,0.0,0.0,0.0,9491.240781962424,-9416.940781962425,358.05159138339445,West,True
5054,1619473416.5,77.74,-0.04284317842450129,36.74733128644826,,,-86.6591113,36.0453098,,,0.0,0.0,0.0,0.0,9493.425320015484,-9419.125320015484,358.080784021992,West,True
5055,1619473416.6,77.62293324342549,-0.0349029320425318,37.0,,,-86.6590913,36.04529829999999,,,0.0,0.0,0.0,0.0,9495.631782998395,-9421.331782998395,358.0614012541738,West,True
5056,1619473416.7,77.70155898712514,-0.02532641513253659,37.0,,,-86.6590715,36.04528679999999,,,0.0,0.0,0.0,0.0,9497.823617201628,-9423.523617201628,358.08076120351154,West,True
5057,1619473416.8,77.74388229329892,-0.013583407971972895,37.24879513039327,,,-86.6590515,36.0452753,,,0.0,0.0,0.0,0.0,9500.030080610673,-9425.730080610674,358.0515451084535,West,True
5058,1619473416.9,77.73200769724183,0.0008175379237105049,37.74939905711046,,,-86.6590318,36.0452638,,,0.0,0.0,0.0,0.0,9502.214619503797,-9427.914619503797,358.06136679310214,West,True
5059,1619473417.0,78.12459539193861,0.018306595838696753,38.0,,,-86.659012,36.0452523,,,0.0,0.0,0.0,0.0,9504.406454339553,-9430.106454339553,358.0613553269531,West,True
5060,1619473417.1,77.79694268215648,0.03923236223417394,38.0,,,-86.6589922,36.0452408,,,0.0,0.0,0.0,0.0,9506.598289387532,-9432.298289387532,358.0543180189614,West,True
5061,1619473417.2,77.53862911757196,0.06384095262766713,38.248108335692216,,,-86.6589723,36.0452292,,,0.0,0.0,0.0,0.0,9508.803917169229,-9434.50391716923,358.03153014183823,West,True
5062,1619473417.3,77.36462367298158,0.09225860033985755,38.746958232337526,,,-86.6589528,36.0452177,,,0.0,0.0,0.0,0.0,9510.973903589675,-9436.673903589675,358.0276312871478,West,True
5063,1619473417.4,77.43952082568984,0.12447820716486013,39.0,,,-86.65893299999999,36.045206,,,0.0,0.0,0.0,0.0,9513.178787731298,-9438.878787731299,358.09500086590214,West,True
5064,1619473417.5,77.44831363058978,0.16035177009663146,39.0,,,-86.6589132,36.0451947,,,0.0,0.0,0.0,0.0,9515.357724015392,-9441.057724015393,358.0176038389435,West,True
5065,1619473417.6,77.5817395875379,0.1995896287170455,39.24694360214701,,,-86.6588935,36.045183,,,0.0,0.0,0.0,0.0,9517.555356152287,-9443.255356152287,358.0175921740867,West,True
5066,1619473417.7,77.61232684143889,0.24176766253462495,39.74667969331769,,,-86.6588738,36.0451713,,,0.0,0.0,0.0,0.0,9519.752988502343,-9445.452988502344,358.04150782660207,West,True
5067,1619473417.8,77.698331028644,0.28634002368804135,40.24709614212834,,,-86.65885420000001,36.0451598,,,0.0,0.0,0.0,0.0,9521.930246223676,-9447.630246223676,358.0514302620557,West,True
5068,1619473417.9,77.79109300528788,0.3326610261581947,40.62354807106417,,,-86.6588345,36.0451483,,,0.0,0.0,0.0,0.0,9524.114787223487,-9449.814787223488,358.0514187947983,West,True
5069,1619473418.0,77.88385498193176,0.38000646915888214,41.0,,,-86.65881479999999,36.0451368,,,0.0,0.0,0.0,0.0,9526.299328433055,-9451.999328433056,358.04645294029365,West,True
5070,1619473418.1,77.95957059391839,0.4276057060318318,41.12460755824348,,,-86.65879515,36.0451253,,,0.0,0.0,0.0,0.0,9528.48022672205,-9454.18022672205,358.0464414744469,West,True
5071,1619473418.2,78.035286205905,0.4746637435410218,41.249215116486965,,,-86.6587755,36.0451138,,,0.0,0.0,0.0,0.0,9530.66112522112,-9456.361125221121,358.0143099223671,West,True
5072,1619473418.3,78.18738353797181,0.5203981782404321,41.74914479283128,,,-86.65875600000001,36.0451022,,,0.0,0.0,0.0,0.0,9532.837684808006,-9458.537684808007,358.0124703165991,West,True
5073,1619473418.4,78.31679835535432,0.5640555995942498,42.2487624142677,,,-86.65873635,36.0450905,,,0.0,0.0,0.0,0.0,9535.03169723145,-9460.731697231451,358.01245864817184,West,True
5074,1619473418.5,78.44621317273683,0.6049503548344766,42.74838003570412,,,-86.6587167,36.04507879999999,,,0.0,0.0,0.0,0.0,9537.225709865741,-9462.925709865742,358.06559046896564,West,True
5075,1619473418.6,78.57303391116025,0.6424720854774044,43.24841985162836,,,-86.6586972,36.0450675,,,0.0,0.0,0.0,0.0,9539.382668727647,-9465.082668727648,357.980054765551,West,True
5076,1619473418.7,78.68723793555245,0.676125268248662,43.748996295482975,,,-86.6586777,36.045055700000006,,,0.0,0.0,0.0,0.0,9541.572481559857,-9467.272481559858,358.0876594775544,West,True
5077,1619473418.8,78.90350558608392,0.7055265090520162,44.0,,,-86.6586578,36.0450443,,,0.0,0.0,0.0,0.0,9543.765181521665,-9469.465181521666,358.02436343087356,West,True
5078,1619473418.9,79.07936560077076,0.7304430611402404,44.0,,,-86.6586382,36.04503270000001,,,0.0,0.0,0.0,0.0,9545.94899075558,-9471.64899075558,357.997123643964,West,True
5079,1619473419.0,79.23352922593773,0.7507778478728886,44.24749686325956,,,-86.6586187,36.045021000000006,,,0.0,0.0,0.0,0.0,9548.132159740828,-9473.832159740829,358.03733899179065,West,True
5080,1619473419.1,79.42247440466089,0.7666027743178019,44.7472662994327,,,-86.65859880000001,36.0450093,,,0.0,0.0,0.0,0.0,9550.344312682562,-9476.044312682563,358.0313105062407,West,True
5081,1619473419.2,79.6226450914015,0.7781287844399272,45.24718625557384,,,-86.6585793,36.0449978,,,0.0,0.0,0.0,0.0,9552.514303059244,-9478.214303059245,358.02431710110824,West,True
5082,1619473419.3,79.80129409865947,0.7857292214017235,45.74725779144908,,,-86.65855970000001,36.0449862,,,0.0,0.0,0.0,0.0,9554.698113132432,-9480.398113132433,358.0373044073142,West,True
5083,1619473419.4,79.93963721234952,0.7898945463453357,46.0,,,-86.6585398,36.0449745,,,0.0,0.0,0.0,0.0,9556.91026671388,-9482.61026671388,358.0273879443029,West,True
5084,1619473419.5,80.06787244165089,0.7912443405585541,46.0,,,-86.65852,36.04496279999999,,,0.0,0.0,0.0,0.0,9559.115155295662,-9484.815155295662,358.0105297385338,West,True
5085,1619473419.6,80.18845003676772,0.7904715899605872,46.24855509923975,,,-86.65850019999999,36.044951,,,0.0,0.0,0.0,0.0,9561.32662329966,-9487.02662329966,358.01735926450044,West,True
5086,1619473419.7,80.36189038256715,0.7883472484767438,46.74827571005956,,,-86.65848050000001,36.0449393,,,0.0,0.0,0.0,0.0,9563.524259853584,-9489.224259853585,358.0442000865959,West,True
5087,1619473419.8,80.49037032207589,0.7856634175872206,47.248176383480505,,,-86.6584607,36.0449277,,,0.0,0.0,0.0,0.0,9565.722606422945,-9491.422606422946,358.0037219387246,West,True
5088,1619473419.9,80.69722121799411,0.7832370635936938,47.7482622287825,,,-86.6584408,36.0449158,,,0.0,0.0,0.0,0.0,9567.947912646168,-9493.647912646169,358.07334594415255,West,True
5089,1619473420.0,80.7945132157375,0.7818605748496547,48.24814362554429,,,-86.65842070000001,36.044904200000005,,,0.0,0.0,0.0,0.0,9570.16815744217,-9495.86815744217,358.0136715243411,West,True
5090,1619473420.1,80.94764096991352,0.7823081769721262,48.74781899083279,,,-86.6584007,36.0448923,,,0.0,0.0,0.0,0.0,9572.400699084073,-9498.100699084074,358.04982473900645,West,True
5091,1619473420.2,81.11330350212319,0.7852956898042884,49.24780345483216,,,-86.6583805,36.0448805,,,0.0,0.0,0.0,0.0,9574.64121905183,-9500.34121905183,358.03032650820916,West,True
5092,1619473420.3,81.27081330102365,0.7914864912051072,49.74810046256867,,,-86.6583605,36.0448687,,,0.0,0.0,0.0,0.0,9576.867188661725,-9502.567188661726,358.01677328464365,West,True
5093,1619473420.4,81.49981181515007,0.8014547857927812,50.0,,,-86.65834029999999,36.0448567,,,0.0,0.0,0.0,0.0,9579.12080483152,-9504.820804831521,357.996945130215,West,True
5094,1619473420.5,81.6755904896562,0.8156840497233293,50.0,,,-86.6583203,36.044844700000006,,,0.0,0.0,0.0,0.0,9581.35995573866,-9507.059955738661,357.9969331629204,West,True
5095,1619473420.6,81.8267506242536,0.834526812394446,50.24701482917328,,,-86.65830030000001,36.04483270000001,,,0.0,0.0,0.0,0.0,9583.599106866362,-9509.299106866363,358.04293258058703,West,True
5096,1619473420.7,81.99539859472979,0.8581928330567352,50.74764385157459,,,-86.65828,36.0448208,,,0.0,0.0,0.0,0.0,9585.85343064383,-9511.553430643831,358.01672560260005,West,True
5097,1619473420.8,82.09242997941772,0.8867061635648544,51.24663784537528,,,-86.6582598,36.0448088,,,0.0,0.0,0.0,0.0,9588.107047703594,-9513.807047703594,358.0429089080842,West,True
5098,1619473420.9,82.24573419347078,0.9198917326157778,51.74527959936333,,,-86.65823950000001,36.044796899999994,,,0.0,0.0,0.0,0.0,9590.36137192812,-9516.061371928121,358.0428970447022,West,True
5099,1619473421.0,82.39903840752385,0.957342278136831,52.243921353351375,,,-86.6582192,36.044785,,,0.0,0.0,0.0,0.0,9592.615696376557,-9518.315696376558,358.0034133024416,West,True
5100,1619473421.1,82.55683348889987,0.9984221541896283,52.7466457472846,,,-86.65819880000001,36.0447728,,,0.0,0.0,0.0,0.0,9594.896983943712,-9520.596983943713,358.02940566723544,West,True
5101,1619473421.2,82.84099672373218,1.042262448401384,53.24819094290466,,,-86.65817829999999,36.044760700000005,,,0.0,0.0,0.0,0.0,9597.178932597815,-9522.878932597816,358.0131205932214,West,True
5102,1619473421.3,83.10055962050934,1.087799919544734,53.7485356956251,,,-86.6581578,36.0447485,,,0.0,0.0,0.0,0.0,9599.467455261258,-9525.167455261259,358.0067938208194,West,True
5103,1619473421.4,83.32535514874142,1.1338109104819971,54.0,,,-86.6581377,36.0447365,,,0.0,0.0,0.0,0.0,9601.713834561015,-9527.413834561015,358.0049600246059,West,True
5104,1619473421.5,83.63723062938071,1.1789885041864867,54.123322661619255,,,-86.65811719999999,36.04472425,,,0.0,0.0,0.0,0.0,9604.005657731397,-9529.705657731398,358.00494780790905,West,True
5105,1619473421.6,83.94910611002,1.222006999224042,54.24664532323851,,,-86.6580967,36.044712,,,0.0,0.0,0.0,0.0,9606.297481131847,-9531.997481131848,357.9967990968939,West,True
5106,1619473421.7,84.16178795229432,1.2616193367285633,54.74657619150919,,,-86.6580762,36.0446997,,,0.0,0.0,0.0,0.0,9608.592613535955,-9534.292613535956,358.0000098764393,West,True
5107,1619473421.8,84.58411568130552,1.2967254567588808,55.24689932799374,,,-86.6580555,36.0446873,,,0.0,0.0,0.0,0.0,9610.908813150023,-9536.608813150024,357.9967744479734,West,True
5108,1619473421.9,84.88596223810146,1.3264583799596579,55.74762816051268,,,-86.658035,36.044675,,,0.0,0.0,0.0,0.0,9613.203946018946,-9538.903946018947,358.03221800291703,West,True
5109,1619473422.0,85.16,1.3502244220577457,56.24747626151236,,,-86.65801429999999,36.0446628,,,0.0,0.0,0.0,0.0,9615.506976719367,-9541.206976719368,358.00478831828997,West,True
5110,1619473422.1,85.45345602716469,1.3677495645371165,56.74701486454069,,,-86.65799354999999,36.044650399999995,,,0.0,0.0,0.0,0.0,9617.826790657362,-9543.526790657363,358.00477595201517,West,True
5111,1619473422.2,85.74691205432937,1.3790715585751872,57.24655346756901,,,-86.6579728,36.044638,,,0.0,0.0,0.0,0.0,9620.14660483015,-9545.84660483015,358.06027133950124,West,True
5112,1619473422.3,86.07626954572488,1.3845366275630977,57.74788140151416,,,-86.65795179999999,36.0446258,,,0.0,0.0,0.0,0.0,9622.47148693551,-9548.171486935511,358.0761466903601,West,True
5113,1619473422.4,86.2789455954031,1.3847454800224444,58.0,,,-86.6579308,36.044613700000006,,,0.0,0.0,0.0,0.0,9624.789898594234,-9550.489898594235,358.00953097275084,West,True
5114,1619473422.5,86.54396151000596,1.3805122445424334,58.0,,,-86.65791,36.0446013,,,0.0,0.0,0.0,0.0,9627.113330170847,-9552.813330170848,358.0627828534752,West,True
5115,1619473422.6,86.81593902016103,1.3727848608397968,58.24791577552691,,,-86.6578888,36.044589,,,0.0,0.0,0.0,0.0,9629.459304707125,-9555.159304707126,358.0443351617943,West,True
5116,1619473422.7,87.10918020578859,1.3625906718332552,58.74766615710352,,,-86.65786779999999,36.04457670000001,,,0.0,0.0,0.0,0.0,9631.790693522278,-9557.490693522279,358.04051868562385,West,True
5117,1619473422.8,87.32277581194914,1.3509570405386477,59.247759851285146,,,-86.65784649999999,36.0445642,,,0.0,0.0,0.0,0.0,9634.156973351433,-9559.856973351434,358.0561700949186,West,True
5118,1619473422.9,87.53146928170312,1.3388663119494402,59.74820609129546,,,-86.6578252,36.0445518,,,0.0,0.0,0.0,0.0,9636.516739070375,-9562.216739070376,358.04964318397936,West,True
5119,1619473423.0,87.82419691746097,1.327195179271276,60.0,,,-86.6578038,36.0445393,,,0.0,0.0,0.0,0.0,9638.890301515468,-9564.590301515469,358.067675824463,West,True
5120,1619473423.1,88.11956256670949,1.3166907070701093,60.0,,,-86.6577822,36.0445268,,,0.0,0.0,0.0,0.0,9641.278463388706,-9566.978463388707,358.0586826646448,West,True
5121,1619473423.2,88.34592967560334,1.3079349267294909,60.244941051208585,,,-86.65776070000001,36.0445143,,,0.0,0.0,0.0,0.0,9643.659320133851,-9569.359320133852,358.0304221340355,West,True
5122,1619473423.3,88.58451009200613,1.30134240491296,60.746714599321685,,,-86.657739,36.0445015,,,0.0,0.0,0.0,0.0,9646.07430788497,-9571.77430788497,358.08535314705296,West,True
5123,1619473423.4,88.79145932327414,1.297147948403743,61.24725468979334,,,-86.65771720000001,36.044489,,,0.0,0.0,0.0,0.0,9648.47711557178,-9574.177115571782,358.06360516269706,West,True
5124,1619473423.5,89.06569566645979,1.295420677581308,61.74653510604486,,,-86.6576953,36.0444763,,,0.0,0.0,0.0,0.0,9650.900156361133,-9576.600156361133,358.0875543743751,West,True
5125,1619473423.6,89.26094785742747,1.2960701732321716,62.0,,,-86.6576733,36.0444637,,,0.0,0.0,0.0,0.0,9653.324064859054,-9579.024064859055,358.02409349325904,West,True
5126,1619473423.7,89.57446291919875,1.2988717320921987,62.0,,,-86.6576515,36.0444508,,,0.0,0.0,0.0,0.0,9655.752873187083,-9581.452873187083,358.0571957640298,West,True
5127,1619473423.8,89.83094653987898,1.3034869005312435,62.2465171621885,,,-86.6576295,36.044438,,,0.0,0.0,0.0,0.0,9658.189704255245,-9583.889704255245,358.0897029396588,West,True
5128,1619473423.9,90.01607713962885,1.309495423175654,62.745087177926656,,,-86.6576073,36.0444253,,,0.0,0.0,0.0,0.0,9660.634714564354,-9586.334714564355,358.06595445471544,West,True
5129,1619473424.0,90.29862595419849,1.3164257956813952,63.0,,,-86.65758520000001,36.0444125,,,0.0,0.0,0.0,0.0,9663.07884960588,-9588.77884960588,358.02682419408495,West,True
5130,1619473424.1,90.57234690427234,1.3237883051256518,63.0,,,-86.6575632,36.0443995,,,0.0,0.0,0.0,0.0,9665.52873722072,-9591.228737220721,358.06201940148196,West,True
5131,1619473424.2,90.86166138481649,1.3311087633575995,63.247805419204,,,-86.65754079999999,36.0443865,,,0.0,0.0,0.0,0.0,9668.007751620635,-9593.707751620635,358.08324898044026,West,True
5132,1619473424.3,91.05235850543907,1.3379545603417848,63.74813047601439,,,-86.65751850000001,36.0443737,,,0.0,0.0,0.0,0.0,9670.466527923676,-9596.166527923677,358.02338414555663,West,True
5133,1619473424.4,91.38404342616462,1.3439623869557193,64.0,,,-86.65749620000001,36.0443605,,,0.0,0.0,0.0,0.0,9672.951315858692,-9598.651315858693,358.0619806262342,West,True
5134,1619473424.5,91.61383031792796,1.348848512124192,64.0,,,-86.6574738,36.0443475,,,0.0,0.0,0.0,0.0,9675.430331069512,-9601.130331069513,358.0686101665998,West,True
5135,1619473424.6,91.884130376674,1.3524223467120344,64.3716746097038,,,-86.65745115000001,36.0443344,,,0.0,0.0,0.0,0.0,9677.934093918002,-9603.634093918003,358.06859710564856,West,True
5136,1619473424.7,92.15443043542002,1.3545757222056936,64.7433492194076,,,-86.65742850000001,36.0443213,,,0.0,0.0,0.0,0.0,9680.437857042656,-9606.137857042657,358.04343535356054,West,True
5137,1619473424.8,92.38,1.3552797190915093,65.0,,,-86.65740579999999,36.044308,,,0.0,0.0,0.0,0.0,9682.95826255926,-9608.65826255926,358.0495361951216,West,True
5138,1619473424.9,92.69546804832764,1.35455502827784,65.0,,,-86.65738320000001,36.0442948,,,0.0,0.0,0.0,0.0,9685.464866215641,-9611.164866215642,358.08962767754224,West,True
5139,1619473425.0,92.95533729146936,1.3524573509785953,65.0,,,-86.6573603,36.044281700000006,,,0.0,0.0,0.0,0.0,9687.98694557754,-9613.686945577541,358.02269982377214,West,True
5140,1619473425.1,93.19661479979467,1.3490385302812589,65.12318465410905,,,-86.6573375,36.044268200000005,,,0.0,0.0,0.0,0.0,9690.527713297488,-9616.227713297489,358.02268636278455,West,True
5141,1619473425.2,93.43789230811998,1.3443319387024035,65.24636930821812,,,-86.6573147,36.0442547,,,0.0,0.0,0.0,0.0,9693.068481301018,-9618.768481301018,358.08337941881194,West,True
5142,1619473425.3,93.68976056190176,1.338317989013695,65.74672122347215,,,-86.6572917,36.0442415,,,0.0,0.0,0.0,0.0,9695.604326300938,-9621.304326300939,358.039840001428,West,True
5143,1619473425.4,93.93634555928315,1.3309220037647784,66.0,,,-86.6572687,36.044228,,,0.0,0.0,0.0,0.0,9698.159624610216,-9623.859624610217,358.0567114594016,West,True
5144,1619473425.5,94.1769762886598,1.321995848945304,66.0,,,-86.6572455,36.0442145,,,0.0,0.0,0.0,0.0,9700.729496624146,-9626.429496624147,358.0566979969533,West,True
5145,1619473425.6,94.47922471268016,1.3113361338104008,66.24796190716658,,,-86.6572223,36.044201,,,0.0,0.0,0.0,0.0,9703.299368928832,-9628.999368928833,358.0482784659322,West,True
5146,1619473425.7,94.72205558958206,1.2986866828662256,66.74750277799943,,,-86.65719920000001,36.0441875,,,0.0,0.0,0.0,0.0,9705.861949398624,-9631.561949398625,358.10179123225356,West,True
5147,1619473425.8,94.95452620995636,1.2837763666423752,67.0,,,-86.65717579999999,36.0441742,,,0.0,0.0,0.0,0.0,9708.433585441813,-9634.133585441814,358.0246457322149,West,True
5148,1619473425.9,95.2787266251113,1.2663376626371816,67.0,,,-86.65715229999999,36.0441603,,,0.0,0.0,0.0,0.0,9711.051410980093,-9636.751410980094,358.0649780905685,West,True
5149,1619473426.0,95.54950325785433,1.246154339593399,67.0,,,-86.657129,36.0441468,,,0.0,0.0,0.0,0.0,9713.628587312043,-9639.328587312044,358.01618311894987,West,True
5150,1619473426.1,95.74795058982153,1.2230832702443521,67.0,,,-86.6571056,36.0441329,,,0.0,0.0,0.0,0.0,9716.239162365586,-9641.939162365587,358.01616925909366,West,True
5151,1619473426.2,95.94639792178874,1.197096480525184,67.0,,,-86.6570822,36.044119,,,0.0,0.0,0.0,0.0,9718.84973771743,-9644.54973771743,358.0855528816646,West,True
5152,1619473426.3,96.18504916623048,1.1682904612946348,67.0,,,-86.6570583,36.0441053,,,0.0,0.0,0.0,0.0,9721.483751536121,-9647.183751536122,358.0753624701666,West,True
5153,1619473426.4,96.4235349552388,1.136907861244854,67.24611781678173,,,-86.65703470000001,36.0440917,,,0.0,0.0,0.0,0.0,9724.089338999189,-9649.78933899919,358.06938212267846,West,True
5154,1619473426.5,96.70200203864152,1.1033229280001853,67.74701887261136,,,-86.657011,36.044078000000006,,,0.0,0.0,0.0,0.0,9726.708704783045,-9652.408704783045,358.0354077284919,West,True
5155,1619473426.6,96.88003975742475,1.0680358869871833,68.0,,,-86.6569872,36.044064,,,0.0,0.0,0.0,0.0,9729.354876122477,-9655.054876122478,358.0854985818613,West,True
5156,1619473426.7,97.04961889978024,1.0316335454731216,68.0,,,-86.65696329999999,36.0440503,,,0.0,0.0,0.0,0.0,9731.988891166317,-9657.688891166317,358.0598166230284,West,True
5157,1619473426.8,97.27606647311494,0.9947609632453456,68.0,,,-86.6569392,36.0440363,,,0.0,0.0,0.0,0.0,9734.656921516656,-9660.356921516657,358.10734870971606,West,True
5158,1619473426.9,97.43419754246204,0.9580678692038364,68.0,,,-86.6569152,36.0440227,,,0.0,0.0,0.0,0.0,9737.291879566164,-9662.991879566165,358.0517108236427,West,True
5159,1619473427.0,97.62917925639223,0.9221718785872195,68.0,,,-86.6568912,36.044008700000006,,,0.0,0.0,0.0,0.0,9739.952613967205,-9665.652613967206,358.0656027030751,West,True
5160,1619473427.1,97.77793557205996,0.8876083131545343,68.0,,,-86.65686720000001,36.0439948,,,0.0,0.0,0.0,0.0,9742.606858262225,-9668.306858262225,358.11095547365113,West,True
5161,1619473427.2,97.9572830869163,0.8548020235429197,68.0,,,-86.65684279999999,36.043981,,,0.0,0.0,0.0,0.0,9745.284032549525,-9670.984032549526,358.0757038134158,West,True
5162,1619473427.3,98.0749089294046,0.8240370551815153,68.0,,,-86.6568185,36.043967,,,0.0,0.0,0.0,0.0262102596202569,9747.966688451348,-9673.666688451349,358.0756898540704,West,True
5163,1619473427.4,98.2196481216458,0.7954489566675607,68.0,,,-86.65679420000001,36.043953,,,0.0,0.0,0.0,0.1262265939372261,9750.649344669555,-9676.349344669556,358.1109143009484,West,True
5164,1619473427.5,98.3824281752738,0.7690224811970716,68.0,,,-86.65676979999999,36.0439392,,,0.0,0.0,0.0,0.2262426897970133,9753.326519911683,-9679.026519911684,358.0448423992102,West,True
5165,1619473427.6,98.50818513851604,0.7446061851585293,68.0,,,-86.6567452,36.0439248,,,0.0,0.0,0.0,0.3262587856568005,9756.05703116793,-9681.75703116793,358.11088666581963,West,True
5166,1619473427.7,98.66650691432932,0.7219354003101363,68.0,,,-86.6567208,36.043911,,,0.0,0.0,0.0,0.4262751199737697,9758.734207052417,-9684.434207052418,358.08942351609767,West,True
5167,1619473427.8,98.7953290015558,0.7006610823308974,68.0,,,-86.6566958,36.0438967,,,0.0,0.0,0.0,0.5262912158335569,9761.487493628812,-9687.187493628813,358.087471342706,West,True
5168,1619473427.9,98.95582589367385,0.6803866713631953,68.0,,,-86.656671,36.0438825,,,0.0,0.0,0.0,0.6263075501505261,9764.219679287397,-9689.919679287397,358.1143748204009,West,True
5169,1619473428.0,99.07393553624472,0.660697825531285,68.0,,,-86.65664620000001,36.0438685,,,0.0,0.0,0.0,0.7263236460103133,9766.939073620202,-9692.639073620203,358.0768392855105,West,True
5170,1619473428.1,99.2178885415356,0.6411986752265855,68.0,,,-86.65662145000002,36.04385425,,,0.0,0.0,0.0,0.8263398610986914,9769.670813596123,-9695.370813596124,358.07682507674326,West,True
5171,1619473428.2,99.36184154682648,0.6215298701866174,68.0,,,-86.65659670000001,36.04384,,,0.0,0.0,0.0,0.9263560761870696,9772.402553901153,-9698.102553901153,358.09509009961783,West,True
5172,1619473428.3,99.53028816676886,0.6013923759584697,68.0,,,-86.6565718,36.0438258,,,0.0,0.0,0.0,1.0,9775.142083218847,-9700.842083218848,358.0582946824275,West,True
5173,1619473428.4,99.61028617646792,0.5805468679790777,68.0,,,-86.6565472,36.0438115,,,0.0,0.0,0.0,1.0,9777.866091337983,-9703.566091337983,358.08165687968153,West,True
5174,1619473428.5,99.6999498535506,0.5588194510195766,68.0,,,-86.6565223,36.0437972,,,0.0,0.0,0.0,1.0,9780.612045233775,-9706.312045233775,358.03590571863487,West,True
5175,1619473428.6,99.8061841489059,0.5360828292740287,68.0,,,-86.6564973,36.0437825,,,0.0,0.0,0.0,1.0,9783.39125872271,-9709.09125872271,358.089296033472,West,True
5176,1619473428.7,99.9242290816789,0.5122452000082556,68.0,,,-86.6564723,36.0437682,,,0.0,0.0,0.0,1.0,9786.144548292423,-9711.844548292423,358.03587640394284,West,True
5177,1619473428.8,100.03424200854386,0.4872200418918089,68.0,,,-86.6564473,36.0437535,,,0.0,0.0,0.0,1.0,9788.923762450926,-9714.623762450927,358.07387005669466,West,True
5178,1619473428.9,100.12596053121284,0.4609050385578247,68.0,,,-86.65642249999999,36.043739200000005,,,0.0,0.0,0.0,1.0,9791.662392557135,-9717.362392557136,358.0358472038804,West,True
5179,1619473429.0,100.170914686647,0.4331516712030783,67.75300166819008,,,-86.6563975,36.0437245,,,0.0,0.0,0.0,1.0,9794.441607384173,-9720.141607384174,358.07790041348744,West,True
5180,1619473429.1,100.3059323095054,0.4037450438159706,67.25250884808969,,,-86.6563723,36.04371,,,0.0,0.0,0.0,1.0,9797.222432516877,-9722.922432516878,358.0199902691164,West,True
5181,1619473429.2,100.4252619416655,0.3723868308557252,67.0,,,-86.6563475,36.0436953,,,0.0,0.0,0.0,1.0,9799.987125337513,-9725.687125337514,358.0491547541886,West,True
5182,1619473429.3,100.47681402314868,0.3386890151891577,67.0,,,-86.6563225,36.0436807,,,0.0,0.0,0.0,0.8661897153508897,9802.759815952895,-9728.459815952896,358.051365369711,West,True
5183,1619473429.4,100.57228668087868,0.3021832465747869,67.0,,,-86.6562973,36.043666,,,0.0,0.0,0.0,0.3675651706658297,9805.553595064031,-9731.253595064032,358.0435932493559,West,True
5184,1619473429.5,100.60236764063328,0.2623395722388646,67.0,,,-86.6562722,36.0436513,,,0.0,0.0,0.0,0.0,9808.340088058978,-9734.040088058979,358.03809022064803,West,True
5185,1619473429.6,100.64990136491178,0.2186091125214813,67.0,,,-86.656247,36.0436365,,,0.0,0.0,0.0,0.0,9811.140388094296,-9736.840388094297,358.0115841096905,West,True
5186,1619473429.7,100.75465899119892,0.17046969894551173,67.0,,,-86.6562218,36.0436215,,,0.0,0.0,0.0,0.0,9813.953815456247,-9739.653815456248,358.0458093243473,West,True
5187,1619473429.8,100.7690790491272,0.11749513512796483,67.0,,,-86.6561965,36.043606700000005,,,0.0,0.0,0.0,0.0,9816.761395609461,-9742.461395609462,358.0512920787785,West,True
5188,1619473429.9,100.83270811152046,0.05941367081199662,67.0,,,-86.6561713,36.043592,,,0.0,0.0,0.0,0.0,9819.555176448006,-9745.255176448007,358.01939237951825,West,True
5189,1619473430.0,100.94006588194796,-0.0038200084459024015,67.0,,,-86.65614599999999,36.043577,,,0.0,0.0,0.0,0.0,9822.37585039333,-9748.07585039333,358.0562006762959,West,True
5190,1619473430.1,100.97714368038922,-0.07198262674245312,66.87751923202975,,,-86.65612064999999,36.04356225,,,0.0,0.0,0.0,0.0,9825.183823971502,-9750.883823971502,358.0561859682129,West,True
5191,1619473430.2,101.01422147883046,-0.14454133517804468,66.7550384640595,,,-86.6560953,36.0435475,,,0.0,0.0,0.0,0.0,9827.991797895207,-9753.691797895208,358.0301760436648,West,True
5192,1619473430.3,101.01877143857192,-0.22065915210549222,66.25517849587949,,,-86.6560702,36.04353270000001,,,0.0,0.0,0.0,0.0,9830.784830881841,-9756.484830881842,358.06312506168706,West,True
5193,1619473430.4,100.94449253226264,-0.2992107446172936,66.0,,,-86.6560445,36.0435178,,,0.0,0.0,0.0,0.0,9833.628094093601,-9759.328094093602,358.06102183801244,West,True
5194,1619473430.5,100.80028126930422,-0.3788491577183158,66.0,,,-86.656019,36.043503,,,0.0,0.0,0.0,0.0,9836.450265149671,-9762.150265149672,358.0610070799322,West,True
5195,1619473430.6,100.6560700063458,-0.45807796688738045,66.0,,,-86.65599350000001,36.043488200000006,,,0.0,0.0,0.0,0.0,9839.272436555844,-9764.972436555845,358.06308072087654,West,True
5196,1619473430.7,100.48503800636814,-0.5353624905066124,66.0,,,-86.6559678,36.0434733,,,0.0,0.0,0.0,0.0,9842.115700828464,-9767.815700828465,358.0347948507702,West,True
5197,1619473430.8,100.35461424386672,-0.6092272263314307,65.75448268121471,,,-86.65594229999999,36.0434583,,,0.0,0.0,0.0,0.0,9844.950898657871,-9770.650898657872,358.05333460495115,West,True
5198,1619473430.9,100.11115131107033,-0.6783693960426873,65.37724134060736,,,-86.6559169,36.043443499999995,,,0.0,0.0,0.0,0.0,9847.765771968843,-9773.465771968844,358.05331984792934,West,True
5199,1619473431.0,99.86768837827394,-0.7417347188007386,65.0,,,-86.65589150000001,36.0434287,,,0.0,0.0,0.0,0.0,9850.58064562658,-9776.28064562658,358.0347500974483,West,True
5200,1619473431.1,99.7797172332244,-0.7985877521545433,65.0,,,-86.655866,36.0434137,,,0.0,0.0,0.0,0.0,9853.415844505713,-9779.115844505714,358.0478267348783,West,True
5201,1619473431.2,99.48953572535508,-0.8485289518131592,64.75402183631219,,,-86.6558405,36.0433988,,,0.0,0.0,0.0,0.0,9856.244516524619,-9781.94451652462,358.03472018277535,West,True
5202,1619473431.3,99.26084982051924,-0.8914977137103162,64.25468673547014,,,-86.655815,36.0433838,,,0.0,0.0,0.0,0.0,9859.079716106771,-9784.779716106772,358.06088901716595,West,True
5203,1619473431.4,99.00693332722358,-0.9277235521925913,64.0,,,-86.6557895,36.043369,,,0.0,0.0,0.0,0.0,9861.90189033419,-9787.60189033419,358.0346902691153,West,True
5204,1619473431.5,98.87842205340408,-0.957670872706404,64.0,,,-86.655764,36.043354,,,0.0,0.0,0.0,0.0,9864.737090618039,-9790.43709061804,358.03467531416925,West,True
5205,1619473431.6,98.67338338594028,-0.981948963852361,64.0,,,-86.6557385,36.043339,,,0.0,0.0,0.0,0.0,9867.572291256125,-9793.272291256126,358.0608447416242,West,True
5206,1619473431.7,98.44693802985502,-1.0012329283907475,64.0,,,-86.655713,36.0433242,,,0.0,0.0,0.0,0.0,9870.394466542275,-9796.094466542276,358.01912144684843,West,True
5207,1619473431.8,98.26055034293552,-1.0161735199485127,63.75618532221812,,,-86.6556877,36.0433092,,,0.0,0.0,0.0,0.0,9873.21514672689,-9798.915146726891,358.0346305609794,West,True
5208,1619473431.9,98.08343764791046,-1.027333635400075,63.25445619525079,,,-86.6556622,36.043294200000005,,,0.0,0.0,0.0,0.0,9876.050348419876,-9801.750348419877,358.04770799149156,West,True
5209,1619473432.0,97.8909719843068,-1.0351334886369292,63.0,,,-86.6556367,36.0432793,,,0.0,0.0,0.0,0.0,9878.87902325809,-9804.579023258091,358.0482117983704,West,True
5210,1619473432.1,97.66181125746184,-1.0398272197397163,62.87752280599982,,,-86.65561145000001,36.04326455,,,0.0,0.0,0.0,0.0,9881.679710951412,-9807.379710951413,358.04819709065185,West,True
5211,1619473432.2,97.43265053061688,-1.0414980483133736,62.75504561199963,,,-86.6555862,36.0432498,,,0.0,0.0,0.0,0.0,9884.480398990967,-9810.180398990968,358.0531277077046,West,True
5212,1619473432.3,97.21272615030044,-1.0400759735294862,62.2564518928326,,,-86.6555608,36.043235,,,0.0,0.0,0.0,0.0,9887.29527720774,-9812.995277207741,358.03534198141983,West,True
5213,1619473432.4,96.99215874459858,-1.0353746176621663,62.0,,,-86.6555358,36.0432203,,,0.0,0.0,0.0,0.0,9890.074503676995,-9815.774503676996,358.0718024923923,West,True
5214,1619473432.5,96.75884945056988,-1.0271320325003774,62.0,,,-86.65551049999999,36.0432057,,,0.0,0.0,0.0,0.0,9892.869115793874,-9818.569115793875,358.05089305641,West,True
5215,1619473432.6,96.47353611601748,-1.0150672902584228,62.0,,,-86.6554853,36.043191,,,0.0,0.0,0.0,0.0,9895.66290599009,-9821.36290599009,358.03529771505856,West,True
5216,1619473432.7,96.20726815721346,-0.9989201170423848,62.0,,,-86.6554603,36.0431763,,,0.0,0.0,0.0,0.0,9898.442133474195,-9824.142133474195,358.0697086060096,West,True
5217,1619473432.8,96.06540890235974,-0.9785048596267933,61.755084842598414,,,-86.65543520000001,36.04316179999999,,,0.0,0.0,0.0,0.0,9901.215650909362,-9826.915650909363,358.04079279709185,West,True
5218,1619473432.9,95.868183667069,-0.9537307292534443,61.2558478070426,,,-86.6554103,36.0431472,,,0.0,0.0,0.0,0.0,9903.981070247872,-9829.681070247872,358.01942170123203,West,True
5219,1619473433.0,95.66534602544438,-0.9246397638336299,61.0,,,-86.6553855,36.0431325,,,0.0,0.0,0.0,0.0,9906.745775923218,-9832.44577592322,358.1038199925033,West,True
5220,1619473433.1,95.43119498393182,-0.8914013470138984,61.0,,,-86.6553603,36.0431182,,,0.0,0.0,0.0,0.0,9909.513780107089,-9835.21378010709,358.0033027468083,West,True
5221,1619473433.2,95.23122997377013,-0.854331626145626,61.0,,,-86.65533570000001,36.0431035,,,0.0,0.0,0.0,0.0,9912.264004498038,-9837.964004498039,358.06259599853394,West,True
5222,1619473433.3,95.0843343733007,-0.8138660650415019,60.8772321534978,,,-86.65531095,36.04308915,,,0.0,0.0,0.0,0.0,9915.00222681607,-9840.70222681607,358.0625816873921,West,True
5223,1619473433.4,94.93743877283129,-0.7705644510514698,60.7544643069956,,,-86.6552862,36.0430748,,,0.0,0.0,0.0,0.0,9917.74044946265,-9843.44044946265,358.06540762245055,West,True
5224,1619473433.5,94.77726328716162,-0.725069565378131,60.25460731736384,,,-86.6552615,36.0430605,,,0.0,0.0,0.0,0.0,9920.471779949816,-9846.171779949816,358.03835691692206,West,True
5225,1619473433.6,94.61955599333233,-0.6781031296829884,60.0,,,-86.6552368,36.043046,,,0.0,0.0,0.0,0.0,9923.216117113361,-9848.916117113362,358.06322728890916,West,True
5226,1619473433.7,94.54752242287366,-0.6304181985985086,60.0,,,-86.6552123,36.0430318,,,0.0,0.0,0.0,0.0,9925.9263547067,-9851.626354706701,358.0575066585985,West,True
5227,1619473433.8,94.49113341342895,-0.5827898820460515,60.0,,,-86.6551877,36.0430175,,,0.0,0.0,0.0,0.0,9928.650380936848,-9854.350380936849,358.0495699656265,West,True
5228,1619473433.9,94.31013506084152,-0.5359673280919014,60.0,,,-86.6551632,36.0430032,,,0.0,0.0,0.0,0.0,9931.36711235898,-9857.06711235898,358.0278838049806,West,True
5229,1619473434.0,94.2995943757833,-0.4906621893816817,59.75632255426782,,,-86.65513879999999,36.0429888,,,0.0,0.0,0.0,0.0,9934.083099762838,-9859.783099762839,358.06785408128934,West,True
5230,1619473434.1,94.25157265353641,-0.4475056367902728,59.37816127713391,,,-86.6551145,36.04297475,,,0.0,0.0,0.0,0.0,9936.769008164652,-9862.469008164653,358.0678400730542,West,True
5231,1619473434.2,94.20355093128954,-0.40703842807324864,59.0,,,-86.6550902,36.0429607,,,0.0,0.0,0.0,0.0,9939.454916883135,-9865.154916883135,358.0278408463147,West,True
5232,1619473434.3,94.02499941302364,-0.3696790663606939,59.0,,,-86.65506579999999,36.0429463,,,0.0,0.0,0.0,0.0,9942.170905243938,-9867.870905243939,358.0367219116064,West,True
5233,1619473434.4,94.0539838011965,-0.33572049731665143,59.0,,,-86.65504179999999,36.0429322,,,0.0,0.0,0.0,0.0,9944.838184491666,-9870.538184491666,358.05870357756925,West,True
5234,1619473434.5,94.02,-0.3053152562576578,59.0,,,-86.6550177,36.0429182,,,0.0,0.0,0.0,0.0,9947.5062398316,-9873.206239831601,358.05060710952847,West,True
5235,1619473434.6,93.97013669077873,-0.27848308333833693,58.62849567547755,,,-86.6549937,36.0429042,,,0.0,0.0,0.0,0.0,9950.166998781428,-9875.866998781428,358.0505931514383,West,True
5236,1619473434.7,93.92027338155746,-0.255116042745202,58.256991350955104,,,-86.65496970000001,36.0428902,,,0.0,0.0,0.0,0.0,9952.827758042413,-9878.527758042414,358.0534839635178,West,True
5237,1619473434.8,93.91513669077872,-0.23499789002670995,58.12849567547755,,,-86.65494575,36.042876250000006,,,0.0,0.0,0.0,0.0,9955.481619681937,-9881.181619681938,358.0534700515787,West,True
5238,1619473434.9,93.91,-0.21782695156097254,58.0,,,-86.6549218,36.0428623,,,0.0,0.0,0.0,0.0,9958.135481630445,-9883.835481630445,358.0447778913425,West,True
5239,1619473435.0,93.79266364876824,-0.203243134269455,58.0,,,-86.6548977,36.0428482,,,0.0,0.0,0.0,0.0,9960.810041660727,-9886.510041660727,358.0813287736764,West,True
5240,1619473435.1,93.75454338413475,-0.19086085994046725,57.87793111747346,,,-86.65487375000001,36.04283445,,,0.0,0.0,0.0,0.0,9963.450967302622,-9889.150967302623,358.08131506249134,West,True
5241,1619473435.2,93.71642311950126,-0.18029561066100463,57.75586223494692,,,-86.65484980000001,36.04282070000001,,,0.0,0.0,0.0,0.0,9966.091893250674,-9891.791893250675,357.98919518643896,West,True
5242,1619473435.3,93.64361187300396,-0.171195979949122,57.2561320985139,,,-86.6548262,36.0428065,,,0.0,0.0,0.0,0.0,9968.736788277753,-9894.436788277753,358.078324750083,West,True
5243,1619473435.4,93.6397765507324,-0.16326077405849165,57.0,,,-86.6548022,36.0427927,,,0.0,0.0,0.0,0.0,9971.384599791903,-9897.084599791904,358.042331175856,West,True
5244,1619473435.5,93.5491320779006,-0.15625994822390346,57.0,,,-86.65477829999999,36.0427787,,,0.329136116834287,0.0,0.0,0.0,9974.038075213244,-9899.738075213245,358.05046786056874,West,True
5245,1619473435.6,93.5354109354304,-0.1500362974782801,57.0,,,-86.6547543,36.042764700000006,,,1.0,0.0,0.0,0.0,9976.698837263062,-9902.398837263063,358.04811543210496,West,True
5246,1619473435.7,93.47209794130995,-0.14450966366458648,57.0,,,-86.6547305,36.0427508,,,1.0,0.0,0.0,0.0,9979.338511309792,-9905.038511309793,358.0782698810735,West,True
5247,1619473435.8,93.45408971908432,-0.13966312443620585,56.75560343387781,,,-86.65470649999999,36.042737,,,1.0,0.0,0.0,0.0,9981.986324068996,-9907.686324068996,358.03405603894123,West,True
5248,1619473435.9,93.39680102467106,-0.13553163820034253,56.255230030683485,,,-86.65468270000001,36.042723,,,1.0,0.0,0.0,0.0,9984.632524878221,-9910.332524878222,358.07020777121164,West,True
5249,1619473436.0,93.38525529357374,-0.13217897399580475,56.0,,,-86.65465879999999,36.0427092,,,1.0,0.0,0.0,0.0,9987.273016196807,-9912.973016196807,358.04805981850103,West,True
5250,1619473436.1,93.35146174123425,-0.129678115530687,56.0,,,-86.654635,36.0426953,,,1.0,0.0,0.0,0.0,9989.912691465803,-9915.612691465803,358.1041757010806,West,True
5251,1619473436.2,93.24704952856555,-0.1280891421561028,56.0,,,-86.6546112,36.0426818,,,1.0,0.0,0.0,0.0,9992.526572538778,-9918.226572538779,358.02571139646034,West,True
5252,1619473436.3,93.2419057017754,-0.12744151410721238,56.0,,,-86.6545875,36.0426678,,,1.0,0.0,0.0,0.0,9995.165509287677,-9920.865509287678,358.06205058386905,West,True
5253,1619473436.4,93.26083266703664,-0.12772268485939708,56.0,,,-86.6545637,36.042654,,,1.0,0.0,0.0,0.0,9997.798690101217,-9923.498690101218,358.0679577887567,West,True
5254,1619473436.5,93.1800453245161,-0.1288704413574569,56.0,,,-86.65454,36.0426403,,,1.0,0.0,0.0,0.0,10000.41808753616,-9926.11808753616,358.03395838273235,West,True
5255,1619473436.6,93.1113385205125,-0.1307770885528171,55.755360390171774,,,-86.6545162,36.0426263,,,1.0,0.0,0.0,0.105871598630235,10003.064290471575,-9928.764290471576,358.09806060497544,West,True
5256,1619473436.7,93.11819270438784,-0.13329418699930512,55.25520715950895,,,-86.6544923,36.04261270000001,,,1.0,0.0,0.0,0.3332789345501311,10005.691922351582,-9931.391922351582,358.0314332435737,West,True
5257,1619473436.8,93.04,-0.1362499293162646,55.0,,,-86.65446870000001,36.04259879999999,,,1.0,0.0,0.0,0.5606857282894637,10008.317043743582,-9934.017043743583,358.0819953570888,West,True
5258,1619473436.9,93.00876128058844,-0.139461910314334,55.0,,,-86.654445,36.042585200000005,,,1.0,0.0,0.0,0.7880930642093598,10010.929991258285,-9936.629991258285,358.03970522004965,West,True
5259,1619473437.0,92.96810645573868,-0.14275946685644175,55.0,,,-86.6544213,36.0425713,,,0.9914889841768582,0.0,0.0,1.0,10013.56238596133,-9939.26238596133,358.0879994807782,West,True
5260,1619473437.1,92.91500310320907,-0.1459961232390372,55.0,,,-86.6543977,36.0425578,,,0.8666192707761167,0.0,0.0,1.0,10016.161569328098,-9941.861569328099,358.05376971402853,West,True
5261,1619473437.2,92.88685469235092,-0.1490671792617583,55.0,,,-86.654374,36.042544,,,0.7417492596624948,0.0,0.0,1.0,10018.787451252469,-9944.48745125247,358.05375595343827,West,True
5262,1619473437.3,92.84589444825224,-0.1519141440162315,55.0,,,-86.6543503,36.0425302,,,0.6168795462617533,0.0,0.0,1.0,10021.413333479903,-9947.113333479903,358.03134985296913,West,True
5263,1619473437.4,92.7821647268972,-0.15453115456909122,54.75511485637888,,,-86.6543267,36.0425163,,,0.4920095351481315,0.0,0.0,1.0,10024.038456669059,-9949.73845666906,358.0667165035436,West,True
5264,1619473437.5,92.75103046174851,-0.1569581493189315,54.37755742818944,,,-86.65430309999999,36.04250265,,,0.36713982174739,0.0,0.0,1.0,10026.647309699973,-9952.347309699973,358.0667028913088,West,True
5265,1619473437.6,92.71989619659982,-0.15927551539952617,54.0,,,-86.6542795,36.042489,,,0.2422701083466485,0.0,0.0,1.0,10029.256163029033,-9954.956163029034,358.0677939699261,West,True
5266,1619473437.7,92.64484613906504,-0.16158809570086355,54.0,,,-86.6542558,36.0424753,,,0.1174000972330266,0.0,0.0,1.0,10031.875564096987,-9957.575564096987,358.0087114138691,West,True
5267,1619473437.8,92.57728961462844,-0.16401262020909144,54.0,,,-86.6542323,36.04246129999999,,,0.0,0.0,0.0249858838221132,1.0,10034.500006825932,-9960.200006825933,358.0878916716963,West,True
5268,1619473437.9,92.54789727282424,-0.166658179027109,54.0,,,-86.65420870000001,36.0424478,,,0.0,0.0,0.4426763675763094,1.0,10037.099192612226,-9962.799192612227,358.00868343799243,West,True
5269,1619473438.0,92.46228278586624,-0.1696134465033915,54.0,,,-86.6541852,36.0424338,,,0.0,0.0,0.8603658554802138,1.0,10039.723635935838,-9965.423635935838,358.0797341955033,West,True
5270,1619473438.1,92.45219132007232,-0.17292988263882864,54.0,,,-86.6541617,36.0424203,,,0.0,0.0,1.0,1.0,10042.3154875953,-9968.015487595301,358.06550721112353,West,True
5271,1619473438.2,92.40844005063482,-0.17661524212646967,53.75741472411936,,,-86.65413819999999,36.0424067,,,0.0,0.0,1.0,1.0,10044.91379547815,-9970.613795478152,358.0512802646074,West,True
5272,1619473438.3,92.31033262044632,-0.18062386567681027,53.25766255677512,,,-86.6541147,36.042393,,,0.0,0.0,1.0,1.0,10047.518591049382,-9973.218591049383,358.07969381097604,West,True
5273,1619473438.4,92.26694414299394,-0.18486029134706056,53.0,,,-86.6540912,36.0423795,,,0.0,0.0,1.0,1.0,10050.110443601363,-9975.810443601364,358.0370395980257,West,True
5274,1619473438.5,92.19153558153802,-0.1891775863033831,53.0,,,-86.6540677,36.0423657,,,0.0,0.0,1.0,1.0,10052.721758388125,-9978.421758388125,358.05123928313475,West,True
5275,1619473438.6,92.13826130656687,-0.193391209019016,53.0,,,-86.6540442,36.042351999999994,,,0.0,0.0,1.0,1.0,10055.326554851794,-9981.026554851795,358.05122562125035,West,True
5276,1619473438.7,92.08498703159574,-0.19728270669229903,53.0,,,-86.6540207,36.0423383,,,0.0,0.0,1.0,1.0,10057.931351613206,-9983.631351613207,358.0571648134132,West,True
5277,1619473438.8,92.0027677723353,-0.20062072493327338,53.0,,,-86.6539973,36.0423247,,,0.0,0.0,1.0,1.0,10060.522355252237,-9986.222355252237,358.05119835681865,West,True
5278,1619473438.9,91.95,-0.20316510744574423,53.0,,,-86.6539738,36.042311,,,0.0,0.0,1.0,1.0,10063.127152608342,-9988.827152608343,358.0488056550517,West,True
5279,1619473439.0,91.8795710467949,-0.20469057008800542,52.6280041547774,,,-86.65395050000001,36.042297399999995,,,0.0,0.0,1.0,1.0,10065.710861432412,-9991.410861432412,358.0487920979291,West,True
5280,1619473439.1,91.8091420935898,-0.20498648685790954,52.2560083095548,,,-86.6539272,36.0422838,,,0.0,0.0,1.0,1.0,10068.29457055044,-9993.994570550441,358.05477259697716,West,True
5281,1619473439.2,91.7537869887758,-0.20387979528323147,52.0,,,-86.653904,36.0422703,,,0.0,0.0,1.0,1.0,10070.864484370775,-9996.564484370776,358.04876503188575,West,True
5282,1619473439.3,91.6924558039652,-0.2012282576349958,52.0,,,-86.6538807,36.0422567,,,0.0,0.0,1.0,1.0,10073.448194072382,-9999.148194072382,358.0428085971606,West,True
5283,1619473439.4,91.63310237380318,-0.19694147174911694,52.0,,,-86.6538573,36.042243,,,0.0,0.0,1.0,1.0,10076.04570511401,-10001.74570511401,358.0630743971352,West,True
5284,1619473439.5,91.6277683633991,-0.19096819243676372,52.0,,,-86.653834,36.0422295,,,0.0,0.0,1.0,1.0,10078.622922911769,-10004.32292291177,358.06720537860565,West,True
5285,1619473439.6,91.54811488354291,-0.18331570552078463,52.0,,,-86.65381065,36.042215999999996,,,0.0,0.0,1.0,1.0,10081.20379654968,-10006.903796549681,358.0671919187398,West,True
5286,1619473439.7,91.46846140368672,-0.17403282227017278,52.0,,,-86.6537873,36.0422025,,,0.0,0.0,1.0,1.0,10083.784670478894,-10009.484670478894,358.03686165297944,West,True
5287,1619473439.8,91.35236466104298,-0.16322724454035525,51.75638672630157,,,-86.6537638,36.0421887,,,0.0,0.0,1.0,1.0,10086.395989109782,-10012.095989109783,358.04626304985374,West,True
5288,1619473439.9,91.3176136384306,-0.1510450106680802,51.25586523912037,,,-86.6537407,36.0421752,,,0.0,0.0,1.0,1.0,10088.958612599205,-10014.658612599205,358.025867234179,West,True
5289,1619473440.0,91.3,-0.13768411185074148,51.0,,,-86.6537175,36.0421615,,,0.0,0.0,1.0,1.0,10091.541581997759,-10017.24158199776,358.05283170176165,West,True
5290,1619473440.1,91.31144160050978,-0.12337046263741508,51.0,,,-86.65369415,36.0421479,,,0.0,0.0,0.8700372159876663,1.0,10094.128940424926,-10019.828940424926,358.05281813880464,West,True
5291,1619473440.2,91.32288320101956,-0.10836626026270132,51.0,,,-86.6536708,36.0421343,,,0.0,0.0,0.7400744319753325,1.0,10096.716299147822,-10022.416299147822,358.046208854175,West,True
5292,1619473440.3,91.30795679128312,-0.09294374943958056,51.0,,,-86.65364770000001,36.0421208,,,0.0,0.0,0.583729262635879,1.0,10099.278923800679,-10024.97892380068,358.0377072777184,West,True
5293,1619473440.4,91.30375634332444,-0.07738929393433013,50.75736988497302,,,-86.6536247,36.0421073,,,0.0,0.0,0.4273837205401388,1.0,10101.834267184902,-10027.534267184903,358.0545970757557,West,True
5294,1619473440.5,91.32074740123792,-0.06197857923856394,50.257102713224526,,,-86.65360150000001,36.0420938,,,0.0,0.0,0.2710385512006853,1.0,10104.404184798921,-10030.104184798922,358.0199144269303,West,True
5295,1619473440.6,91.27211813376236,-0.04697995587848293,50.0,,,-86.6535782,36.04208,,,0.0,0.0,0.1146933818612317,1.0,10107.000977425445,-10032.700977425446,358.0545700948003,West,True
5296,1619473440.7,91.33482569300824,-0.03263555228884776,50.0,,,-86.65355500000001,36.0420665,,,0.0,0.0,0.0,1.0,10109.570895626941,-10035.270895626942,358.0086044520631,West,True
5297,1619473440.8,91.35355339446144,-0.01916731379521854,50.0,,,-86.653532,36.0420528,,,0.0,0.0,0.0,1.0,10112.139367463345,-10037.839367463346,358.05034470516375,West,True
5298,1619473440.9,91.37053922127137,-0.006766046245078457,49.87837807163943,,,-86.65350885000001,36.0420393,,,0.0,0.0,0.0,1.0,10114.705638706819,-10040.40563870682,358.0503312459246,West,True
5299,1619473441.0,91.38752504808132,0.004399683384234557,49.756756143278864,,,-86.6534857,36.0420258,,,0.0,0.0,0.0,1.0,10117.271910240772,-10042.971910240773,358.0303500754318,West,True
5300,1619473441.1,91.37857274121058,0.014188807962684041,49.37837807163943,,,-86.6534627,36.04201225,,,0.0,0.0,0.0,1.0,10119.830525658994,-10045.530525658995,358.03033656359383,West,True
5301,1619473441.2,91.36962043433982,0.022479421330192602,49.0,,,-86.65343969999999,36.0419987,,,0.0,0.0,0.0,1.0,10122.38914136587,-10048.08914136587,358.0085359701148,West,True
5302,1619473441.3,91.4297842341175,0.02917305551695386,49.0,,,-86.65341670000001,36.041985,,,0.0,0.0,0.0,1.0,10124.957614634328,-10050.657614634329,358.0544763879825,West,True
5303,1619473441.4,91.40624161450062,0.03419086034758324,48.75817065329372,,,-86.6533935,36.0419715,,,0.0,0.0,0.0,1.0,10127.527534879126,-10053.227534879126,358.03755850242123,West,True
5304,1619473441.5,91.45826264784996,0.037480023923302075,48.25688825572418,,,-86.6533705,36.041958,,,0.0,0.0,0.0,1.0,10130.08288143654,-10055.78288143654,358.0665962157756,West,True
5305,1619473441.6,91.48709084661157,0.03901521631318945,48.0,,,-86.6533475,36.0419447,,,0.0,0.0,0.0,1.0,10132.625227747956,-10058.325227747957,358.0532518353121,West,True
5306,1619473441.7,91.53700311375901,0.03880590747887029,48.0,,,-86.6533244,36.04193125,,,0.0,0.0,0.0,1.0,10135.184603643318,-10060.884603643319,358.0532384259211,West,True
5307,1619473441.8,91.58691538090646,0.03689957291888683,48.0,,,-86.6533013,36.04191779999999,,,0.0,0.0,0.0,1.0,10137.743979827615,-10063.443979827616,358.04599353041465,West,True
5308,1619473441.9,91.58128919604457,0.033385230299789126,48.0,,,-86.6532782,36.04190429999999,,,0.0,0.0,0.0,1.0,10140.306609108826,-10066.006609108827,358.05439602655207,West,True
5309,1619473442.0,91.71577412082546,0.028393256323650647,47.756516290726815,,,-86.653255,36.0418908,,,0.0,0.0,0.0,1.0,10142.876531088863,-10068.576531088864,358.0374774427556,West,True
5310,1619473442.1,91.64189044116318,0.022090878801082202,47.25594343000358,,,-86.65323199999999,36.0418773,,,0.0,0.0,0.0,1.0,10145.43187936099,-10071.13187936099,358.0543692166347,West,True
5311,1619473442.2,91.5834798239577,0.014675801842312635,47.0,,,-86.6532088,36.0418638,,,0.0,0.0,0.0,1.0,10148.001801921013,-10073.701801921014,358.06269972807297,West,True
5312,1619473442.3,91.63370480819138,0.00636338107904298,47.0,,,-86.65318549999999,36.0418503,,,0.0,0.0,0.0,1.0,10150.579027920656,-10076.279027920657,358.0501432206613,West,True
5313,1619473442.4,91.63683371623047,-0.0026242425193523855,46.62935939335988,,,-86.65316235,36.0418368,,,0.0,0.0,0.0,1.0,10153.14530350577,-10078.84530350577,358.05012976136345,West,True
5314,1619473442.5,91.63996262426956,-0.01207494145180011,46.25871878671976,,,-86.6531392,36.0418233,,,0.0,0.0,0.0,1.0,10155.711579381361,-10081.411579381362,358.04589906817705,West,True
5315,1619473442.6,91.60498131213478,-0.02179689511655395,46.12935939335988,,,-86.6531161,36.041809799999996,,,0.0,0.0,0.0,0.972519460569121,10158.274210682794,-10083.974210682794,358.0458856099105,West,True
5316,1619473442.7,91.57,-0.031632827518114776,46.0,,,-86.653093,36.0417963,,,0.0,0.0,0.0,0.945038921138242,10160.836842273402,-10086.536842273403,358.0791085348345,West,True
5317,1619473442.8,91.56913467085444,-0.041464504095306706,46.0,,,-86.6530695,36.0417828,,,0.0,0.0,0.0,0.7366563194931608,10163.428707878855,-10089.128707878855,358.0373688734992,West,True
5318,1619473442.9,91.54226998397722,-0.051219052357136405,46.0,,,-86.6530465,36.0417693,,,0.0,0.0,0.0,0.5282732210247676,10165.98405844581,-10091.684058445811,358.05426158424814,West,True
5319,1619473443.0,91.47954683658092,-0.06086512144538611,45.75558660214261,,,-86.6530233,36.0417558,,,0.0,0.0,0.0,0.3198906193796862,10168.55398332912,-10094.253983329121,358.03136755786096,West,True
5320,1619473443.1,91.44500690917576,-0.07040925421185812,45.25687668691961,,,-86.6530002,36.0417422,,,0.0,0.0,0.0,0.1115080177346048,10171.1231454253,-10096.8231454253,358.07085245739165,West,True
5321,1619473443.2,91.41,-0.07988486435449502,45.0,,,-86.65297679999999,36.0417287,,,0.0,0.0,0.0,0.0,10173.707687858712,-10099.407687858713,358.0168763340747,West,True
5322,1619473443.3,91.38,-0.08934025189609489,45.0,,,-86.6529537,36.041715,,,0.0,0.0,0.0,0.0,10176.283411333245,-10101.983411333245,358.09938494703067,West,True
5323,1619473443.4,91.32895060291447,-0.09882464578920325,45.0,,,-86.6529303,36.0417017,,,0.0,0.0,0.0,0.0,10178.855101424957,-10104.555101424958,358.0457773346421,West,True
5324,1619473443.5,91.35047475025203,-0.10837221511415027,45.0,,,-86.6529072,36.0416882,,,0.0,0.0,0.0,0.0,10181.417735325487,-10107.117735325488,358.02537646157685,West,True
5325,1619473443.6,91.28487234080944,-0.11799117113105329,44.75775341112082,,,-86.652884,36.0416745,,,0.0,0.0,0.0,0.0,10184.000715142764,-10109.700715142764,358.062512072948,West,True
5326,1619473443.7,91.26622046669463,-0.1276494927073824,44.25958843259473,,,-86.6528607,36.041661,,,0.0,0.0,0.0,0.0,10186.57794523528,-10112.27794523528,358.0253490808988,West,True
5327,1619473443.8,91.25671865418234,-0.13727306089891178,44.0,,,-86.6528375,36.0416473,,,0.0,0.0,0.0,0.0,10189.160925633996,-10114.860925633997,358.0911677379472,West,True
5328,1619473443.9,91.23944926565738,-0.14673823150006207,44.0,,,-86.6528142,36.041634,,,0.0,0.0,0.0,0.0,10191.72526673153,-10117.42526673153,358.0541267947396,West,True
5329,1619473444.0,91.2265657095045,-0.1558826860440516,44.0,,,-86.65279100000001,36.0416205,,,0.0,0.0,0.0,0.0,10194.295194523056,-10119.995194523057,358.0643478801058,West,True
5330,1619473444.1,91.15823839710808,-0.1645070005780721,44.0,,,-86.65276785,36.0416071,,,0.0,0.0,0.0,0.0,10196.854986637163,-10122.554986637164,358.06433451929087,West,True
5331,1619473444.2,91.08991108471167,-0.17239741856992494,44.0,,,-86.6527447,36.0415937,,,0.0,0.0,0.0,0.0,10199.414779039296,-10125.114779039297,358.0540864704875,West,True
5332,1619473444.3,91.02888461679636,-0.17933386376237292,44.0,,,-86.6527215,36.041580200000006,,,0.0,0.0,0.0,0.0,10201.984707697937,-10127.684707697937,358.05407300719247,West,True
5333,1619473444.4,90.9511331632514,-0.18511876014752376,43.7566959968481,,,-86.6526983,36.0415667,,,0.0,0.0,0.0,0.0,10204.55463664778,-10130.25463664778,358.06010776259933,West,True
5334,1619473444.5,90.9073371379945,-0.18958478648791544,43.255937869363294,,,-86.6526752,36.0415533,,,0.0,0.0,0.0,0.0,10207.11077578675,-10132.810775786751,358.0540461442579,West,True
5335,1619473444.6,90.81658909279268,-0.19262093416391884,43.0,,,-86.652652,36.0415398,,,0.0,0.0,0.0,0.0,10209.68070531408,-10135.38070531408,358.0582143216522,West,True
5336,1619473444.7,90.79673762309531,-0.19417236230176843,43.0,,,-86.65262875,36.0415263,,,0.0,0.0,0.0,0.0,10212.254285390054,-10137.954285390055,358.0582008601583,West,True
5337,1619473444.8,90.77688615339792,-0.19425615569796403,43.0,,,-86.6526055,36.0415128,,,0.0,0.0,0.0,0.0,10214.827865757146,-10140.527865757147,358.05400570316925,West,True
5338,1619473444.9,90.71732160401731,-0.19294890065552056,43.0,,,-86.65258229999999,36.0414993,,,0.0,0.0,0.0,0.0,10217.397796156813,-10143.097796156813,358.0623377669161,West,True
5339,1619473445.0,90.67581255176222,-0.19038970499011307,43.0,,,-86.652559,36.0414858,,,0.0,0.0,0.0,0.0,10219.975030038291,-10145.675030038292,358.1115962265884,West,True
5340,1619473445.1,90.6422414935316,-0.18675691258241767,43.0,,,-86.6525358,36.0414727,,,0.0,0.0,0.0,0.0,10222.519236975146,-10148.219236975146,358.0370565160979,West,True
5341,1619473445.2,90.61083646410854,-0.1822621283970483,43.0,,,-86.6525128,36.0414592,,,0.0,0.0,0.0,0.0,10225.074594132846,-10150.774594132847,358.0600004620991,West,True
5342,1619473445.3,90.56594982455805,-0.17712259310470235,43.0,,,-86.6524897,36.0414458,,,0.0,0.0,0.0,0.0,10227.630735575778,-10153.330735575779,358.0827473737061,West,True
5343,1619473445.4,90.49376889858712,-0.17155394168646132,43.0,,,-86.6524665,36.0414325,,,0.0,0.0,0.0,0.0,10230.187741038406,-10155.887741038407,358.0827341110943,West,True
5344,1619473445.5,90.43355061812152,-0.1657464975691788,43.0,,,-86.6524433,36.04141920000001,,,0.0,0.0,0.0,0.0,10232.744746788001,-10158.444746788002,358.0454935393168,West,True
5345,1619473445.6,90.38930478898368,-0.15986444224552643,42.75778630671421,,,-86.65242020000001,36.041405700000006,,,0.0,0.0,0.0,0.0,10235.307386728247,-10161.007386728248,358.0515184320645,West,True
5346,1619473445.7,90.34498377142856,-0.15403194628534225,42.25645178448273,,,-86.65239720000001,36.0413923,,,0.0,0.0,0.0,0.0,10237.856229108434,-10163.556229108435,358.08269449536164,West,True
5347,1619473445.8,90.32618641783694,-0.14834262030708112,42.0,,,-86.652374,36.041379,,,0.0,0.0,0.0,0.0,10240.413235728283,-10166.113235728284,358.08268123295176,West,True
5348,1619473445.9,90.29589137275588,-0.1428562000706828,42.0,,,-86.6523508,36.0413657,,,0.0,0.0,0.0,0.0,10242.970242634514,-10168.670242634515,358.0514781155701,West,True
5349,1619473446.0,90.24524916368144,-0.13761649959871528,42.0,,,-86.6523278,36.0413523,,,0.0,0.0,0.0,0.0,10245.519085866552,-10171.219085866553,358.1032965852054,West,True
5350,1619473446.1,90.22387234237118,-0.13265372198426117,42.0,,,-86.6523047,36.0413392,,,0.0,0.0,0.0,0.0,10248.055929277829,-10173.75592927783,358.05145133410616,West,True
5351,1619473446.2,90.18838960496318,-0.1280043945395975,42.0,,,-86.6522817,36.0413258,,,0.0,0.0,0.0,0.0,10250.604773074525,-10176.304773074526,358.08262846704764,West,True
5352,1619473446.3,90.1192934752885,-0.12371109372911909,42.0,,,-86.6522585,36.0413125,,,0.0,0.0,0.0,0.0,10253.161781130906,-10178.861781130907,358.08261520644027,West,True
5353,1619473446.4,90.1214770587604,-0.119836715969756,42.0,,,-86.6522353,36.041299200000005,,,0.0,0.0,0.0,0.0,10255.718789473798,-10181.418789473799,358.0804725123209,West,True
5354,1619473446.5,90.08,-0.11645461944922565,42.0,,,-86.6522123,36.041286,,,0.0,0.0,0.0,0.0,10258.254697772056,-10183.954697772057,358.0731938336901,West,True
5355,1619473446.6,90.05994149712927,-0.11365335526599706,42.0,,,-86.6521893,36.041272750000005,,,0.0,0.0,0.0,0.0,10260.793828358028,-10186.493828358029,358.0731806213964,West,True
5356,1619473446.7,90.03988299425855,-0.11151586826397394,42.0,,,-86.65216629999999,36.0412595,,,0.0,0.0,0.0,0.0,10263.332959228908,-10189.032959228909,358.06590185246097,West,True
5357,1619473446.8,90.04046916086175,-0.11011786764206496,42.0,,,-86.65214329999999,36.0412462,,,0.0,0.0,0.0,0.0,10265.875320461882,-10191.575320461883,358.08041986156906,West,True
5358,1619473446.9,90.00655126320011,-0.10950162266679844,42.0,,,-86.65212029999999,36.041233,,,0.0,0.0,0.0,0.0,10268.411229895213,-10194.111229895214,358.07932799863914,West,True
5359,1619473447.0,89.98374520643077,-0.10967707773125376,42.0,,,-86.6520974,36.04121985,,,0.0,0.0,0.0,0.0,10270.93658970219,-10196.636589702191,358.0793148877895,West,True
5360,1619473447.1,89.96093914966144,-0.11059909239090693,42.0,,,-86.6520745,36.0412067,,,0.0,0.0,0.0,0.0,10273.461949790559,-10199.16194979056,358.0367865331744,West,True
5361,1619473447.2,89.89,-0.11218072295851556,42.0,,,-86.6520515,36.0411932,,,0.0,0.0,0.0,0.0,10276.017312601225,-10201.717312601226,358.0928597715615,West,True
5362,1619473447.3,89.86,-0.11427957991696533,42.0,,,-86.6520287,36.0411802,,,0.0,0.0,0.0,0.0,10278.525699158627,-10204.225699158627,358.08035427705704,West,True
5363,1619473447.4,89.78110113089119,-0.11672657666837058,42.0,,,-86.6520057,36.041167,,,0.0,0.0,0.0,0.0,10281.061610004988,-10206.761610004989,358.057369517568,West,True
5364,1619473447.5,89.81100642571727,-0.11931926989306477,42.0,,,-86.6519828,36.0411537,,,0.0,0.0,0.0,0.0,10283.596665168276,-10209.296665168276,358.08032800802715,West,True
5365,1619473447.6,89.79338494118994,-0.12186087011669458,42.0,,,-86.6519598,36.0411405,,,0.0,0.0,0.0,0.0,10286.13257658263,-10211.83257658263,358.0646405920384,West,True
5366,1619473447.7,89.75191042127379,-0.12415166858026169,42.0,,,-86.65193690000001,36.04112725,,,0.0,0.0,0.0,0.0,10288.664392907182,-10214.364392907182,358.06462737992,West,True
5367,1619473447.8,89.71043590135764,-0.12602820946301213,42.0,,,-86.651914,36.041114,,,0.0,0.0,0.0,0.0,10291.196209514994,-10216.896209514995,358.04880249865334,West,True
5368,1619473447.9,89.68,-0.12734327037003593,42.0,,,-86.6518912,36.0411007,,,0.0,0.0,0.0,0.0,10293.723968604507,-10219.423968604508,358.07189888332533,West,True
5369,1619473448.0,89.67935846784813,-0.1279970004871861,42.0,,,-86.65186829999999,36.0410875,,,0.0,0.0,0.0,0.0,10296.252554452003,-10221.952554452004,358.0802624816532,West,True
5370,1619473448.1,89.66775557523255,-0.12790189822883452,42.0,,,-86.65184529999999,36.0410743,,,0.0,0.0,0.0,0.0,10298.788467284125,-10224.488467284125,358.09274253199135,West,True
5371,1619473448.2,89.62172728011632,-0.12700455010372194,42.0,,,-86.6518225,36.0410613,,,0.0,0.0,0.0,0.0,10301.29685637085,-10226.99685637085,358.07806921885754,West,True
5372,1619473448.3,89.56283368824728,-0.1252405137956325,42.0,,,-86.6517997,36.0410482,,,0.0,0.0,0.0,0.0,10303.811670093492,-10229.511670093492,358.07184628967116,West,True
5373,1619473448.4,89.55806323094718,-0.12255214740041784,42.0,,,-86.6517768,36.041035,,,0.0,0.0,0.0,0.0,10306.340257058822,-10232.040257058823,358.0633827392829,West,True
5374,1619473448.5,89.52176160652152,-0.11884406741071793,42.0,,,-86.651754,36.0410218,,,0.0,0.0,0.0,0.0,10308.86152836712,-10234.561528367121,358.0780299727446,West,True
5375,1619473448.6,89.44273329860425,-0.11400541762631897,42.0,,,-86.6517312,36.041008700000006,,,0.0,0.0,0.0,0.0,10311.376342927579,-10237.07634292758,358.0718069170137,West,True
5376,1619473448.7,89.42724710656154,-0.10787685756044038,42.0,,,-86.6517083,36.0409955,,,0.0,0.0,0.0,0.0,10313.904930734407,-10239.604930734407,358.0757983117529,West,True
5377,1619473448.8,89.46074913937112,-0.1002834754313082,42.2434063096682,,,-86.6516857,36.0409825,,,0.0,0.0,0.0,0.0,10316.398646896674,-10242.098646896675,358.0717807643195,West,True
5378,1619473448.9,89.34186051240341,-0.0910194478229342,42.74362754042679,,,-86.6516628,36.0409693,,,0.0,0.0,0.0,0.0,10318.927235260895,-10244.627235260896,358.094678470819,West,True
5379,1619473449.0,89.36765573409642,-0.0798920186087309,43.0,,,-86.6516398,36.0409562,,,0.0,0.0,0.0,0.0,10321.456730978507,-10247.156730978508,358.09262569255776,West,True
5380,1619473449.1,89.34819351719266,-0.06672224769588417,43.0,,,-86.651617,36.0409432,,,0.0,0.0,0.0,0.0,10323.965122577983,-10249.665122577984,358.0842164458813,West,True
5381,1619473449.2,89.32757138667937,-0.05139339045397283,43.0,,,-86.6515943,36.040930200000005,,,0.0,0.0,0.0,0.0,10326.466171748523,-10252.166171748524,358.0461515847006,West,True
5382,1619473449.3,89.23449463528988,-0.03385845194607782,43.0,,,-86.6515717,36.040917,,,0.0,0.0,0.0,0.0,10328.972846069397,-10254.672846069398,358.1009101162588,West,True
5383,1619473449.4,89.22318238073808,-0.01418076945024521,43.0,,,-86.6515488,36.040904,,,0.0,0.0,0.0,0.0,10331.488591916252,-10257.188591916252,358.06325111404374,West,True
5384,1619473449.5,89.21377573992227,0.007465166008682589,43.0,,,-86.651526,36.0408908,,,0.0,0.0,0.0,0.0,10334.009865997525,-10259.709865997525,358.0694383929486,West,True
5385,1619473449.6,89.27275363116196,0.030773898998423158,43.0,,,-86.65150329999999,36.0408777,,,0.0,0.0,0.0,0.0,10336.517359439606,-10262.217359439606,358.04609858542136,West,True
5386,1619473449.7,89.30151739445634,0.055326229184831544,43.0,,,-86.65148070000001,36.040864500000005,,,0.0,0.0,0.0,0.0,10339.024034857233,-10264.724034857234,358.0841386101753,West,True
5387,1619473449.8,89.28,0.08059716837030079,43.0,,,-86.65145799999999,36.0408515,,,0.0,0.0,0.0,0.0,10341.525085693944,-10267.225085693944,358.06319869236864,West,True
5388,1619473449.9,89.35677492887883,0.10599340250958064,43.0,,,-86.65143520000001,36.0408383,,,0.0,0.0,0.0,0.0,10344.046360885945,-10269.746360885945,358.08411262640044,West,True
5389,1619473450.0,89.38384969423001,0.1308848383908085,43.0,,,-86.6514125,36.0408253,,,0.0,0.0,0.0,0.0,10346.547412275342,-10272.247412275343,358.07987349161795,West,True
5390,1619473450.1,89.46832815037789,0.15465250376413037,43.12040157493452,,,-86.65138985,36.0408123,,,0.0,0.0,0.0,0.0,10349.044796623233,-10274.744796623234,358.07986052946154,West,True
5391,1619473450.2,89.55280660652575,0.1767287373604901,43.24080314986903,,,-86.6513672,36.0407993,,,0.0,0.0,0.0,0.0,10351.542181244835,-10277.242181244836,358.05219892515174,West,True
5392,1619473450.3,89.58744974035609,0.19663772207690022,43.74063273852226,,,-86.65134470000001,36.0407862,,,0.0,0.0,0.0,0.0,10354.035061528837,-10279.735061528838,358.05460743610126,West,True
5393,1619473450.4,89.63422847361223,0.2140255646601349,44.0,,,-86.651322,36.040773,,,0.0,0.0,0.0,0.0,10356.549033003366,-10282.249033003367,358.0670302727776,West,True
5394,1619473450.5,89.740518168844,0.2286770070128613,44.0,,,-86.6512995,36.04076,,,0.0,0.0,0.0,0.0,10359.035432808354,-10284.735432808355,358.0545812262753,West,True
5395,1619473450.6,89.79121686978306,0.24052260466369935,44.0,,,-86.65127679999999,36.0407468,,,0.0,0.0,0.0,0.0,10361.549404833182,-10287.249404833183,358.06075861076346,West,True
5396,1619473450.7,89.87992493267917,0.2496256130273254,44.0,,,-86.6512542,36.0407337,,,0.0,0.0,0.0,0.0,10364.049588274358,-10289.749588274359,358.0521333223245,West,True
5397,1619473450.8,89.92996246633959,0.2561659522530455,44.0,,,-86.65123170000001,36.0407206,,,0.0,0.0,0.0,0.0,10366.5424699256,-10292.2424699256,358.052120260903,West,True
5398,1619473450.9,89.98,0.26040490171782976,44.0,,,-86.65120920000001,36.0407075,,,0.0,0.0,0.0,0.0,10369.035351851002,-10294.735351851003,358.0545288672158,West,True
5399,1619473451.0,90.05428689040184,0.2626573256811851,44.0,,,-86.6511865,36.0406943,,,0.0,0.0,0.0,0.0,10371.549324982105,-10297.249324982105,358.0520940197148,West,True
5400,1619473451.1,90.13369147861232,0.26325098845230765,44.0,,,-86.651164,36.0406812,,,0.0,0.0,0.0,0.0,10374.042207455837,-10299.742207455838,358.0250485958424,West,True
5401,1619473451.2,90.20189585894354,0.26250317701855874,44.0,,,-86.65114129999999,36.0406678,,,0.0,0.0,0.0,0.0526544294749967,10376.56922978037,-10302.269229780371,358.0606802935766,West,True
5402,1619473451.3,90.23123467719353,0.26069155803975796,44.0,,,-86.6511187,36.040654700000005,,,0.0,0.0,0.0,0.1662537677533667,10379.069414877982,-10304.769414877983,358.0544763910232,West,True
5403,1619473451.4,90.30933769087318,0.25804694341447804,44.0,,,-86.651096,36.0406415,,,0.0,0.0,0.0,0.2798533768739232,10381.583389119136,-10307.283389119137,358.03718315354985,West,True
5404,1619473451.5,90.34648672145252,0.25474438506181296,44.0,,,-86.6510735,36.0406283,,,0.0,0.0,0.0,0.3934527151522932,10384.082786378818,-10309.782786378819,358.0483136114956,West,True
5405,1619473451.6,90.45279075999076,0.25091355807508176,44.0,,,-86.6510507,36.040615,,,0.0,0.0,0.0,0.5070520534306632,10386.61055572206,-10312.31055572206,358.03970930574843,West,True
5406,1619473451.7,90.50387787332711,0.24664734009274444,44.0,,,-86.651028,36.0406017,,,0.0,0.0,0.0,0.6206516625512196,10389.131039031867,-10314.831039031867,358.05442380007963,West,True
5407,1619473451.8,90.62364555383908,0.24202118649850324,44.0,,,-86.6510053,36.0405885,,,0.0,0.0,0.0,0.7342510008295896,10391.645014388316,-10317.345014388316,358.03101568326554,West,True
5408,1619473451.9,90.69387226324652,0.23710815564149929,44.0,,,-86.6509827,36.040575200000006,,,0.0,0.0,0.0,0.847850609950146,10394.158222977672,-10319.858222977673,358.0713766906686,West,True
5409,1619473452.0,90.73356265311348,0.23199422562684283,44.0,,,-86.6509598,36.040562,,,0.0,0.0,0.0,0.961449948228516,10396.686820014576,-10322.386820014577,358.0309889841345,West,True
5410,1619473452.1,90.85778555003768,0.22678779959231887,44.0,,,-86.6509372,36.0405487,,,0.0,0.0,0.0,1.0,10399.200029157311,-10324.900029157312,358.0421511494539,West,True
5411,1619473452.2,90.83250338713344,0.22162116301134946,44.0,,,-86.6509143,36.0405353,,,0.0,0.0,0.0,1.0,10401.741600320194,-10327.441600320195,358.03096228396726,West,True
5412,1619473452.3,90.90693600529004,0.21664872606227725,44.0,,,-86.6508917,36.040522,,,0.0,0.0,0.0,1.0,10404.254810020015,-10329.954810020015,358.0396164139494,West,True
5413,1619473452.4,90.95742619688204,0.21203323056841794,44.0,,,-86.650869,36.0405087,,,0.0,0.0,0.0,1.0,10406.775295282258,-10332.475295282258,358.01886742145115,West,True
5414,1619473452.5,91.02489233837036,0.20793604208414407,44.0,,,-86.6508462,36.0404952,,,0.0,0.0,0.0,1.0,10409.316142254913,-10335.016142254914,358.0506040301164,West,True
5415,1619473452.6,91.11165173008943,0.2044949369897025,44.0,,,-86.6508232,36.0404818,,,0.0,0.0,0.0,1.0,10411.865004035266,-10337.565004035267,358.081794708402,West,True
5416,1619473452.7,91.13,0.2018160203424636,44.0,,,-86.6508,36.0404685,,,0.0,0.0,0.0,1.0,10414.422030330541,-10340.122030330542,358.0101061085591,West,True
5417,1619473452.8,91.19064708689264,0.19995320309981401,44.0,,,-86.65077729999999,36.040455,,,0.0,0.0,0.0,1.0,10416.955629419333,-10342.655629419334,358.0481413212797,West,True
5418,1619473452.9,91.17308012253042,0.19891137295553318,44.0,,,-86.6507545,36.0404417,,,0.0,0.0,0.0,1.0,10419.483402420461,-10345.183402420462,358.036013981626,West,True
5419,1619473453.0,91.3019999260143,0.19863469664401828,44.0,,,-86.65073149999999,36.0404282,,,0.0,0.0,0.0,1.0,10422.038781491383,-10347.738781491384,358.05053739731176,West,True
5420,1619473453.1,91.34948784737816,0.19902510283540326,44.0,,,-86.6507085,36.0404148,,,0.0,0.0,0.0,1.0,10424.587644699337,-10350.287644699338,358.0481013029752,West,True
5421,1619473453.2,91.39062808118318,0.1999398106419588,44.0,,,-86.65068570000001,36.0404015,,,0.0,0.0,0.0,1.0,10427.115418549216,-10352.815418549217,358.0712059810758,West,True
5422,1619473453.3,91.4917123502418,0.20122170989185348,44.0,,,-86.6506628,36.0403883,,,0.0,0.0,0.0,1.0,10429.644019284515,-10355.344019284516,358.06503491280165,West,True
5423,1619473453.4,91.52828129199683,0.2027003442968433,43.757998316269465,,,-86.6506398,36.040375,,,0.0,0.0,0.0,1.0,10432.186399129065,-10357.886399129065,358.06502165057947,West,True
5424,1619473453.5,91.63442004602592,0.2042256781860073,43.25785164569158,,,-86.6506168,36.040361700000005,,,0.0,0.0,0.0,1.0,10434.728779256227,-10360.428779256228,358.0444291659629,West,True
5425,1619473453.6,91.68023918611784,0.2056646171174379,43.0,,,-86.6505937,36.0403482,,,0.0,0.0,0.0,1.0,10437.29144180375,-10362.991441803752,358.0795330419309,West,True
5426,1619473453.7,91.69146239299003,0.2069293694979436,43.0,,,-86.6505707,36.040335,,,0.0,0.0,0.0,1.0,10439.827370468458,-10365.527370468459,358.0359064097042,West,True
5427,1619473453.8,91.76,0.20796429008930084,43.0,,,-86.6505477,36.040321500000005,,,0.0,0.0,0.0,1.0,10442.382751805588,-10368.082751805588,358.035892949648,West,True
5428,1619473453.9,91.84305482739524,0.20876407303991912,43.0,,,-86.65052469999999,36.040308,,,0.0,0.0,0.0,1.0,10444.938133431131,-10370.638133431132,358.05885048021884,West,True
5429,1619473454.0,91.89943116842652,0.20935122602569142,43.0,,,-86.6505016,36.0402946,,,0.0,0.0,0.0,1.0,10447.494299546514,-10373.194299546514,358.0588371204477,West,True
5430,1619473454.1,91.9558075094578,0.20978476859503925,43.0,,,-86.6504785,36.0402812,,,0.0,0.0,0.0,1.0,10450.05046594908,-10375.75046594908,358.0186368731477,West,True
5431,1619473454.2,91.9857427565007,0.21013346968471985,43.0,,,-86.65045570000001,36.0402677,,,0.0,0.0,0.0,1.0,10452.591317700731,-10378.291317700732,358.0693886455568,West,True
5432,1619473454.3,92.01,0.21047919775014912,43.0,,,-86.65043229999999,36.0402542,,,0.0,0.0,0.0,1.0,10455.175892206387,-10380.875892206388,358.04432165064577,West,True
5433,1619473454.4,92.08890823150708,0.21089245279297705,42.758746902629525,,,-86.65040920000001,36.0402407,,,0.0,0.0,0.0,1.0,10457.738557050478,-10383.438557050478,357.9950808987948,West,True
5434,1619473454.5,92.14706523604374,0.21143442820063013,42.25835976860242,,,-86.650386,36.0402268,,,0.0,0.0,0.0,1.0,10460.334745742748,-10386.034745742749,358.04429467299695,West,True
5435,1619473454.6,92.16671638127849,0.21213920460179095,42.12917988430121,,,-86.6503629,36.040213300000005,,,0.0,0.0,0.0,1.0,10462.89741117315,-10388.59741117315,358.0442812107687,West,True
5436,1619473454.7,92.18636752651322,0.21301613496301086,42.0,,,-86.6503398,36.0401998,,,0.0,0.0,0.0,1.0,10465.460076893643,-10391.160076893644,358.03530214272166,West,True
5437,1619473454.8,92.24615301214554,0.21403970498442149,42.0,,,-86.65031655,36.04018615,,,0.0,0.0,0.0,1.0,10468.043450039215,-10393.743450039216,358.0352885318661,West,True
5438,1619473454.9,92.30593849777786,0.21515184674639362,42.0,,,-86.6502933,36.0401725,,,0.0,0.0,0.0,1.0,10470.626823477554,-10396.326823477555,358.10407204798327,West,True
5439,1619473455.0,92.38727485746968,0.21625866837614632,42.0,,,-86.65026999999999,36.0401593,,,0.0,0.0,0.0,1.0,10473.184800066905,-10398.884800066906,358.046649973581,West,True
5440,1619473455.1,92.38,0.2172326081110284,42.0,,,-86.65024670000001,36.0401457,,,0.0,0.0,0.0,1.0,10475.768555306431,-10401.468555306432,358.02380993622455,West,True
5441,1619473455.2,92.42761337567585,0.21791574573977085,42.0,,,-86.6502235,36.040132,,,0.0,0.0,0.0,1.0,10478.351568123368,-10404.051568123368,358.0237962746132,West,True
5442,1619473455.3,92.48,0.21812357625422674,42.0,,,-86.65020030000001,36.0401183,,,0.0,0.0,0.0,1.0,10480.934581231324,-10406.634581231325,358.0466094091821,West,True
5443,1619473455.4,92.54374703723526,0.21765563378179242,41.76042604744837,,,-86.650177,36.0401047,,,0.0,0.0,0.0,1.0,10483.518337357355,-10409.218337357355,358.06094810837965,West,True
5444,1619473455.5,92.62338708765849,0.2163034662820641,41.25880612473106,,,-86.6501537,36.0400912,,,0.0,0.0,0.0,1.0,10486.095601398687,-10411.795601398688,358.02375517806837,West,True
5445,1619473455.6,92.67,0.2138683370996512,41.0,,,-86.6501305,36.0400775,,,0.0,0.0,0.0,1.0,10488.678615380506,-10414.378615380507,358.04895054859213,West,True
5446,1619473455.7,92.7296697089884,0.21017379073841405,41.0,,,-86.65010699999999,36.0400638,,,0.0,0.0,0.0,1.0,10491.283461650783,-10416.983461650783,358.0525559886415,West,True
5447,1619473455.8,92.80359528345326,0.20508666086264987,41.0,,,-86.6500838,36.0400503,,,0.0,0.0,0.0,1.0,10493.853423204568,-10419.553423204568,358.06315395137216,West,True
5448,1619473455.9,92.8242081439621,0.1985302564570645,41.0,,,-86.6500603,36.0400367,,,0.0,0.0,0.0,1.0,10496.45178280078,-10422.15178280078,358.032175413412,West,True
5449,1619473456.0,92.87350211244116,0.19050103666584395,41.0,,,-86.650037,36.040023,,,0.0,0.0,0.0,1.0,10499.042064521325,-10424.742064521326,358.0525153735117,West,True
5450,1619473456.1,92.93990264550266,0.18107512367241202,41.0,,,-86.6500138,36.0400095,,,0.0,0.0,0.0,0.7238498257417161,10501.612026953411,-10427.312026953412,358.04769687512373,West,True
5451,1619473456.2,92.97729688073095,0.17041220606003643,40.630953991399196,,,-86.64999040000001,36.03999585,,,0.0,0.0,0.0,0.36192491287085804,10504.20632995446,-10429.906329954461,358.04768326532485,West,True
5452,1619473456.3,93.01469111595924,0.15874884542591844,40.26190798279839,,,-86.649967,36.0399822,,,0.0,0.0,0.0,0.0,10506.800633252322,-10432.500633252323,358.0608267824574,West,True
5453,1619473456.4,93.04634348514485,0.1463851545116368,40.0,,,-86.64994370000001,36.0399687,,,0.0,0.0,0.0,0.0,10509.377899942361,-10435.077899942362,358.0203804002717,West,True
5454,1619473456.5,93.03036221464085,0.13366352755690566,40.0,,,-86.64992020000001,36.0399548,,,0.0,0.0,0.0,0.0,10511.995816563709,-10437.69581656371,358.0660636372743,West,True
5455,1619473456.6,93.08018110732041,0.12094080766841578,40.0,,,-86.64989675000001,36.03994125,,,0.0,0.0,0.0,0.0,10514.587287355193,-10440.287287355193,358.0660501259439,West,True
5456,1619473456.7,93.13,0.10855777745372601,40.0,,,-86.6498733,36.0399277,,,0.0,0.0,0.0,0.0,10517.178758442902,-10442.878758442903,358.0287205845923,West,True
5457,1619473456.8,93.07910375937104,0.09680593422465078,40.0,,,-86.6498497,36.0399138,,,0.0,0.0,0.0,0.0,10519.80393831843,-10445.50393831843,358.0630188582409,West,True
5458,1619473456.9,93.06463412854744,0.08589732802172577,40.0,,,-86.64982619999999,36.039900200000005,,,0.0,0.0,0.0,0.0,10522.40230089412,-10448.102300894121,358.0487736565757,West,True
5459,1619473457.0,93.08,0.07593722536363315,40.0,,,-86.6498027,36.0398865,,,0.0,0.0,0.0,0.0,10525.007151022426,-10450.707151022427,358.0487599948551,West,True
5460,1619473457.1,93.07136138704932,0.06690346272380152,40.0,,,-86.6497792,36.0398728,,,0.0,0.0,0.0,0.0,10527.61200144892,-10453.312001448921,358.09342418468174,West,True
5461,1619473457.2,93.13918583072557,0.058633678140002206,39.76036917986912,,,-86.64975550000001,36.0398593,,,0.0,0.0,0.0,0.0,10530.218589604436,-10455.918589604436,358.0629644979517,West,True
5462,1619473457.3,93.1783568273262,0.05081935173820119,39.26048180737955,,,-86.649732,36.03984570000001,,,0.0,0.0,0.0,0.0,10532.81695336932,-10458.51695336932,358.0651727194019,West,True
5463,1619473457.4,93.18,0.043011522962660864,39.0,,,-86.6497083,36.039832,,,0.0,0.0,0.0,0.0,10535.43641262959,-10461.13641262959,358.0599457424996,West,True
5464,1619473457.5,93.19531595473279,0.03463034017506931,38.8800511362484,,,-86.64968475,36.039818350000004,,,0.0,0.0,0.0,0.0,10538.041669278107,-10463.741669278108,358.0599321297509,West,True
5465,1619473457.6,93.21063190946556,0.024989569961259492,38.76010227249679,,,-86.64966120000001,36.039804700000005,,,0.0,0.0,0.0,0.0,10540.646926225405,-10466.346926225406,358.0933571597922,West,True
5466,1619473457.7,93.21,0.013320099221770824,38.25967931869241,,,-86.6496375,36.0397912,,,0.0,0.0,0.0,0.0,10543.25351589004,-10468.95351589004,358.04983988194516,West,True
5467,1619473457.8,93.22,-0.001187976832929886,38.1298396593462,,,-86.64961389999999,36.03977745,,,0.0,0.0,0.0,0.0,10545.868913374863,-10471.568913374864,358.0498261702266,West,True
5468,1619473457.9,93.23,-0.019350675737174004,38.0,,,-86.6495903,36.0397637,,,0.0,0.0,0.0,0.0,10548.484311159264,-10474.184311159264,358.0031915620878,West,True
5469,1619473458.0,93.25525849149642,-0.04193335491600561,38.0,,,-86.649567,36.0397498,,,0.0,0.0,0.0,0.0,10551.087739827035,-10476.787739827036,358.0415067050404,West,True
5470,1619473458.1,93.27097864581934,-0.06961063621419275,37.88041913589596,,,-86.6495435,36.03973605,,,0.0,0.0,0.0,0.0,10553.695848580566,-10479.395848580567,358.0414929933615,West,True
5471,1619473458.2,93.28669880014226,-0.10290240447764279,37.76083827179193,,,-86.64952,36.0397223,,,0.0,0.0,0.0,0.0,10556.303957631966,-10482.003957631967,358.06282859591175,West,True
5472,1619473458.3,93.32074734703092,-0.14214012975290763,37.26061584735363,,,-86.6494965,36.039708700000006,,,0.0,0.0,0.0,0.0,10558.90232438515,-10484.60232438515,358.03681128412774,West,True
5473,1619473458.4,93.33597450288192,-0.18740967898476088,37.0,,,-86.6494728,36.0396948,,,0.0,0.0,0.0,0.0,10561.534782101266,-10487.234782101266,357.9887673945766,West,True
5474,1619473458.5,93.36652678669448,-0.23854135217649514,37.0,,,-86.6494495,36.0396808,,,0.0,0.0,0.0,0.0,10564.14482902501,-10489.84482902501,358.0377573898042,West,True
5475,1619473458.6,93.27923184268371,-0.2950767179209701,36.759852119877294,,,-86.64942629999999,36.0396672,,,0.0,0.0,0.0,0.0,10566.721309573533,-10492.421309573534,358.00309400902967,West,True
5476,1619473458.7,93.22845770366352,-0.3562981881354324,36.259968917524176,,,-86.649403,36.0396533,,,0.0,0.0,0.0,0.0,10569.324740306189,-10495.02474030619,357.9625137150572,West,True
5477,1619473458.8,93.09175351561042,-0.4212310310364605,36.0,,,-86.64938000000001,36.0396393,,,0.0,0.0,0.0,0.0,10571.913187164608,-10497.613187164608,357.9800496798855,West,True
5478,1619473458.9,92.9881755565652,-0.4887162501342762,36.0,,,-86.64935679999999,36.0396253,,,0.0,0.0,0.0,0.0,10574.516023814478,-10500.216023814479,357.98869789988987,West,True
5479,1619473459.0,92.78520787565904,-0.5574437066477262,35.7587023631789,,,-86.6493335,36.0396113,,,0.0,0.0,0.0,0.0,10577.126072222336,-10502.826072222337,358.0376895865555,West,True
5480,1619473459.1,92.6429411435657,-0.6260537696167752,35.259740306089064,,,-86.6493103,36.0395977,,,0.0,0.0,0.0,0.0,10579.702554259931,-10505.402554259932,357.9320825362122,West,True
5481,1619473459.2,92.47801053802256,-0.6931810912306331,35.0,,,-86.6492878,36.0395838,,,0.0,0.0,0.0,0.0,10582.248461994399,-10507.9484619944,357.9856081515897,West,True
5482,1619473459.3,92.2271694606381,-0.7575566002931106,35.0,,,-86.6492652,36.03957020000001,,,0.0,0.0,0.0,0.0,10584.781464717018,-10510.481464717019,357.93552518274186,West,True
5483,1619473459.4,91.93417937524804,-0.8180347655979294,34.76171045390134,,,-86.6492425,36.03955620000001,,,0.0,0.0,0.0,0.0,10587.348414014003,-10513.048414014003,357.97996694943504,West,True
5484,1619473459.5,91.78,-0.8736673487715355,34.26098759743043,,,-86.6492193,36.0395422,,,0.0,0.0,0.0,0.0,10589.951252427523,-10515.651252427524,357.917162036442,West,True
5485,1619473459.6,91.5436089975315,-0.9236953014683092,34.0,,,-86.6491968,36.0395282,,,0.0,0.0,0.0,0.0,10592.503927180947,-10518.203927180948,357.92635611407985,West,True
5486,1619473459.7,91.3604488616094,-0.9675800282384421,34.0,,,-86.6491742,36.039514200000006,,,0.0,0.0,0.0,0.0,10595.063733940282,-10520.763733940283,358.0483946442239,West,True
5487,1619473459.8,91.17037477570804,-1.0049598745999704,33.758555210034814,,,-86.64915069999999,36.0395005,,,0.0,0.0,0.0,0.0,10597.668592471153,-10523.368592471154,357.9796579696985,West,True
5488,1619473459.9,90.863266867481,-1.0356449948265785,33.25920643462277,,,-86.649128,36.0394868,,,0.0,0.0,0.0,0.0,10600.2154510494,-10525.9154510494,357.9738278616182,West,True
5489,1619473460.0,90.6248403829705,-1.0595565819505797,33.0,,,-86.64910520000001,36.039473,,,0.0,0.0,0.0,0.0,10602.776168945673,-10528.476168945674,358.0483545339728,West,True
5490,1619473460.1,90.36150790433724,-1.0767062103005562,33.0,,,-86.64908170000001,36.0394593,,,0.0,0.0,0.0,0.0,10605.381028372247,-10531.081028372248,358.1024567207358,West,True
5491,1619473460.2,90.16043358481734,-1.0871434963588062,33.0,,,-86.649057,36.0394453,,,0.0,0.0,0.0,0.0,10608.093157816651,-10533.793157816652,357.9741624949327,West,True
5492,1619473460.3,89.96565509789676,-1.0909428006107202,33.0,,,-86.6490337,36.0394312,,,0.0,0.0,0.0,0.0,10610.709857355278,-10536.409857355278,358.0928267775305,West,True
5493,1619473460.4,89.75111685315701,-1.0881788172020799,32.75914289282592,,,-86.6490093,36.0394173,,,0.0,0.0,0.0,0.0,10613.39352447282,-10539.09352447282,358.0023727378723,West,True
5494,1619473460.5,89.5047849234733,-1.078933416334812,32.26025798854574,,,-86.648985,36.0394028,,,0.0,0.0,0.0,0.0,10616.108922694057,-10541.808922694057,358.03070015844816,West,True
5495,1619473460.6,89.26159961792418,-1.0633032732977554,32.0,,,-86.6489612,36.0393888,,,0.0,0.0,0.0,0.0,10618.75519677701,-10544.455196777011,358.1052134570874,West,True
5496,1619473460.7,89.00592581857622,-1.0414241938677906,32.0,,,-86.6489377,36.0393755,,,0.0,0.0,0.0,0.0,10621.33429886671,-10547.03429886671,358.0505995674356,West,True
5497,1619473460.8,88.77885094875377,-1.0134988915003071,32.0,,,-86.648914,36.0393617,,,0.0,0.0,0.0,0.0,10623.960250675722,-10549.660250675723,357.76289416985685,West,True
5498,1619473460.9,88.52222848000001,-0.9798238746219501,32.0,,,-86.6488935,36.039348,,,0.0,0.0,0.0,0.0,10626.351517170133,-10552.051517170134,357.68725159299095,West,True
5499,1619473461.0,88.31855132628856,-0.9408167436761817,32.0,,,-86.6488715,36.0393328,,,0.0,0.0,0.0,0.0,10628.953350109427,-10554.653350109427,357.77341604655953,West,True
5500,1619473461.1,88.06558175671992,-0.8970275366762577,32.0,,,-86.6488497,36.0393183,,,0.0,0.0,0.0,0.0,10631.491393072727,-10557.191393072728,357.89045998709173,West,True
5501,1619473461.2,87.9863117891817,-0.8491469827606164,32.0,,,-86.64882779999999,36.0393045,,,0.0,0.0,0.0,0.0,10633.987801616435,-10559.687801616436,357.86825619603127,West,True
5502,1619473461.3,87.79857146738885,-0.797990860210967,32.0,,,-86.64880550000001,36.0392903,,,0.0,0.0,0.0,0.0,10636.539951864195,-10562.239951864196,357.82399785965583,West,True
5503,1619473461.4,87.61437474445525,-0.7444814544582755,32.0,,,-86.6487835,36.039276,,,0.0,0.0,0.0,0.0,10639.077917163666,-10564.777917163667,357.858634481394,West,True
5504,1619473461.5,87.51868062595616,-0.689605758979579,32.0,,,-86.6487613,36.0392618,,,0.0,0.0,0.0,0.0,10641.623010057283,-10567.323010057284,357.8347087108667,West,True
5505,1619473461.6,87.386323781712,-0.6343759315955964,31.76007771977518,,,-86.6487395,36.0392477,,,0.0,0.0,0.0,0.0,10644.133034213957,-10569.833034213958,357.8093134218084,West,True
5506,1619473461.7,87.28997131604918,-0.5797736432166494,31.26041366362252,,,-86.6487178,36.0392335,,,0.0,0.0,0.0,0.0,10646.64302347909,-10572.34302347909,357.8611040250192,West,True
5507,1619473461.8,87.23145546494145,-0.5267052311188354,31.0,,,-86.6486962,36.0392197,,,0.0,0.0,0.0,0.0,10649.118212625885,-10574.818212625885,357.77846073865595,West,True
5508,1619473461.9,87.15,-0.47595017192678957,31.0,,,-86.6486745,36.0392053,,,0.0,0.0,0.0,0.0,10651.642251589881,-10577.342251589882,357.82002422952274,West,True
5509,1619473462.0,87.16629988549725,-0.42812926498434506,31.0,,,-86.648653,36.03919129999999,,,0.0,0.0,0.0,0.0,10654.12428007538,-10579.824280075381,357.79667614119643,West,True
5510,1619473462.1,87.12697131743191,-0.38367343995707726,31.0,,,-86.6486315,36.03917715,,,0.0,0.0,0.0,0.0,10656.616803904624,-10582.316803904625,357.7966620355984,West,True
5511,1619473462.2,87.08764274936657,-0.342818495355527,31.0,,,-86.64860999999999,36.039163,,,0.0,0.0,0.0,0.0,10659.109328003775,-10584.809328003776,357.7995328723206,West,True
5512,1619473462.3,87.05433826380809,-0.305602522013513,31.0,,,-86.6485887,36.039149,,,0.0,0.0,0.0,0.0,10661.57737703323,-10587.277377033231,357.75759806899293,West,True
5513,1619473462.4,87.0295306469461,-0.2718906792176963,31.0,,,-86.6485675,36.0391348,,,0.0,0.0,0.0,0.0,10664.052582656046,-10589.752582656047,357.820688779543,West,True
5514,1619473462.5,86.97071037159655,-0.24139841396928552,31.0,,,-86.64854629999999,36.039121,,,0.0,0.0,0.0,0.0,10666.499655167105,-10592.199655167105,357.7786541637938,West,True
5515,1619473462.6,86.87570620952938,-0.21373820782826058,31.0,,,-86.6485252,36.039107,,,0.0,0.0,0.0,0.0,10668.953776846714,-10594.653776846715,357.7417801041871,West,True
5516,1619473462.7,86.87,-0.1884557586431011,31.0,,,-86.648504,36.039092700000005,,,0.0,0.0,0.0,0.0,10671.43609129841,-10597.136091298411,357.783985438988,West,True
5517,1619473462.8,86.7844877798917,-0.1650824729578804,31.0,,,-86.648483,36.03907879999999,,,0.0,0.0,0.0,0.0,10673.876210872051,-10599.576210872052,357.78908005311575,West,True
5518,1619473462.9,86.74137274238025,-0.14316766190394153,31.0,,,-86.6484618,36.0390648,,,0.0,0.0,0.0,0.0,10676.3372908419,-10602.037290841901,357.76803091401166,West,True
5519,1619473463.0,86.72825383841518,-0.12232018805784958,31.0,,,-86.64844079999999,36.0390508,,,0.0,0.0,0.0,0.0,10678.784469318132,-10604.484469318133,357.78920227287864,West,True
5520,1619473463.1,86.7641269192076,-0.10222420353442377,31.0,,,-86.64841974999999,36.0390369,,,0.0,0.0,0.0,0.0,10681.228070155119,-10606.92807015512,357.7891884136226,West,True
5521,1619473463.2,86.8,-0.0826612626566014,31.0,,,-86.6483987,36.039023,,,0.0,0.0,0.0,0.0,10683.67167124988,-10609.37167124988,357.76798898261285,West,True
5522,1619473463.3,86.7353641869712,-0.06350759415838265,31.0,,,-86.6483777,36.039009,,,0.0,0.0,0.0,0.0,10686.118850498457,-10611.818850498457,357.78931288847446,West,True
5523,1619473463.4,86.72665194282841,-0.04473881357756758,31.0,,,-86.6483568,36.0389952,,,0.0,0.0,0.0,0.0,10688.544972451526,-10614.244972451526,357.7304418769838,West,True
5524,1619473463.5,86.72723292513632,-0.026415782789496974,31.0,,,-86.648336,36.0389811,,,0.0,0.0,0.0,0.0,10690.985432598301,-10616.685432598302,357.73042782419907,West,True
5525,1619473463.6,86.72781390744424,-0.008679932405083173,31.0,,,-86.6483152,36.038967,,,0.0,0.0,0.0,0.0,10693.425893001697,-10619.125893001697,357.68714801899233,West,True
5526,1619473463.7,86.77990156700798,0.008264015452687665,31.0,,,-86.64829449999999,36.0389527,,,0.0,0.0,0.0,0.0,10695.873856778593,-10621.573856778594,357.71432033750466,West,True
5527,1619473463.8,86.7248010732878,0.024156647815805576,30.76142872143416,,,-86.6482737,36.0389385,,,0.0,0.0,0.0,0.0,10698.321476133315,-10624.021476133315,357.76790611855427,West,True
5528,1619473463.9,86.7227188207569,0.03870191456649155,30.260952624143265,,,-86.648253,36.0389247,,,0.0,0.0,0.0,0.0,10700.73369721758,-10626.43369721758,357.6821338996137,West,True
5529,1619473464.0,86.7268323670005,0.0515805770204424,30.0,,,-86.64823220000001,36.0389103,,,0.0,0.0,0.0,0.0,10703.195722169856,-10628.895722169857,357.70920014349855,West,True
5530,1619473464.1,86.75277071815208,0.06247218383700125,30.0,,,-86.6482113,36.038896,,,0.0,0.0,0.0,0.0,10705.65738729528,-10631.35738729528,357.6920961306057,West,True
5531,1619473464.2,86.83515122528925,0.07107627512807048,30.0,,,-86.6481907,36.0388818,,,0.0,0.0,0.0,0.0,10708.091294721042,-10633.791294721043,357.6318949574207,West,True
5532,1619473464.3,86.864194388615,0.07713966876339615,30.0,,,-86.64817020000001,36.03886729999999,,,0.0,0.0,0.0,0.0,10710.540199733512,-10636.240199733513,357.65307215713466,West,True
5533,1619473464.4,86.99868757604435,0.08048258817317169,30.0,,,-86.6481498,36.038853,,,0.0,0.0,0.0,0.0,10712.967719594897,-10638.667719594898,357.648179686043,West,True
5534,1619473464.5,87.00561421941072,0.08102478394229116,30.0,,,-86.6481293,36.038838600000005,,,0.0,0.0,0.0,0.0,10715.409318534485,-10641.109318534485,357.6481653313053,West,True
5535,1619473464.6,87.0125408627771,0.07880573102551985,30.0,,,-86.6481088,36.0388242,,,0.0,0.0,0.0,0.0,10717.85091772808,-10643.55091772808,357.61676958754765,West,True
5536,1619473464.7,87.06399450895631,0.07399740160874524,30.0,,,-86.6480885,36.03880975,,,0.0,0.0,0.0,0.0,10720.282640004027,-10645.982640004027,357.61675518879696,West,True
5537,1619473464.8,87.11544815513551,0.06690612948424393,30.0,,,-86.6480682,36.0387953,,,0.0,0.0,0.0,0.0,10722.714362531371,-10648.414362531372,357.61437285286434,West,True
5538,1619473464.9,87.09910370044904,0.05796316843612389,30.0,,,-86.64804785,36.0387808,,,0.0,0.0,0.0,0.0,10725.153133724447,-10650.853133724448,357.6143584017991,West,True
5539,1619473465.0,87.08275924576256,0.047703754213900655,30.0,,,-86.6480275,36.03876629999999,,,0.0,0.0,0.0,0.0,10727.591905170822,-10653.291905170823,357.5800942966768,West,True
5540,1619473465.1,87.09,0.03673732361946924,30.0,,,-86.6480073,36.038751700000006,,,0.0,0.0,0.0,0.0,10730.027970239882,-10655.727970239883,357.60846042403654,West,True
5541,1619473465.2,87.02519721494775,0.025710907652925205,30.0,,,-86.647987,36.0387372,,,0.0,0.0,0.0,0.0,10732.463370968011,-10658.163370968012,357.53040138011715,West,True
5542,1619473465.3,87.05507426527846,0.015270704758494104,30.0,,,-86.64796679999999,36.0387223,,,0.0,0.0,0.0,0.0,10734.921793152744,-10660.621793152744,357.5680255169553,West,True
5543,1619473465.4,87.0221141505943,0.006023517206263406,29.761661547210704,,,-86.6479467,36.0387077,,,0.0,0.0,0.0,0.0,10737.351162571551,-10663.051162571552,357.5545541175551,West,True
5544,1619473465.5,87.04161041027389,-0.001496523950671584,29.260552232190328,,,-86.6479263,36.03869279999999,,,0.0,0.0,0.0,0.0,10739.822900642117,-10665.522900642118,357.53692081947486,West,True
5545,1619473465.6,87.0129010899665,-0.006856593983899379,29.130276116095164,,,-86.64790625,36.03867805,,,0.0,0.0,0.0,0.0,10742.26012083334,-10667.96012083334,357.5369061212969,West,True
5546,1619473465.7,86.9841917696591,-0.009744549520259025,29.0,,,-86.6478862,36.0386633,,,0.0,0.0,0.0,0.0,10744.697341275809,-10670.39734127581,357.55582179812563,West,True
5547,1619473465.8,86.93032190381537,-0.009982146685034584,29.0,,,-86.6478662,36.0386487,,,0.0,0.0,0.0,0.0,10747.120030149928,-10672.82003014993,357.52635934931305,West,True
5548,1619473465.9,86.89993098404777,-0.007528286852363136,29.0,,,-86.6478461,36.03863385,,,0.0,0.0,0.0,0.0,10749.568064900657,-10675.268064900658,357.52634455248284,West,True
5549,1619473466.0,86.86954006428017,-0.0024766060325537055,29.0,,,-86.647826,36.038619,,,0.0,0.0,0.0,0.0,10752.016099902456,-10677.716099902456,357.526329756565,West,True
5550,1619473466.1,86.87754507563534,0.004955837964062897,29.0,,,-86.6478059,36.03860415,,,0.0,0.0,0.0,0.0,10754.464135155855,-10680.164135155856,357.5263149594918,West,True
5551,1619473466.2,86.8855500869905,0.01444444087917611,29.0,,,-86.6477858,36.0385893,,,0.0,0.0,0.0,0.0,10756.912170660857,-10682.612170660857,357.4888675564295,West,True
5552,1619473466.3,86.84640685778835,0.02557970817196541,29.0,,,-86.64776579999999,36.03857429999999,,,0.0465825566093697,0.0,0.0,0.0,10759.364887710835,-10685.064887710836,357.5222925684782,West,True
5553,1619473466.4,86.80110980958094,0.037892815501444736,29.0,,,-86.6477458,36.0385595,,,0.2253218262274738,0.0,0.0,0.0,10761.8025363412,-10687.5025363412,357.48883766679853,West,True
5554,1619473466.5,86.8931697921404,0.05088442650472596,29.0,,,-86.64772579999999,36.0385445,,,0.4040606696985606,0.0,0.0,0.0,10764.255253889574,-10689.955253889575,357.46349040548677,West,True
5555,1619473466.6,86.93084109072953,0.06405367355182842,29.0,,,-86.647706,36.0385295,,,0.5827995131696474,0.0,0.0,0.0,10766.694817558517,-10692.394817558517,357.4972524959965,West,True
5556,1619473466.7,86.99197937319242,0.07692559141011845,29.0,,,-86.64768620000001,36.03851470000001,,,0.7615387827877516,0.0,0.0,0.0,10769.119231053688,-10694.819231053689,357.4887931263414,West,True
5557,1619473466.8,87.00674708246575,0.08907547849248124,29.0,,,-86.6476662,36.0384997,,,0.9402776262588384,0.0,0.0,0.0,10771.571949352672,-10697.271949352673,357.5095745168949,West,True
5558,1619473466.9,87.05643558983948,0.10014720252416268,29.0,,,-86.6476461,36.03848475,,,0.9701388131294192,0.0,0.0,0.0,10774.027500645505,-10699.727500645506,357.509559619549,West,True
5559,1619473467.0,87.1061240972132,0.109866475244492,29.0,,,-86.647626,36.0384698,,,1.0,0.0,0.0,0.0,10776.483052190859,-10702.18305219086,357.4908648195241,West,True
5560,1619473467.1,87.15806204860661,0.11804583636578753,29.0,,,-86.64760625,36.038455,,,1.0,0.0,0.0,0.0,10778.904167266799,-10704.6041672668,357.49085007042567,West,True
5561,1619473467.2,87.21000000000001,0.12458524654373013,29.0,,,-86.6475865,36.0384402,,,1.0,0.0,0.0,0.0,10781.325282586593,-10707.025282586594,357.4400408707228,West,True
5562,1619473467.3,87.25308070084745,0.1294649685201661,29.0,,,-86.64756675000001,36.0384251,,,1.0,0.0,0.0,0.0,10783.769195118539,-10709.46919511854,357.4400258272568,West,True
5563,1619473467.4,87.29616140169489,0.1327368851220182,29.0,,,-86.647547,36.03841,,,1.0,0.0,0.0,0.0,10786.213107898835,-10711.913107898836,357.4504961048681,West,True
5564,1619473467.5,87.32081323920418,0.13451016775229113,29.0,,,-86.6475273,36.038395,,,1.0,0.0,0.0,0.0,10788.64611988113,-10714.346119881131,357.45692711376887,West,True
5565,1619473467.6,87.35534855897775,0.13493880484165813,29.0,,,-86.64750755,36.038380000000004,,,1.0,0.0,0.0,0.0,10791.08240711813,-10716.782407118131,357.45691216947864,West,True
5566,1619473467.7,87.38988387875132,0.13420517614023075,29.0,,,-86.64748780000001,36.038365,,,1.0,0.0,0.0,0.0,10793.518694602224,-10719.218694602225,357.4033399297973,West,True
5567,1619473467.8,87.46270164562156,0.132508304741552,29.0,,,-86.6474682,36.0383498,,,1.0,0.0,0.0,0.0,10795.960509209368,-10721.660509209369,357.42561440671824,West,True
5568,1619473467.9,87.46273895039297,0.13004860049423272,29.0,,,-86.64744830000001,36.0383345,,,1.0,0.0,0.0,0.0,10798.42951191112,-10724.12951191112,357.3900114980396,West,True
5569,1619473468.0,87.52992106740048,0.12701944281103866,29.0,,,-86.6474288,36.0383193,,,1.0,0.0,0.0,0.0,10800.864845540667,-10726.564845540668,357.43793252835945,West,True
5570,1619473468.1,87.55845569890849,0.12359467791783499,29.0,,,-86.64740900000001,36.03830415,,,1.0,0.0,0.0,0.0,10803.315846688674,-10729.015846688675,357.4379174356489,West,True
5571,1619473468.2,87.58699033041651,0.11992492495183751,29.0,,,-86.6473892,36.038289,,,1.0,0.0,0.0,0.0,10805.76684808693,-10731.466848086931,357.3994532426954,West,True
5572,1619473468.3,87.66,0.11612863353749381,29.0,,,-86.6473695,36.038273700000005,,,1.0,0.0,0.0,0.0,10808.222850642274,-10733.922850642275,357.4294428315494,West,True
5573,1619473468.4,87.65544760042724,0.11229375172013405,29.0,,,-86.64734969999999,36.038258500000005,,,1.0,0.0,0.0,0.0,10810.677677143123,-10736.377677143124,357.33849384169315,West,True
5574,1619473468.5,87.70840029845178,0.10847239841203297,29.0,,,-86.6473302,36.038243,,,1.0,0.0,0.0,0.0,10813.136280637045,-10738.836280637046,357.3994075902018,West,True
5575,1619473468.6,87.72684155299056,0.10468721923376717,29.0,,,-86.6473105,36.0382277,,,1.0,0.0,0.0,0.0,10815.592283938246,-10741.292283938246,357.35560956028354,West,True
5576,1619473468.7,87.73172170275151,0.10092819914307212,29.0,,,-86.64729100000001,36.0382123,,,1.0,0.0,0.0,0.0,10818.043105803965,-10743.743105803966,357.3993772619401,West,True
5577,1619473468.8,87.75338280652973,0.0971609866750942,29.0,,,-86.6472713,36.038197,,,1.0,0.0,0.0,0.0,10820.499109604114,-10746.199109604115,357.3787016443791,West,True
5578,1619473468.9,87.82296602702174,0.09332249378200985,29.0,,,-86.6472515,36.0381815,,,1.0,0.0,0.2079211677811102,0.0,10822.977022969193,-10748.677022969194,357.33841609037466,West,True
5579,1619473469.0,87.86781938407816,0.08932678507931562,29.0,,,-86.64723199999999,36.038166,,,1.0,0.0,0.5199926489134454,0.0,10825.435627686622,-10751.135627686623,357.37867099612555,West,True
5580,1619473469.1,87.92,0.08505534509926223,29.0,,,-86.6472122,36.0381505,,,1.0,0.0,0.8320641300457806,0.0,10827.913541554302,-10753.613541554303,357.3383849691069,West,True
5581,1619473469.2,87.86682607018896,0.08035650292993857,29.0,,,-86.6471927,36.038135,,,0.951874985560409,0.0,1.0,0.0,10830.372146763033,-10756.072146763034,357.3383695302043,West,True
5582,1619473469.3,87.944610791584,0.07502820750163915,29.0,,,-86.64717320000001,36.0381195,,,0.8476788962860999,0.0,1.0,0.0,10832.830752217316,-10758.530752217317,357.33139063794516,West,True
5583,1619473469.4,87.94110580153105,0.06881069073270131,29.0,,,-86.6471535,36.0381038,,,0.7434825585887184,0.0,1.0,0.0,10835.31777444104,-10761.017774441041,357.3126180600861,West,True
5584,1619473469.5,87.9303531570819,0.061364948336516845,28.880762645320956,,,-86.647134,36.03808815,,,0.6392864693144094,0.0,1.0,0.0,10837.788101438548,-10763.488101438548,357.31260246662777,West,True
5585,1619473469.6,87.91960051263273,0.0522651062149639,28.76152529064191,,,-86.6471145,36.0380725,,,0.5350903800401003,0.0,1.0,0.0,10840.258428682457,-10765.958428682457,357.2868672359735,West,True
5586,1619473469.7,87.8663576313475,0.04098294254028968,28.26176419072448,,,-86.647095,36.038056700000006,,,0.430894042342719,0.0,1.0,0.0,10842.740533950417,-10768.440533950417,357.2761020808523,West,True
5587,1619473469.8,87.8903953281997,0.02689306795453044,28.0,,,-86.6470757,36.038041,,,0.32669795306841,0.0,1.0,0.0,10845.202070595371,-10770.902070595372,357.2728716789737,West,True
5588,1619473469.9,87.86494132128126,0.009278209121874222,28.0,,,-86.6470563,36.03802520000001,,,0.2225016153710285,0.0,1.0,0.0,10847.677832979123,-10773.377832979124,357.252528507668,West,True
5589,1619473470.0,87.94218487002493,-0.012638689311680473,28.0,,,-86.6470368,36.0380092,,,0.1183055260967195,0.0,1.0,0.0,10850.175729552435,-10775.875729552436,357.22856338407155,West,True
5590,1619473470.1,87.95632705368811,-0.03965766754671867,28.0,,,-86.64701765,36.037993349999994,,,0.05915276304835975,0.0,0.5031830759857401,0.0,10852.639679963218,-10778.33967996322,357.22854760114564,West,True
5591,1619473470.2,87.9704692373513,-0.07253783457606823,28.0,,,-86.6469985,36.0379775,,,0.0,0.0,0.0063661519714803,0.0,10855.10363061562,-10780.803630615621,357.2240540489481,West,True
5592,1619473470.3,87.96801593844462,-0.11193282173099078,28.0,,,-86.6469792,36.0379615,,,0.0,0.0,0.1105429348280994,0.0,10857.588938106339,-10783.28893810634,357.2727933965619,West,True
5593,1619473470.4,87.94632370201138,-0.15830844137746528,28.0,,,-86.6469598,36.03794570000001,,,0.0,0.0,0.2147199660617609,0.0,10860.064701730806,-10785.764701730806,357.2240220946131,West,True
5594,1619473470.5,87.93,-0.21187411220843327,28.0,,,-86.6469405,36.0379297,,,0.0,0.0,0.3188967489183801,0.0,10862.550009712844,-10788.250009712845,357.2095707360841,West,True
5595,1619473470.6,87.92836977348017,-0.2725140258011532,28.0,,,-86.6469213,36.0379137,,,0.0,0.0,0.4230735317749992,0.0,10865.029047963508,-10790.729047963508,357.18934548618097,West,True
5596,1619473470.7,87.89645753718418,-0.3397520987798054,28.0,,,-86.646902,36.0378975,,,0.0,0.0,0.5272505630086607,0.0,10867.53032451426,-10793.230324514261,357.2095387817966,West,True
5597,1619473470.8,87.93786286533111,-0.4127347989795572,28.0,,,-86.6468828,36.0378815,,,0.0,0.0,0.6314273458652798,0.0,10870.009363256493,-10795.709363256494,357.19493637697923,West,True
5598,1619473470.9,87.89,-0.4902633598062291,28.0,,,-86.6468637,36.0378655,,,0.0,0.0,0.7356043770989412,0.0,10872.48214905742,-10798.18214905742,357.0498947054705,West,True
5599,1619473471.0,87.8572713790952,-0.5708519537637403,27.760790108744228,,,-86.6468452,36.0378492,,,0.0,0.0,0.8397811599555604,0.0,10874.942248337806,-10800.642248337806,357.1774014298678,West,True
5600,1619473471.1,87.64400053168505,-0.652836049619868,27.380395054372116,,,-86.6468261,36.0378331,,,0.0,0.0,0.9198905799777801,0.0,10877.423046895017,-10803.123046895018,357.17738539329883,West,True
5601,1619473471.2,87.43072968427491,-0.7344970252293461,27.0,,,-86.646807,36.037817,,,0.0,0.0,1.0,0.0,10879.903845695857,-10805.603845695858,357.1146210675148,West,True
5602,1619473471.3,87.12066441694115,-0.8142183887099174,27.0,,,-86.6467882,36.0378008,,,0.0,0.0,1.0,0.0,10882.374144586303,-10808.074144586304,357.16252184510824,West,True
5603,1619473471.4,86.90125198948984,-0.8906311681740474,27.0,,,-86.64676920000001,36.0377847,,,0.0,0.0,1.0,0.0,10884.848727795303,-10810.548727795303,357.1097220822122,West,True
5604,1619473471.5,86.6446752933761,-0.9627580099769222,27.0,,,-86.6467502,36.0377683,,,0.0,0.0,1.0,0.0,10887.347550579672,-10813.047550579673,357.1800855304085,West,True
5605,1619473471.6,86.30286488794816,-1.03011200274159,26.762822767888554,,,-86.6467312,36.0377523,,,0.0,0.0,1.0,0.0,10889.814101820833,-10815.514101820834,357.11210984324964,West,True
5606,1619473471.7,86.07875415819188,-1.0927607905605474,26.26264687258144,,,-86.6467123,36.037736,,,0.0,0.0,1.0,0.0,10892.298663153375,-10817.998663153376,357.08356681161143,West,True
5607,1619473471.8,85.76401021475033,-1.151319886878711,26.0,,,-86.6466937,36.0377198,,,0.0,0.0,1.0,0.0,10894.756692480201,-10820.456692480202,357.1120776413685,West,True
5608,1619473471.9,85.4659291684714,-1.2068943810196275,26.0,,,-86.6466748,36.0377035,,,0.0,0.0,1.0,0.0,10897.241254292438,-10822.941254292438,357.11450763376973,West,True
5609,1619473472.0,85.2504539704849,-1.2609485052378715,26.0,,,-86.64665600000001,36.0376873,,,0.0,0.0,1.0,0.0,10899.71155485002,-10825.411554850021,357.127219414928,West,True
5610,1619473472.1,85.01129750591134,-1.3151351403691565,26.0,,,-86.646637,36.037671,,,0.0,0.0,1.0,0.0,10902.20227587488,-10827.902275874882,357.08119486001834,West,True
5611,1619473472.2,84.83355390540963,-1.3710817957210586,26.0,,,-86.6466183,36.0376547,,,0.0,0.0,0.8714016473452154,0.0,10904.674573018518,-10830.374573018518,357.06111604152085,West,True
5612,1619473472.3,84.59578857614544,-1.4301755565148273,26.0,,,-86.6465995,36.0376382,,,0.0,0.0,0.5936455757562915,0.0,10907.16930392541,-10832.86930392541,357.0990386091273,West,True
5613,1619473472.4,84.34458837101566,-1.4933537442755058,25.764150932115943,,,-86.6465808,36.037622,,,0.0,0.0,0.3158888419446567,0.0,10909.633461287334,-10835.333461287335,357.03572537247976,West,True
5614,1619473472.5,84.11574810191439,-1.5609437075631154,25.262634173638656,,,-86.6465625,36.0376058,,,0.0,0.0,0.0381327703557328,0.0,10912.073218907024,-10837.773218907025,357.1561867102386,West,True
5615,1619473472.6,83.80652823403989,-1.6325555747519234,25.13131708681933,,,-86.6465436,36.03758975,,,0.0,0.0,0.0190663851778664,0.0,10914.537576709803,-10840.237576709804,357.15617072716117,West,True
5616,1619473472.7,83.49730836616537,-1.7070600338641202,25.0,,,-86.6465247,36.0375737,,,0.0,0.0,0.0,0.0,10917.00193475142,-10842.701934751422,356.9972597258042,West,True
5617,1619473472.8,82.99403401856357,-1.7826392274074467,25.0,,,-86.6465063,36.0375572,,,0.0,0.0,0.0,0.0,10919.472437903187,-10845.172437903188,357.03989836683706,West,True
5618,1619473472.9,82.50137777148119,-1.85692369718991,25.0,,,-86.6464882,36.0375412,,,0.0,0.0,0.0,0.0,10921.883648781934,-10847.583648781934,357.0801405287415,West,True
5619,1619473473.0,81.98034773941302,-1.9271828828876492,24.631236686997447,,,-86.64646984999999,36.037525200000005,,,0.0,0.0,0.0,0.0,10924.310088993496,-10850.010088993497,357.08012459752257,West,True
5620,1619473473.1,81.45931770734485,-1.9905654205698675,24.26247337399489,,,-86.6464515,36.0375092,,,0.0,0.0,0.0,0.0,10926.736529432714,-10852.436529432714,357.01617253143814,West,True
5621,1619473473.2,80.92946525698105,-2.044342823099442,24.131236686997447,,,-86.6464336,36.03749325,,,0.0,0.0,0.0,0.0,10929.131519668548,-10854.831519668549,357.01615665208897,West,True
5622,1619473473.3,80.39961280661723,-2.0861482331927226,24.0,,,-86.6464157,36.0374773,,,0.0,0.0,0.0,0.0,10931.526510122003,-10857.226510122004,357.1606778297491,West,True
5623,1619473473.4,79.86360337679028,-2.11416425720652,24.0,,,-86.6463973,36.0374617,,,0.0,0.0,0.0,0.0,10933.923630796082,-10859.623630796083,357.0508210217437,West,True
5624,1619473473.5,79.36558938141404,-2.127261585929198,24.0,,,-86.6463797,36.037446200000005,,,0.0,0.0,0.0,0.0,10936.263479439138,-10861.963479439139,357.04194168130346,West,True
5625,1619473473.6,78.9270246598788,-2.1250559994371923,24.0,,,-86.64636170000001,36.0374303,,,0.0,0.0,0.0,0.0,10938.660418498723,-10864.360418498723,357.0474189929039,West,True
5626,1619473473.7,78.48815235525629,-2.1079033993398655,24.0,,,-86.64634395000002,36.03741465,,,0.0,0.0,0.0,0.0,10941.021675772758,-10866.721675772758,357.0474034109396,West,True
5627,1619473473.8,78.0492800506338,-2.0768184770637843,24.0,,,-86.6463262,36.037399,,,0.0,0.0,0.0,0.0,10943.382933262614,-10869.082933262614,357.0317652291451,West,True
5628,1619473473.9,77.79271168091293,-2.033351494332212,24.0,,,-86.6463086,36.037383399999996,,,0.0,0.0,0.0,0.0,10945.730985365095,-10871.430985365096,357.031749696753,West,True
5629,1619473474.0,77.53614331119206,-1.9794215003659326,24.0,,,-86.646291,36.0373678,,,0.0,0.0,0.0,0.0,10948.079037677408,-10873.779037677408,357.0649190628566,West,True
5630,1619473474.1,77.24142889552454,-1.9171442491362067,23.881191422461242,,,-86.6462736,36.037352549999994,,,0.0,0.0,0.0,0.0,10950.38625523281,-10876.08625523281,357.064903877116,West,True
5631,1619473474.2,76.94671447985702,-1.8486563120586093,23.76238284492248,,,-86.64625620000001,36.0373373,,,0.0,0.0,0.0,0.0,10952.693472992207,-10878.393472992208,357.0330367799966,West,True
5632,1619473474.3,76.71815852681517,-1.7759659033312065,23.381191422461242,,,-86.6462391,36.037322149999994,,,0.0,0.0,0.0,0.0,10954.974259848495,-10880.674259848496,357.0330216943277,West,True
5633,1619473474.4,76.48960257377333,-1.7008282742139462,23.0,,,-86.646222,36.037307,,,0.0,0.0,0.0,0.0,10957.255046903601,-10882.955046903602,357.0474085454214,West,True
5634,1619473474.5,76.26146148339953,-1.6246624007262147,23.0,,,-86.6462051,36.0372921,,,0.0,0.0,0.0,0.0,10959.50318532085,-10885.20318532085,357.04739371395243,West,True
5635,1619473474.6,76.03332039302572,-1.5485024593616168,23.0,,,-86.6461882,36.037277200000005,,,0.0,0.0,0.0,0.0,10961.751323933293,-10887.451323933294,357.0473788764904,West,True
5636,1619473474.7,75.80439282251156,-1.4729873673019545,23.0,,,-86.64617129999999,36.0372623,,,0.0,0.0,0.0,0.0,10963.99946274065,-10889.699462740651,357.03669459158556,West,True
5637,1619473474.8,75.54408687739553,-1.3983813194268975,23.0,,,-86.64615479999999,36.0372477,,,0.0,0.0,0.0,0.0,10966.198710463164,-10891.898710463165,357.0569409644971,West,True
5638,1619473474.9,75.31216498496114,-1.3246187126533424,23.0,,,-86.64613829999999,36.0372332,,,0.0,0.0,0.0,0.0,10968.389762998093,-10894.089762998094,357.05692652264787,West,True
5639,1619473475.0,75.08024309252676,-1.251370348311517,23.0,,,-86.6461218,36.0372187,,,0.0,0.0,0.0,0.0,10970.580815717702,-10896.280815717702,357.02086541571447,West,True
5640,1619473475.1,74.83301562361699,-1.1781176024492266,23.0,,,-86.6461055,36.037204200000005,,,0.0,0.0,0.0,0.0,10972.759731923074,-10898.459731923074,357.0208509805929,West,True
5641,1619473475.2,74.58578815470722,-1.1042380690382403,23.0,,,-86.6460892,36.037189700000006,,,0.0,0.0,0.0,0.0,10974.938648310543,-10900.638648310543,357.01504074598455,West,True
5642,1619473475.3,74.35754626426746,-1.0290841464612543,23.0,,,-86.6460731,36.03717535,,,0.0,0.0,0.0,0.0,10977.093127508242,-10902.793127508243,357.0150264596231,West,True
5643,1619473475.4,74.12930437382771,-0.9520653342739744,23.0,,,-86.646057,36.037161,,,0.0,0.0,0.0,0.0,10979.24760688174,-10904.94760688174,357.00463042636454,West,True
5644,1619473475.5,73.9486979468725,-0.872711113327404,23.0,,,-86.6460409,36.0371466,,,0.0,0.0,0.0,0.0,10981.406207315567,-10907.106207315568,357.0046160889623,West,True
5645,1619473475.6,73.7680915199173,-0.7907321811468777,23.0,,,-86.6460248,36.0371322,,,0.0,0.0,0.0,0.0,10983.564807926916,-10909.264807926917,357.0172547436684,West,True
5646,1619473475.7,73.67703340034623,-0.7060533278864369,23.0,,,-86.6460088,36.03711795,,,0.0,0.0,0.0,0.0,10985.705010983082,-10911.405010983082,357.01724055659514,West,True
5647,1619473475.8,73.58597528077516,-0.6188422552864019,23.0,,,-86.6459928,36.0371037,,,0.0,0.0,0.0,0.0,10987.845214214236,-10913.545214214237,357.02767344402906,West,True
5648,1619473475.9,73.46212393229625,-0.5295057627230019,23.0,,,-86.64597679999999,36.0370895,,,0.0,0.0,0.0,0.0,10989.981304659337,-10915.681304659338,356.990103666019,West,True
5649,1619473476.0,73.32340066925141,-0.43868322368466495,23.0,,,-86.645961,36.0370753,,,0.0,0.0,0.0,0.0,10992.10532512595,-10917.80532512595,357.019497935051,West,True
5650,1619473476.1,73.2627718539577,-0.34720880280533917,23.0,,,-86.6459451,36.03706115,,,0.0,0.0,0.0,0.0,10994.23125233792,-10919.931252337921,357.0194838508288,West,True
5651,1619473476.2,73.202143038664,-0.2560761005819805,23.0,,,-86.6459292,36.037047,,,0.0,0.0,0.0,0.0,10996.357179723496,-10922.057179723497,357.01351041730595,West,True
5652,1619473476.3,73.19203637115834,-0.16637805463101096,23.0,,,-86.6459135,36.037033,,,0.0,0.0,0.0,0.0,10998.458670343598,-10924.158670343599,357.0134964815652,West,True
5653,1619473476.4,73.18192970365266,-0.07925664936463107,23.0,,,-86.6458978,36.037019,,,0.0,0.0,0.0,0.0,11000.560161133137,-10926.260161133137,357.0253200765968,West,True
5654,1619473476.5,73.25218087862261,0.004162784238632269,23.0,,,-86.64588215,36.0370051,,,0.0,0.0,0.0,0.0,11002.650399075,-10928.350399075001,357.02530624034176,West,True
5655,1619473476.6,73.32243205359256,0.0828206592026605,23.0,,,-86.6458665,36.0369912,,,0.0,0.0,0.0,0.0,11004.740637184932,-10930.440637184933,357.03597367087536,West,True
5656,1619473476.7,73.45103885772583,0.15577871228362083,23.0,,,-86.64585085,36.03697735,,,0.0,0.0,0.0,0.0,11006.8267677103,-10932.5267677103,357.03595988172026,West,True
5657,1619473476.8,73.5796456618591,0.22225552778388935,23.0,,,-86.64583520000001,36.0369635,,,0.0,0.0,0.0,0.0,11008.912898402601,-10934.612898402602,357.0288827145798,West,True
5658,1619473476.9,73.70318028090475,0.28166245938261086,23.0,,,-86.6458197,36.03694975,,,0.0,0.0,0.0,0.0,11010.981724031353,-10936.681724031354,357.0288690289708,West,True
5659,1619473477.0,73.82671489995039,0.3336205343297364,23.0,,,-86.6458042,36.036936,,,0.0,0.0,0.0,0.0,11013.05054982403,-10938.750549824032,356.98023769676144,West,True
5660,1619473477.1,73.92269703575089,0.377974684159897,23.11841384533313,,,-86.64578895,36.03692225,,,0.0,0.0,0.0,0.0,11015.10429948209,-10940.80429948209,356.9802240058175,West,True
5661,1619473477.2,74.01867917155138,0.41479330781883456,23.23682769066626,,,-86.6457737,36.0369085,,,0.0,0.0,0.0,0.0,11017.15804929973,-10942.85804929973,357.0180436020803,West,True
5662,1619473477.3,74.1143560478908,0.4443632321457983,23.73627279135786,,,-86.6457582,36.036894700000005,,,0.0,0.0,0.0,0.0,11019.230987802159,-10944.93098780216,357.03959976700276,West,True
5663,1619473477.4,74.05309820093352,0.4671753180129229,24.0,,,-86.6457427,36.036881,,,0.0,0.0,0.0,0.0,11021.295708814288,-10946.99570881429,356.99868797162634,West,True
5664,1619473477.5,74.31186955127271,0.483902671039697,24.0,,,-86.64572729999999,36.0368672,,,0.0,0.0,0.0,0.0,11023.362612975607,-10949.062612975607,356.99001917843304,West,True
5665,1619473477.6,74.42097543784953,0.4953744430045468,24.0,,,-86.645712,36.03685345000001,,,0.0,0.0,0.0,0.0,11025.419367882383,-10951.119367882384,356.99000548963363,West,True
5666,1619473477.7,74.53008132442638,0.5025385536259225,24.0,,,-86.6456967,36.03683970000001,,,0.0,0.0,0.0,0.0,11027.47612295126,-10953.176122951261,357.026340562572,West,True
5667,1619473477.8,74.63111595581029,0.5064254109531191,24.0,,,-86.6456811,36.03682585,,,0.0,0.0,0.0,0.0,11029.559225301104,-10955.259225301104,357.0263267772935,West,True
5668,1619473477.9,74.73215058719418,0.5080980214323135,24.0,,,-86.6456655,36.036812,,,0.0,0.0,0.0,0.0,11031.642327816471,-10957.342327816472,356.98776451889904,West,True
5669,1619473478.0,74.82979768220696,0.5086106540125944,24.0,,,-86.64565010000001,36.036798149999996,,,0.0,0.0,0.0,0.0,11033.713363748559,-10959.41336374856,356.9877507370012,West,True
5670,1619473478.1,74.92744477721975,0.5089544057724659,24.0,,,-86.6456347,36.0367843,,,0.0,0.0,0.0,0.0,11035.784399843733,-10961.484399843734,357.0179203936067,West,True
5671,1619473478.2,75.06923924947733,0.5100209750617968,24.0,,,-86.6456192,36.0367705,,,0.0,0.0,0.0,0.0,11037.85733982392,-10963.557339823921,357.01790665827406,West,True
5672,1619473478.3,75.2110337217349,0.5125563350818126,24.0,,,-86.6456037,36.036756700000005,,,0.0,0.0,0.0,0.0,11039.930279968303,-10965.630279968304,357.01322144638345,West,True
5673,1619473478.4,75.31979139601351,0.5171415339307024,24.0,,,-86.645588,36.036742700000005,,,0.0,0.0,0.0,0.0,11042.031774084018,-10967.731774084019,356.99409649368755,West,True
5674,1619473478.5,75.45208497475488,0.5241660529063763,24.118093397068364,,,-86.64557239999999,36.036728700000005,,,0.0,0.0,0.0,0.0,11044.127238749237,-10969.827238749238,356.9940825550987,West,True
5675,1619473478.6,75.58437855349626,0.5338327238940529,24.236186794136728,,,-86.6455568,36.036714700000005,,,0.0,0.0,0.0,0.0,11046.222703580517,-10971.922703580518,357.01433649611687,West,True
5676,1619473478.7,75.67614226463334,0.5461549713804519,24.618093397068364,,,-86.64554115,36.03670075,,,0.0,0.0,0.0,0.0,11048.317059630226,-10974.017059630227,357.01432260636454,West,True
5677,1619473478.8,75.7679059757704,0.5609839253426552,25.0,,,-86.6455255,36.0366868,,,0.0,0.0,0.0,0.0,11050.411415847413,-10976.111415847414,357.0108605977019,West,True
5678,1619473478.9,75.8655508314079,0.5780247300176943,25.0,,,-86.6455097,36.0366727,,,0.0,0.0,0.0,0.0,11052.527188184433,-10978.227188184434,356.97259509615543,West,True
5679,1619473479.0,75.99581158689585,0.5968765871297704,25.0,,,-86.64549410000001,36.036658599999996,,,0.0,0.0,0.0,0.0,11054.630927563752,-10980.330927563753,356.9725810610162,West,True
5680,1619473479.1,76.12607234238381,0.6170582207640316,25.0,,,-86.64547850000001,36.0366445,,,0.0,0.0,0.0,0.0,11056.734667109931,-10982.434667109932,356.971539927722,West,True
5681,1619473479.2,76.26596346611512,0.6380497844719242,25.0,,,-86.64546285,36.03663035,,,0.0,0.0,0.0,0.0,11058.84554802366,-10984.545548023661,356.9715258375791,West,True
5682,1619473479.3,76.40585458984644,0.6593179700285465,25.0,,,-86.6454472,36.036616200000005,,,0.0,0.0,0.0,0.0,11060.956429105086,-10986.656429105087,356.97049118895205,West,True
5683,1619473479.4,76.56800809762238,0.6803513895613028,25.0,,,-86.6454315,36.036602,,,0.0,0.0,0.0,0.0,11063.074451615965,-10988.774451615966,356.97149762,West,True
5684,1619473479.5,76.69037752226417,0.700678918991299,25.0,,,-86.64541585,36.036587850000004,,,0.08288251121898445,0.0,0.0,0.0,11065.185333035084,-10990.885333035085,356.97148353756813,West,True
5685,1619473479.6,76.81274694690596,0.7198935762641814,25.0,,,-86.6454002,36.036573700000005,,,0.1657650224379689,0.0,0.0,0.0,11067.296214623604,-10992.996214623605,356.9664307546567,West,True
5686,1619473479.7,77.01196835737552,0.7376602744289484,25.0,,,-86.6453843,36.0365593,,,0.3580261004689283,0.0,0.0,0.0,11069.442803273289,-10995.14280327329,356.9694204520379,West,True
5687,1619473479.8,77.11252491438007,0.7537253533710955,25.0,,,-86.64536855,36.03654505,,,0.5502869493071503,0.0,0.0,0.0,11071.567967784655,-10997.267967784655,356.96940626385106,West,True
5688,1619473479.9,77.21308147138463,0.7679117741518721,25.0,,,-86.6453528,36.0365308,,,0.7425477981453723,0.0,0.0,0.0,11073.69313246678,-10999.393132466781,356.92606492671314,West,True
5689,1619473480.0,77.38672439004202,0.780113614057176,25.0,,,-86.645337,36.0365163,,,0.934808417790857,0.0,0.0,0.0,11075.84207367432,-11001.54207367432,356.9779158519984,West,True
5690,1619473480.1,77.49326400031093,0.7902798871294616,25.117494026950588,,,-86.64532115,36.036502,,,0.8808804962604558,0.0,0.0,0.0,11077.97737815206,-11003.67737815206,356.9779016175231,West,True
5691,1619473480.2,77.59980361057984,0.7983973159708797,25.23498805390118,,,-86.64530529999999,36.0364877,,,0.8269525747300547,0.0,0.0,0.0,11080.112682802783,-11005.812682802783,356.9558314507249,West,True
5692,1619473480.3,77.76932094608028,0.8044689229359296,25.617494026950588,,,-86.6452894,36.03647325,,,0.722764954270326,0.0,0.0,0.0,11082.263422864913,-11007.963422864914,356.95581706373787,West,True
5693,1619473480.4,77.93883828158074,0.8084931019101471,26.0,,,-86.6452735,36.0364588,,,0.6185773338105975,0.0,0.0,0.0,11084.414163101415,-11010.114163101416,356.92599248367634,West,True
5694,1619473480.5,78.0659153841016,0.8104468605925447,26.0,,,-86.6452577,36.0364443,,,0.5143898375521614,0.0,0.0,0.0,11086.563105167623,-11012.263105167624,356.98522771668576,West,True
5695,1619473480.6,78.22270498242634,0.8102706529135616,26.0,,,-86.6452417,36.0364299,,,0.41020221709243276,0.0,0.0,0.0,11088.715694518176,-11014.415694518177,356.98521337854186,West,True
5696,1619473480.7,78.37949458075106,0.8078646223929198,26.0,,,-86.6452257,36.0364155,,,0.3060145966327042,0.0,0.0,0.0,11090.868284045126,-11016.568284045126,356.90319256237444,West,True
5697,1619473480.8,78.58597839339893,0.8030841822095176,26.0,,,-86.6452098,36.0364008,,,0.2018271003742682,0.0,0.0,0.0,11093.039871365,-11018.739871365,356.9995438025272,West,True
5698,1619473480.9,78.75237370696732,0.795750492229476,26.0,,,-86.6451935,36.0363862,,,0.0976393557132471,0.0,0.0,0.0,11095.227038619872,-11020.927038619873,356.9259194011181,West,True
5699,1619473481.0,78.90702256960334,0.7856538831618797,26.0,,,-86.6451777,36.0363717,,,0.0,0.0,0.0,0.0,11097.375981552494,-11023.075981552494,356.9973886739642,West,True
5700,1619473481.1,79.03192701062908,0.7725721523451867,26.0,,,-86.6451613,36.036357,,,0.0,0.0,0.0,0.0,11099.577428313904,-11025.277428313904,356.9528514334468,West,True
5701,1619473481.2,79.1829416924684,0.7562740430640824,26.0,,,-86.64514525,36.0363424,,,0.0,0.0,0.0,0.0,11101.749596553975,-11027.449596553975,356.95283689965294,West,True
5702,1619473481.3,79.33395637430772,0.73653720112858,26.0,,,-86.6451292,36.0363278,,,0.0,0.0,0.0,0.0,11103.921764971798,-11029.621764971798,356.97695692854865,West,True
5703,1619473481.4,79.45093633201347,0.7131465434370403,26.0,,,-86.6451128,36.036313,,,0.0,0.0,0.0,0.0,11106.131481014452,-11031.831481014453,357.01549566428474,West,True
5704,1619473481.5,79.55751022436264,0.6859093977783541,26.0,,,-86.6450963,36.03629829999999,,,0.0,0.0,0.0,0.0,11108.33896171625,-11034.038961716251,356.87917413057863,West,True
5705,1619473481.6,79.68692888433219,0.6546513898209865,26.0,,,-86.64508020000001,36.0362833,,,0.0,0.0,0.0,0.0,11110.547515138478,-11036.247515138479,356.9809404404925,West,True
5706,1619473481.7,79.82126927110889,0.619233772042252,26.0,,,-86.645064,36.0362687,,,0.0,0.0,0.0,0.0,11112.728668603011,-11038.428668603012,356.9749212055363,West,True
5707,1619473481.8,79.95515195115428,0.5795546278157206,26.0,,,-86.6450475,36.0362538,,,0.0,0.0,0.0,0.0,11114.952667311265,-11040.652667311266,356.95837161652105,West,True
5708,1619473481.9,80.04521424249647,0.5355746645539293,26.0,,,-86.6450312,36.036239,,,0.0,0.0,0.0,0.0,11117.156393876981,-11042.856393876982,356.9768688889912,West,True
5709,1619473482.0,80.11000064699793,0.4873279355173782,26.0,,,-86.6450148,36.0362242,,,0.0,0.0,0.0,0.0,11119.366111030087,-11045.066111030088,356.946271869279,West,True
5710,1619473482.1,80.21252724811006,0.4349547451552549,25.88179860053455,,,-86.64499839999999,36.03620925,,,0.0,0.0,0.0,0.0,11121.588278093683,-11047.288278093683,356.9462569812309,West,True
5711,1619473482.2,80.31505384922218,0.3787155789536381,25.7635972010691,,,-86.644982,36.0361943,,,0.0,0.0,0.0,0.0,11123.810445342191,-11049.510445342192,356.8967758941688,West,True
5712,1619473482.3,80.45762635702823,0.31901921103309544,25.263360458362506,,,-86.6449657,36.0361792,,,0.0,0.0,0.0,0.0,11126.039194297944,-11051.739194297945,356.8982803020588,West,True
5713,1619473482.4,80.49260257250312,0.25642515643188507,25.0,,,-86.6449495,36.0361642,,,0.0,0.0,0.0,0.0,11128.253653488295,-11053.953653488295,356.9909579385918,West,True
5714,1619473482.5,80.62942895291381,0.1916514251759649,25.0,,,-86.64493279999999,36.0361492,,,0.0,0.0,0.0,0.0,11130.497941932528,-11056.197941932529,356.93600349656793,West,True
5715,1619473482.6,80.60282793207517,0.12555300543153397,25.0,,,-86.6449164,36.0361342,,,0.0,0.0,0.0,0.0,11132.724272131207,-11058.424272131208,356.93598856743256,West,True
5716,1619473482.7,80.57622691123653,0.05910181852967711,25.0,,,-86.6449,36.0361192,,,0.0,0.0,0.0,0.0,11134.950602515919,-11060.65060251592,356.9508677370289,West,True
5717,1619473482.8,80.52139086592769,-0.006658515691531357,25.0,,,-86.6448833,36.036104,,,0.0,0.0,0.0,0.0,11137.211468200649,-11062.91146820065,356.89370121109476,West,True
5718,1619473482.9,80.42752731279164,-0.07065307451373655,25.0,,,-86.64486679999999,36.03608870000001,,,0.0,0.0,0.0,0.0,11139.468798561418,-11065.168798561419,356.93250427347556,West,True
5719,1619473483.0,80.3153908045977,-0.13183005700253803,25.0,,,-86.6448502,36.0360735,,,0.0,0.0,0.0,0.0,11141.723702522502,-11067.423702522503,356.9224180114197,West,True
5720,1619473483.1,80.23286095148597,-0.18920331571867954,25.0,,,-86.6448336,36.036058249999996,,,0.0,0.0,0.0,0.0,11143.982776978686,-11069.682776978687,356.9224028350764,West,True
5721,1619473483.2,80.15033109837425,-0.24189618061549478,25.0,,,-86.644817,36.036043,,,0.0,0.0,0.0,0.0,11146.241851625244,-11071.941851625244,356.95079253858614,West,True
5722,1619473483.3,80.06397605502085,-0.2891689726466404,25.0,,,-86.6448003,36.0360278,,,0.0,0.0,0.0,0.0,11148.502718274945,-11074.202718274946,356.8720188519113,West,True
5723,1619473483.4,80.0,-0.3304395289636639,25.0,,,-86.6447837,36.0360123,,,0.0,0.0,0.0,0.0,11150.782733764938,-11076.482733764939,356.9669940250347,West,True
5724,1619473483.5,79.8664418455916,-0.3652897447202291,25.0,,,-86.6447668,36.035997,,,0.0,0.0,0.0,0.0,11153.06386575793,-11078.76386575793,356.8719877194982,West,True
5725,1619473483.6,79.67941043805645,-0.3934634107042834,25.0,,,-86.6447502,36.0359815,,,0.0,0.0,0.0,0.0,11155.343881630666,-11081.043881630667,356.9669638334536,West,True
5726,1619473483.7,79.56556923392817,-0.41485814478075816,25.0,,,-86.6447333,36.0359662,,,0.0,0.0,0.0,0.0,11157.625014019548,-11083.325014019549,356.932382593922,West,True
5727,1619473483.8,79.44498312088399,-0.4295107704224608,25.0,,,-86.6447167,36.035951,,,0.0,0.0,0.0,0.0,11159.879919516867,-11085.579919516867,356.9273611996555,West,True
5728,1619473483.9,79.38581706621271,-0.43758590488445437,25.0,,,-86.6446998,36.0359355,,,0.0,0.0,0.0,0.0,11162.177686025534,-11087.877686025535,356.98472695524566,West,True
5729,1619473484.0,79.32949062366878,-0.4393594500978907,25.0,,,-86.6446828,36.03592020000001,,,0.0,0.0,0.0,0.0,11164.464818816057,-11090.164818816058,356.94977432577366,West,True
5730,1619473484.1,79.1647453118344,-0.435211002075562,25.0,,,-86.64466605,36.03590495,,,0.0,0.0,0.0,0.0,11166.732829433637,-11092.432829433637,356.94975914390693,West,True
5731,1619473484.2,79.0,-0.4256093291093559,25.0,,,-86.6446493,36.035889700000006,,,0.0,0.0,0.0,0.0,11169.00084024429,-11094.700840244292,356.93230602887417,West,True
5732,1619473484.3,78.90787994608468,-0.4111079510384027,25.0,,,-86.6446327,36.0358745,,,0.0,0.0,0.0,0.0,11171.255746701932,-11096.955746701933,356.9306021122545,West,True
5733,1619473484.4,78.82538853584487,-0.39232960882946954,25.0,,,-86.644616,36.0358592,,,0.0,0.0,0.0,0.0,11173.524940129195,-11099.224940129196,356.92891819662043,West,True
5734,1619473484.5,78.75060406550901,-0.3699596746848094,25.0,,,-86.6445992,36.0358438,,,0.0,0.0,0.0,0.0,11175.808420696381,-11101.508420696382,356.9305715647065,West,True
5735,1619473484.6,78.65448844583759,-0.3447249653775584,25.0,,,-86.6445825,36.0358285,,,0.0,0.0,0.0,0.0,11178.07761451099,-11103.777614510991,356.968697332238,West,True
5736,1619473484.7,78.59720341515089,-0.3173810474754355,25.0,,,-86.6445657,36.0358133,,,0.0,0.0,0.0,0.0,11180.344466003284,-11106.044466003284,356.90354054516297,West,True
5737,1619473484.8,78.549412451604,-0.28868456372859763,25.0,,,-86.6445492,36.03579805,,,0.0,0.0,0.0,0.0,11182.597612718382,-11108.297612718383,356.9035253670917,West,True
5738,1619473484.9,78.50162148805711,-0.25937576826396747,25.0,,,-86.6445327,36.0357828,,,0.0,0.0,0.0,0.0,11184.850759622053,-11110.550759622054,357.0261351316842,West,True
5739,1619473485.0,78.4,-0.230148933914858,25.0,,,-86.6445158,36.0357678,,,0.0,0.0,0.0,0.0,11187.107125067645,-11112.807125067646,356.92376046564993,West,True
5740,1619473485.1,78.35,-0.2016360085064495,25.0,,,-86.64449929999999,36.035752650000006,,,0.0,0.0,0.0,0.0,11189.351915737087,-11115.051915737087,356.9237453853272,West,True
5741,1619473485.2,78.3,-0.17438240698530036,25.0,,,-86.64448279999999,36.0357375,,,0.0,0.0,0.0,0.0,11191.596706595748,-11117.29670659575,357.01273885321075,West,True
5742,1619473485.3,78.25775881912874,-0.14883838716876585,25.0,,,-86.6444662,36.0357227,,,0.0,0.0,0.0,0.0,11193.818471657634,-11119.518471657635,356.97438380056417,West,True
5743,1619473485.4,78.25262498167424,-0.12534603099530894,25.0,,,-86.6444497,36.0357078,,,0.0,0.0,0.0,0.0,11196.042477227496,-11121.742477227497,356.9905110245776,West,True
5744,1619473485.5,78.24958586173392,-0.104141848047137,25.0,,,-86.64443299999999,36.03569279999999,,,0.0,0.0,0.0,0.0,11198.286771494097,-11123.986771494097,356.9540857134576,West,True
5745,1619473485.6,78.19,-0.08535643498732484,25.0,,,-86.6444165,36.0356778,,,0.0,0.0,0.0,0.0,11200.519073385043,-11126.219073385044,356.9946082177313,West,True
5746,1619473485.7,78.18502116756817,-0.06902724497996915,25.0,,,-86.6444,36.035663,,,0.0,0.0,0.0,0.0,11202.734808314042,-11128.434808314043,356.9540558552684,West,True
5747,1619473485.8,78.18215891955681,-0.055107969749471,25.0,,,-86.64438349999999,36.035648,,,0.0,0.0,0.0,0.0,11204.96711058038,-11130.667110580382,356.9945787499755,West,True
5748,1619473485.9,78.14948883713821,-0.043486912964824515,25.0,,,-86.644367,36.03563320000001,,,0.0,0.0,0.0,0.0,11207.182845883832,-11132.882845883832,356.9372398409633,West,True
5749,1619473486.0,78.13145347885403,-0.03400064593369946,25.0,,,-86.6443507,36.0356183,,,0.0,0.0,0.0,0.0,11209.394896209335,-11135.094896209335,357.0046844897022,West,True
5750,1619473486.1,78.11020108590053,-0.026452375741204785,25.117588728005604,,,-86.6443342,36.035603550000005,,,0.0,0.0,0.0,0.0,11211.606505652264,-11137.306505652265,357.0046698052705,West,True
5751,1619473486.2,78.08894869294703,-0.020624550784360755,25.235177456011208,,,-86.6443177,36.0355888,,,0.0,0.0,0.0,0.0,11213.818115282182,-11139.518115282182,356.97622789076576,West,True
5752,1619473486.3,78.07906509514766,-0.016292988200978006,25.73477723302983,,,-86.6443013,36.035574,,,0.0,0.0,0.0,0.0,11216.0278405598,-11141.7278405598,356.99450535028194,West,True
5753,1619473486.4,78.06350377245835,-0.013235264002467124,26.0,,,-86.6442848,36.0355592,,,0.0,0.0,0.0,0.0,11218.243576797533,-11143.943576797534,356.9782002082257,West,True
5754,1619473486.5,78.0358432727174,-0.01123911855604756,26.0,,,-86.64426850000001,36.0355445,,,0.0,0.0,0.0,0.0,11220.43902070343,-11146.139020703431,356.9576675093974,West,True
5755,1619473486.6,78.01862136174636,-0.010106327513882043,26.0,,,-86.6442522,36.035529700000005,,,0.0,0.0,0.0,0.0,11222.64275604903,-11148.34275604903,356.9595526574602,West,True
5756,1619473486.7,77.99896116635918,-0.009656536012552527,26.0,,,-86.64423599999999,36.035515,,,0.0,0.0,0.0,0.0,11224.832207688567,-11150.532207688568,357.01471797128295,West,True
5757,1619473486.8,78.00673321989385,-0.009728372046863313,26.0,,,-86.64421949999999,36.0355003,,,0.0,0.0,0.0,0.0,11227.039698492721,-11152.739698492722,357.0904529973296,West,True
5758,1619473486.9,78.03429566690346,-0.010181036001130774,26.0,,,-86.64420279999999,36.0354858,,,0.0,0.0,0.0,0.0,11229.242990353814,-11154.942990353815,357.0527904111314,West,True
5759,1619473487.0,78.03088230690977,-0.010894714114332956,26.0,,,-86.64418620000001,36.0354712,,,0.0,0.0,0.0,0.0,11231.448336599882,-11157.148336599883,357.0146737991448,West,True
5760,1619473487.1,77.9653934552525,-0.011771519238978775,26.0,,,-86.6441697,36.0354565,,,0.0,0.0,0.0,0.0,11233.655827959172,-11159.355827959173,356.9943878340018,West,True
5761,1619473487.2,78.02774324441825,-0.012735966253050618,26.0,,,-86.6441532,36.0354417,,,0.0,0.0,0.0,0.0,11235.87156567962,-11161.57156567962,357.0503335963549,West,True
5762,1619473487.3,77.99384072655612,-0.013735047237234555,26.0,,,-86.6441365,36.035427,,,0.0,0.0,0.0,0.0,11238.091184107432,-11163.791184107433,357.01462971663983,West,True
5763,1619473487.4,77.97684248145777,-0.01473797445723461,26.0,,,-86.64412,36.0354123,,,0.0,0.0,0.0,0.0,11240.298676026336,-11165.998676026336,356.9800789531669,West,True
5764,1619473487.5,77.91680074021662,-0.015733907658800107,26.0,,,-86.6441038,36.0353977,,,0.0,0.0,0.0,0.0,11242.47984024959,-11168.179840249592,357.03487318634086,West,True
5765,1619473487.6,77.96110157980084,-0.01672989705166038,26.0,,,-86.6440873,36.0353831,,,0.0,0.0,0.0,0.0,11244.679111668334,-11170.379111668335,357.03485865166687,West,True
5766,1619473487.7,78.00540241938505,-0.01774523481269341,26.0,,,-86.6440708,36.0353685,,,0.0,0.0,0.0,0.0,11246.878383272619,-11172.57838327262,356.9574888104472,West,True
5767,1619473487.8,78.04,-0.01880796744849743,26.0,,,-86.64405450000001,36.0353537,,,0.0,0.0,0.0,0.0,11249.08212079486,-11174.78212079486,357.01455698748873,West,True
5768,1619473487.9,78.02515128550046,-0.019946655573091443,26.0,,,-86.644038,36.035339,,,0.0,0.0,0.0,0.0,11251.28961364267,-11176.98961364267,356.97797863316634,West,True
5769,1619473488.0,78.04477224708216,-0.021187762013926987,26.0,,,-86.64402170000001,36.0353243,,,0.0,0.0,0.0,0.0,11253.485060284263,-11179.185060284264,357.024664283776,West,True
5770,1619473488.1,78.03481977738724,-0.022547083348991376,26.0,,,-86.64400520000001,36.03530965,,,0.0,0.0,0.0,0.0,11255.688439888963,-11181.388439888964,357.02464969937466,West,True
5771,1619473488.2,78.0248673076923,-0.024030886260375355,26.0,,,-86.6439887,36.035295,,,0.0,0.0,0.0,0.0,11257.891819680937,-11183.591819680938,356.93866891676726,West,True
5772,1619473488.3,78.05852825265924,-0.025628923367824293,26.0,,,-86.6439725,36.0352802,,,0.0,0.0,0.0,0.0,11260.089588058667,-11185.789588058668,357.0144842549757,West,True
5773,1619473488.4,78.02332129606282,-0.02732060252107238,26.0,,,-86.643956,36.0352655,,,0.0,0.0,0.0,0.0,11262.297081836197,-11187.997081836198,356.9779050166848,West,True
5774,1619473488.5,77.9733977756419,-0.02906950543713365,26.0,,,-86.6439397,36.0352508,,,0.0,0.0,0.0,0.0,11264.492529391782,-11190.192529391783,356.97588830137954,West,True
5775,1619473488.6,77.9800624653766,-0.03083330439051619,26.0,,,-86.6439233,36.035236,,,0.0,0.0,0.0,0.0,11266.702258892812,-11192.402258892813,356.9778756637962,West,True
5776,1619473488.7,77.96381783208258,-0.03255789107650892,26.0,,,-86.643907,36.0352213,,,0.0,0.0,0.0,0.0,11268.897706814307,-11194.597706814307,357.0346998119802,West,True
5777,1619473488.8,77.98099033727681,-0.034188354237627686,26.234356989759466,,,-86.6438905,36.0352067,,,0.0,0.0,0.0,0.0,11271.096980474787,-11196.796980474788,356.97386626216445,West,True
5778,1619473488.9,77.93866394547906,-0.03566098519386342,26.733798523457967,,,-86.643874,36.03519179999999,,,0.0,0.0,0.0,0.0,11273.320992529774,-11199.020992529775,356.93856460849787,West,True
5779,1619473489.0,77.99546015687062,-0.036913544091284535,27.0,,,-86.64385779999999,36.035177,,,0.006621917870138,0.0,0.0,0.0,11275.51876217345,-11201.21876217345,356.9860126954696,West,True
5780,1619473489.1,77.99602995007257,-0.03787553933326677,27.0,,,-86.6438414,36.03516225,,,0.11079002810645625,0.0,0.0,0.0,11277.724355124543,-11203.424355124544,356.9859980151068,West,True
5781,1619473489.2,77.99659974327452,-0.038478273363742876,27.0,,,-86.643825,36.0351475,,,0.2149581383427745,0.0,0.0,0.0,11279.929948260287,-11205.629948260288,356.9572666404575,West,True
5782,1619473489.3,77.99,-0.038645998289584205,27.0,,,-86.64380870000001,36.035132700000005,,,0.3191261244010583,0.0,0.0,0.0,11282.133688518674,-11207.833688518675,356.97379272785474,West,True
5783,1619473489.4,77.98045599102909,-0.03830761393999271,27.0,,,-86.64379220000001,36.0351178,,,0.4232943588154111,0.0,0.0,0.0,11284.35770150302,-11210.057701503021,357.0165496208732,West,True
5784,1619473489.5,77.9667253698487,-0.03739143979527417,27.0,,,-86.64377579999999,36.0351032,,,0.5274623448736948,0.0,0.0,0.0,11286.550920520085,-11212.250920520086,357.01430978607124,West,True
5785,1619473489.6,77.94537772536593,-0.03583944585754385,27.0,,,-86.6437593,36.0350885,,,0.6316303309319785,0.0,0.0,0.0,11288.758416537738,-11214.458416537738,356.91948112687743,West,True
5786,1619473489.7,77.9217990719216,-0.033605964954409866,27.0,,,-86.6437432,36.035073700000005,,,0.7357985653463313,0.0,0.0,0.0,11290.95023799578,-11216.65023799578,356.91779923126523,West,True
5787,1619473489.8,77.88814532152341,-0.030672553208324786,27.0,,,-86.643727,36.0350588,,,0.839966551404615,0.0,0.0,0.0,11293.15634764442,-11218.856347644421,356.9571780581673,West,True
5788,1619473489.9,77.85731978212017,-0.02704764988428423,27.0,,,-86.64371070000001,36.035044,,,0.9441347858189678,0.0,0.0,0.0,11295.360089000376,-11221.060089000377,357.02991320540866,West,True
5789,1619473490.0,77.89759514626692,-0.022777820586095447,27.0,,,-86.643694,36.0350292,,,1.0,0.0,0.0,0.0,11297.587913828434,-11223.287913828435,356.9766656191875,West,True
5790,1619473490.1,77.88992082181188,-0.017943702741409967,27.0,,,-86.64367765,36.03501445,,,1.0,0.0,0.0,0.0,11299.790505178407,-11225.490505178408,356.97665093537523,West,True
5791,1619473490.2,77.88224649735685,-0.012663635994834208,27.0,,,-86.6436613,36.0349997,,,1.0,0.0,0.0,0.0,11301.993096712156,-11227.693096712157,356.9736602211404,West,True
5792,1619473490.3,77.91804886607078,-0.007082758183352758,27.0,,,-86.6436448,36.0349848,,,1.0,0.0,0.0,0.0,11304.217111367894,-11229.917111367895,356.9193763562108,West,True
5793,1619473490.4,77.89585058668962,-0.0013683058432470935,27.0,,,-86.64362870000001,36.03497,,,1.0,0.0,0.0,0.0,11306.408934084922,-11232.108934084923,356.99600642376544,West,True
5794,1619473490.5,77.89527106924542,0.004307167013125097,27.0,,,-86.6436123,36.03495529999999,,,1.0,0.0,0.0,0.0,11308.610398428029,-11234.31039842803,356.95707439232876,West,True
5795,1619473490.6,77.8664026022305,0.009774963970691969,27.0,,,-86.643596,36.034940500000005,,,1.0,0.0,0.0,0.0,11310.814141064659,-11236.51414106466,356.90011505336213,West,True
5796,1619473490.7,77.91501754224413,0.014887735237414249,27.0,,,-86.64358,36.0349257,,,1.0,0.0,0.0,0.0,11313.000035647505,-11238.700035647506,356.97756744718475,West,True
5797,1619473490.8,77.95021649124098,0.019526306278861677,26.766729461578485,,,-86.6435637,36.034911,,,1.0,0.0,0.0,0.0,11315.195487424633,-11240.895487424634,356.995948424943,West,True
5798,1619473490.9,77.93059027423796,0.023611245940410745,26.265050744269217,,,-86.6435473,36.0348963,,,1.0,0.0,0.0,0.0,11317.396952507139,-11243.09695250714,356.9570156337629,West,True
5799,1619473491.0,77.98695517015707,0.027101358687952166,26.0,,,-86.64353100000001,36.0348815,,,1.0,0.0,0.0,0.0,11319.600695874331,-11245.300695874332,356.93825268378396,West,True
5800,1619473491.1,77.9549362268139,0.02999524685788919,26.0,,,-86.64351479999999,36.0348667,,,1.0,0.0,0.0,0.0,11321.798469322719,-11247.49846932272,357.0140782875382,West,True
5801,1619473491.2,77.92412134427911,0.0323199995638846,26.0,,,-86.6434983,36.034852,,,1.0,0.0,0.0,0.0,11324.005968334664,-11249.705968334665,356.9192423022015,West,True
5802,1619473491.3,77.98,0.03412387215698415,26.0,,,-86.64348220000001,36.034837200000005,,,1.0,0.0,0.0,0.0,11326.19779266397,-11251.89779266397,356.9958756997507,West,True
5803,1619473491.4,77.98,0.03545931306686074,26.0,,,-86.64346579999999,36.0348225,,,1.0,0.0,0.0,0.0,11328.399258673526,-11254.099258673526,356.9192125675719,West,True
5804,1619473491.5,78.02118693130832,0.03637251613261611,26.0,,,-86.64344969999999,36.0348077,,,1.0,0.0,0.0,0.0,11330.59108336098,-11256.29108336098,356.958827756491,West,True
5805,1619473491.6,77.98111303714913,0.03688813237941528,26.0,,,-86.6434335,36.034793,,,1.0,0.0,0.0,0.0,11332.780543883464,-11258.480543883465,356.95691277891524,West,True
5806,1619473491.7,77.96004141469673,0.03700256479919077,26.0,,,-86.6434172,36.0347782,,,1.0,0.0,0.0,0.0,11334.984288530031,-11260.684288530032,357.00009920071744,West,True
5807,1619473491.8,78.04512344035476,0.03667659091157971,26.0,,,-86.643401,36.034763700000006,,,1.0,0.0,0.0,0.0,11337.157197037912,-11262.857197037913,356.97342621606583,West,True
5808,1619473491.9,78.02135101783462,0.035836355092423,26.0,,,-86.6433845,36.0347488,,,1.0,0.0,0.0,0.0,11339.381214659417,-11265.081214659418,356.9568684896149,West,True
5809,1619473492.0,78.01740603406236,0.034375714510716436,26.0,,,-86.6433682,36.034734,,,1.0,0.0,0.0522184036813323,0.0,11341.58495985304,-11267.284959853041,356.97838774895854,West,True
5810,1619473492.1,78.03708797540054,0.03216418601236795,26.0,,,-86.64335195000001,36.03471935,,,1.0,0.0,0.165852716906142,0.0,11343.77327320153,-11269.47327320153,356.97837316806823,West,True
5811,1619473492.2,78.0567699167387,0.029056249472892245,26.0,,,-86.64333570000001,36.0347047,,,1.0,0.0,0.2794870301309517,0.0,11345.961586732941,-11271.661586732942,357.01391943391764,West,True
5812,1619473492.3,78.05778392266552,0.02490220312096652,26.0,,,-86.64331920000001,36.034690000000005,,,1.0,0.0,0.3931212078931362,0.0,11348.169087796214,-11273.869087796214,356.9587098804146,West,True
5813,1619473492.4,78.06293825090808,0.019559697034763627,26.0,,,-86.643303,36.0346753,,,1.0,0.0,0.5067556565805712,0.0,11350.358549767865,-11276.058549767866,356.9978434739341,West,True
5814,1619473492.5,78.06053419476837,0.012903242271581471,26.0,,,-86.6432867,36.0346607,,,1.0,0.0,0.6203898343427557,0.0,11352.545738540859,-11278.24573854086,357.01387597131406,West,True
5815,1619473492.6,78.11880691566583,0.004834400120246153,26.0,,,-86.6432702,36.034646,,,1.0,0.0,0.7340240121049403,0.0,11354.75324016179,-11280.45324016179,356.9752868363727,West,True
5816,1619473492.7,78.08810042903009,-0.004712193059879702,26.0,,,-86.6432538,36.03463120000001,,,1.0,0.0,0.8476584607923752,0.0,11356.96297721933,-11282.66297721933,356.981354211467,West,True
5817,1619473492.8,78.04126712493391,-0.015761016222975294,26.0,,,-86.6432377,36.0346167,,,1.0,0.0,0.9612926385545596,0.0,11359.129869772616,-11284.829869772617,356.99460335589004,West,True
5818,1619473492.9,77.99377852791565,-0.028293020525318083,26.0,,,-86.64322125,36.034601949999995,,,0.5,0.0,0.9314971416852178,0.0,11361.338478282947,-11287.038478282948,356.99458867289513,West,True
5819,1619473493.0,77.9462899308974,-0.04223956351721761,26.0,,,-86.64320479999999,36.0345872,,,0.0,0.0,0.901701644815876,0.0,11363.547086978215,-11289.247086978216,356.9772305989411,West,True
5820,1619473493.1,77.97282897903216,-0.05748242061454013,26.0,,,-86.64318850000001,36.0345725,,,0.0,0.0,0.7880898135615303,0.0,11365.74254295927,-11291.44254295927,356.92064711730177,West,True
5821,1619473493.2,77.95935150418255,-0.07384908584226775,26.0,,,-86.64317249999999,36.0345578,,,0.0,0.0,0.6744777114352124,0.0,11367.92008279837,-11293.62008279837,356.99349736209535,West,True
5822,1619473493.3,77.93829310787514,-0.09111582979577897,26.0,,,-86.643156,36.034543,,,0.0,0.0,0.5608658801808666,0.0,11370.135831853935,-11295.835831853936,356.9771867855759,West,True
5823,1619473493.4,77.86784693666799,-0.10900553728916726,26.0,,,-86.6431397,36.0345283,,,0.0,0.0,0.4472537780545487,0.0,11372.33128838555,-11298.031288385551,356.97919943935034,West,True
5824,1619473493.5,77.81737101265114,-0.12719576151058087,26.0,,,-86.6431235,36.034513700000005,,,0.0,0.0,0.3336419468002028,0.0,11374.512463527355,-11300.212463527356,356.93610833244173,West,True
5825,1619473493.6,77.79869268301785,-0.14532144921164042,26.0,,,-86.6431072,36.0344988,,,0.0,0.0,0.220030115545857,0.0,11376.724527656668,-11302.424527656669,356.9791702807614,West,True
5826,1619473493.7,77.7335297234097,-0.16299022105663913,26.0,,,-86.643091,36.0344842,,,0.0,0.0,0.1064180134195391,0.0,11378.905703163442,-11304.605703163443,357.01818120485433,West,True
5827,1619473493.8,77.69253413247215,-0.17979164534483077,26.0,,,-86.6430747,36.0344697,,,0.0,0.0,0.0,0.0,11381.084653599566,-11306.784653599567,356.99551206552775,West,True
5828,1619473493.9,77.67,-0.1953199857455436,26.0,,,-86.64305829999999,36.034455,,,0.0,0.0,0.0,0.0,11383.28612421689,-11308.98612421689,356.97709906911916,West,True
5829,1619473494.0,77.60000000000001,-0.2091888029265572,26.0,,,-86.64304200000001,36.0344403,,,0.0,0.0,0.0,0.0,11385.481581840917,-11311.181581840918,357.01700781233535,West,True
5830,1619473494.1,77.52366944852767,-0.22105765935493665,26.0,,,-86.64302565,36.03442575,,,0.0,0.0,0.0,0.0,11387.667671068413,-11313.367671068414,357.01699332793936,West,True
5831,1619473494.2,77.44733889705533,-0.2306470696819795,26.0,,,-86.6430093,36.0344112,,,0.0,0.0,0.0,0.0,11389.853760477115,-11315.553760477116,356.93957410079616,West,True
5832,1619473494.3,77.34724449898684,-0.23776215129983033,26.0,,,-86.6429932,36.0343965,,,0.0,0.0,0.0,0.0,11392.037253694396,-11317.737253694397,357.054174669087,West,True
5833,1619473494.4,77.27,-0.24230073916483458,26.0,,,-86.6429767,36.034382,,,0.0,0.0,0.0,0.0,11394.228342598952,-11319.928342598952,357.049302506077,West,True
5834,1619473494.5,77.23265626051915,-0.2442661829174036,26.0,,,-86.64296,36.03436729999999,,,0.0,0.0,0.0,0.0,11396.447974696179,-11322.14797469618,356.9996917998061,West,True
5835,1619473494.6,77.15,-0.243762803537539,26.0,,,-86.6429438,36.0343528,,,0.0,0.0,0.0,0.0,11398.62088829875,-11324.320888298751,356.99752317096414,West,True
5836,1619473494.7,77.05596945996275,-0.24099313720862392,26.0,,,-86.6429275,36.03433820000001,,,0.0,0.0,0.0,0.0,11400.808081092875,-11326.508081092876,357.109375393518,West,True
5837,1619473494.8,77.00063511489424,-0.23623979723678112,26.0,,,-86.6429108,36.0343238,,,0.0115017888816805,0.0,0.0,0.0,11403.003264161303,-11328.703264161304,357.03617180231106,West,True
5838,1619473494.9,76.93898476522435,-0.2298482051071441,26.0,,,-86.64289439999999,36.034309300000004,,,0.20393870545345097,0.0,0.0,0.0,11405.188275225128,-11330.888275225128,357.03615736100176,West,True
5839,1619473495.0,76.87733441555447,-0.2221999222789604,26.0,,,-86.642878,36.0342948,,,0.3963756220252215,0.0,0.0,0.0,11407.373286471902,-11333.073286471903,357.01799255877063,West,True
5840,1619473495.1,76.83242439408022,-0.21368726595026438,26.0,,,-86.64286170000001,36.0342803,,,0.5888123091943656,0.0,0.0,0.0,11409.552239277995,-11335.252239277996,357.03377893974067,West,True
5841,1619473495.2,76.82457439523219,-0.20468707091902447,26.0,,,-86.64284520000001,36.0342657,,,0.7812494551687623,0.0,0.0,0.0,11411.75152489683,-11337.451524896831,357.02706646557823,West,True
5842,1619473495.3,76.75684552868678,-0.19553584405561547,26.0,,,-86.64282885,36.0342512,,,0.8906247275843812,0.0,0.0,0.0,11413.933504852734,-11339.633504852734,357.0270520248526,West,True
5843,1619473495.4,76.68911666214137,-0.18651288016793652,26.0,,,-86.6428125,36.0342367,,,1.0,0.0,0.0,0.0,11416.115484990143,-11341.815484990144,357.01793455156417,West,True
5844,1619473495.5,76.68140883077369,-0.17782309981053002,26.0,,,-86.6427962,36.0342222,,,1.0,0.0,0.0,0.0,11418.294438524365,-11343.994438524365,356.99954583981867,West,True
5845,1619473495.6,76.57080960894879,-0.1695949924891147,26.0,,,-86.64278,36.0342077,,,1.0,0.0,0.0,0.0,11420.467353926588,-11346.167353926588,357.02700889297927,West,True
5846,1619473495.7,76.54561972540057,-0.1618743497460724,26.0,,,-86.64276365,36.034193200000004,,,1.0,0.0,0.0,0.0,11422.649334611096,-11348.349334611097,357.0269944612763,West,True
5847,1619473495.8,76.52042984185236,-0.1546375825546118,26.0,,,-86.6427473,36.0341787,,,1.0,0.0,0.0,0.0,11424.831315479416,-11350.531315479417,357.03840643204,West,True
5848,1619473495.9,76.44874158921205,-0.14779512460741417,26.0,,,-86.64273100000001,36.0341643,,,1.0,0.0,0.0,0.0,11427.002054708453,-11352.702054708454,357.05892258860393,West,True
5849,1619473496.0,76.43786892232434,-0.1412160836219724,26.0,,,-86.6427147,36.03415,,,1.0,0.0,0.0,0.0,11429.16460505891,-11354.86460505891,356.99947321473144,West,True
5850,1619473496.1,76.33519318094359,-0.1347364860552677,26.0,,,-86.6426985,36.0341355,,,1.0,0.0,0.0,0.0,11431.337521356323,-11357.037521356324,357.0407714837556,West,True
5851,1619473496.2,76.29607580303322,-0.12818805539605344,26.0,,,-86.6426823,36.03412120000001,,,1.0,0.0,0.0,0.0,11433.493987810727,-11359.193987810728,357.00162546968204,West,True
5852,1619473496.3,76.23928314094552,-0.12140449827066663,26.0,,,-86.64266620000001,36.0341068,,,1.0,0.0,0.0,0.0,11435.652625718232,-11361.352625718233,357.0359564859522,West,True
5853,1619473496.4,76.18471018508258,-0.11424622190567316,26.23189123255883,,,-86.6426498,36.0340923,,,1.0,0.0,0.0,0.0,11437.837639524752,-11363.537639524753,357.00380495474815,West,True
5854,1619473496.5,76.18,-0.10659829565218693,26.731019546008984,,,-86.6426338,36.034078,,,1.0,0.0,0.0,0.0,11439.98199932639,-11365.68199932639,357.0177762899692,West,True
5855,1619473496.6,76.14220060953747,-0.09838482813518878,27.0,,,-86.6426175,36.0340635,,,1.0,0.0,0.0,0.0,11442.160954847144,-11367.860954847145,357.040700296473,West,True
5856,1619473496.7,76.1046562748323,-0.08955560247549546,27.0,,,-86.6426013,36.034049200000005,,,1.0,0.0,0.0,0.0,11444.317422202514,-11370.017422202514,357.04312401274547,West,True
5857,1619473496.8,76.06124841918326,-0.08008860978686957,27.0,,,-86.64258520000001,36.034035,,,1.0,0.0,0.0,0.0,11446.459616772268,-11372.15961677227,356.9619198104922,West,True
5858,1619473496.9,76.07464626067888,-0.06996795643287769,27.0,,,-86.6425692,36.0340205,,,1.0,0.0,0.0,0.0,11448.620519458269,-11374.32051945827,357.00373323728564,West,True
5859,1619473497.0,76.06220094759817,-0.05917907301277463,27.0,,,-86.6425532,36.0340062,,,1.0,0.0,0.0,0.0,11450.764880139855,-11376.464880139856,357.019986155475,West,True
5860,1619473497.1,76.03011926754793,-0.047685912032879,27.0,,,-86.642537,36.0339918,,,1.0,0.0,0.0,0.0,11452.929560281646,-11378.629560281646,357.00370458747597,West,True
5861,1619473497.2,76.04401076588913,-0.035427597867111825,27.0,,,-86.642521,36.0339775,,,1.0,0.0,0.0,0.0,11455.073921315552,-11380.773921315553,357.00369034990393,West,True
5862,1619473497.3,76.0606096333439,-0.022304977857831584,27.0,,,-86.642505,36.0339632,,,1.0,0.0,0.0,0.0,11457.218282524127,-11382.918282524128,357.02459164427484,West,True
5863,1619473497.4,76.03805771769312,-0.008187128428035562,27.23245190415889,,,-86.642489,36.033949,,,1.0,0.0,0.0900461935722135,0.0,11459.354411606262,-11385.054411606263,357.0036618770801,West,True
5864,1619473497.5,76.06555711158187,0.00708599116346828,27.732584261624204,,,-86.642473,36.0339347,,,1.0,0.0,0.194145538046408,0.0,11461.498773164121,-11387.198773164122,356.9446115480004,West,True
5865,1619473497.6,76.07000000000001,0.02368433954388604,28.0,,,-86.64245720000001,36.0339203,,,1.0,0.0,0.2982448825206024,0.0,11463.639415243753,-11389.339415243754,357.04546602887785,West,True
5866,1619473497.7,76.07626504152695,0.041770081274723765,28.0,,,-86.64244120000001,36.0339062,,,1.0,0.0,0.4023444751872115,0.0,11465.767338810334,-11391.467338810335,357.0479516155764,West,True
5867,1619473497.8,76.06105198597596,0.06147117361532277,28.0,,,-86.6424253,36.0338922,,,1.0,0.0,0.506443819661406,0.0,11467.880990319427,-11393.580990319428,356.98268997371514,West,True
5868,1619473497.9,76.09819810050854,0.08285809960529131,28.0,,,-86.6424093,36.0338778,,,1.0,0.0,0.610543412328015,0.0,11470.033610827995,-11395.733610827996,356.9657323440764,West,True
5869,1619473498.0,76.07673489367102,0.1059220896949388,28.0,,,-86.64239350000001,36.0338635,,,1.0,0.0,0.7146427568022095,0.0,11472.16594894597,-11397.865948945971,356.954159878661,West,True
5870,1619473498.1,76.09351465944914,0.13055997994621227,28.11670532703818,,,-86.64237765000001,36.0338491,,,1.0,0.0,0.8187422253726112,0.0,11474.309578490198,-11400.009578490199,356.95414554530896,West,True
5871,1619473498.2,76.11029442522725,0.1565689950208994,28.23341065407636,,,-86.6423618,36.0338347,,,1.0,0.0,0.922841693943013,0.0,11476.45320820793,-11402.15320820793,357.0244651152408,West,True
5872,1619473498.3,76.15844125461322,0.1836501503558418,28.732599559878743,,,-86.6423458,36.0338205,,,0.8383080204727318,0.0,1.0,0.0,11478.58933887097,-11404.28933887097,356.9656751344085,West,True
5873,1619473498.4,76.23604684249862,0.2114241976117539,29.0,,,-86.64233,36.0338062,,,0.2135336912287809,0.0,1.0,0.0,11480.721677678453,-11406.421677678454,357.0244370185111,West,True
5874,1619473498.5,76.26458884790628,0.23945434082308148,29.0,,,-86.642314,36.033792,,,0.0,0.0,0.9176939593105656,0.0,11482.857808692122,-11408.557808692123,356.96564648079516,West,True
5875,1619473498.6,76.4255184950996,0.2672767418284139,29.0,,,-86.64229820000001,36.0337777,,,0.0,0.0,0.7926509546293906,0.0,11484.99014784128,-11410.69014784128,356.9636340823034,West,True
5876,1619473498.7,76.376183526407,0.29443262789188934,29.0,,,-86.64228229999999,36.0337633,,,0.0,0.0,0.6676076518221762,0.0,11487.136770297255,-11412.836770297255,356.9656179199493,West,True
5877,1619473498.8,76.45030079087255,0.32049830400224694,29.0,,,-86.6422665,36.033749,,,0.0,0.0,0.542564647141001,0.0,11489.269109791341,-11414.969109791342,356.96560368795394,West,True
5878,1619473498.9,76.56660732243286,0.34511168001082815,29.0,,,-86.6422507,36.0337347,,,0.0,0.0,0.4175213443337867,0.0,11491.401449458732,-11417.101449458733,356.98253353813305,West,True
5879,1619473499.0,76.6412540748377,0.3679866721409024,29.232827137233752,,,-86.6422347,36.0337203,,,0.0,0.0,0.2924783396526116,0.0,11493.55407189014,-11419.25407189014,356.98462405381645,West,True
5880,1619473499.1,76.70488351709184,0.38892330924608765,29.73329188944744,,,-86.6422188,36.033706,,,0.0,0.0,0.1674353349714366,0.0,11495.692413622435,-11421.392413622436,356.9867413186349,West,True
5881,1619473499.2,76.7851212224296,0.4078002476371678,30.0,,,-86.64220300000001,36.03369179999999,,,0.0,0.0,0.0423920321642221,0.0,11497.81647491359,-11423.516474913591,357.0034074067472,West,True
5882,1619473499.3,76.92739312770563,0.4245684531844187,30.0,,,-86.64218699999999,36.0336775,,,0.0,0.0,0.0,0.0,11499.960839623838,-11425.660839623839,356.9655320566974,West,True
5883,1619473499.4,77.02085391458091,0.4392277912624275,30.0,,,-86.6421712,36.03366320000001,,,0.0,0.0,0.0,0.0,11502.093180149104,-11427.793180149105,356.9635195806454,West,True
5884,1619473499.5,77.12274493110372,0.45181460907230975,30.0,,,-86.6421553,36.0336488,,,0.0,0.0,0.0,0.0,11504.23980398854,-11429.93980398854,357.00336495695217,West,True
5885,1619473499.6,77.19702008069378,0.46237594463667564,30.22773771671966,,,-86.6421393,36.0336345,,,0.0,0.0,0.0,0.0,11506.384169226087,-11432.084169226087,356.9654890850228,West,True
5886,1619473499.7,77.32835226854915,0.4709641589595276,30.730984462175297,,,-86.6421235,36.0336202,,,0.0,0.0,0.0,0.0,11508.516510268995,-11434.216510268996,357.01960588729276,West,True
5887,1619473499.8,77.44983993895433,0.47762034763483907,31.0,,,-86.64210729999999,36.0336058,,,0.0,0.0,0.0,0.0,11510.681195216339,-11436.38119521634,356.9654602511535,West,True
5888,1619473499.9,77.61628210278496,0.4823828702322307,31.0,,,-86.6420915,36.0335915,,,0.0,0.0,0.0,0.0,11512.813536603324,-11438.513536603325,356.9614744142983,West,True
5889,1619473500.0,77.70538366029302,0.48528199906594105,31.0,,,-86.6420755,36.033577,,,0.0,0.0,0.0,0.0,11514.974444681595,-11440.674444681596,356.9634332956904,West,True
5890,1619473500.1,77.84239881983386,0.4863588101824119,31.116251178187184,,,-86.64205960000001,36.033562599999996,,,0.0,0.0,0.0,0.0,11517.121069562338,-11442.821069562338,356.96341896567947,West,True
5891,1619473500.2,77.9794139793747,0.4856633764942514,31.232502356374365,,,-86.6420437,36.0335482,,,0.0,0.0,0.0,0.0,11519.26769461744,-11444.96769461744,357.0195352707583,West,True
5892,1619473500.3,78.10816681505686,0.4832739259223562,31.7322920402806,,,-86.6420275,36.0335338,,,0.0,0.0,0.0,0.0,11521.4323804603,-11447.1323804603,356.9967060896165,West,True
5893,1619473500.4,78.22822487604422,0.4792882119106533,32.0,,,-86.64201120000001,36.0335192,,,0.0,0.0,0.0,0.0,11523.619583467345,-11449.319583467346,356.9823189544317,West,True
5894,1619473500.5,78.33087287970545,0.4738347469853441,32.0,,,-86.64199520000001,36.0335048,,,0.0,0.0,0.0,0.0,11525.772208529674,-11451.472208529674,356.9988320862571,West,True
5895,1619473500.6,78.46371617281939,0.4670528707631494,32.0,,,-86.641979,36.0334903,,,0.0,0.0,0.0,0.0,11527.945132827315,-11453.645132827316,356.9613729221296,West,True
5896,1619473500.7,78.56610172620697,0.45909606277273085,32.0,,,-86.641963,36.0334758,,,0.0,0.0,0.0,0.0,11530.106042136344,-11455.806042136344,357.0582517461096,West,True
5897,1619473500.8,78.6890210322967,0.4501055156036664,32.0,,,-86.6419467,36.0334615,,,0.0,0.0,0.0,0.0,11532.268601168997,-11457.968601168997,356.9987888704071,West,True
5898,1619473500.9,78.7963857893829,0.44021305638813546,32.0,,,-86.6419305,36.033447,,,0.0,0.0,0.0,0.0,11534.441526002913,-11460.141526002913,356.9987744349109,West,True
5899,1619473501.0,78.95361095523415,0.4295183347360828,32.23288615534078,,,-86.6419143,36.0334325,,,0.0,0.0,0.0,0.0,11536.614451016609,-11462.31445101661,357.0171390689107,West,True
5900,1619473501.1,79.0316683880487,0.4180998329439326,32.732246819392955,,,-86.641898,36.033418,,,0.0,0.0,0.0,0.0,11538.793414617956,-11464.493414617957,356.976057371806,West,True
5901,1619473501.2,79.17940535518203,0.40600348180695345,33.0,,,-86.6418817,36.0334033,,,0.0,0.0,0.0,0.0,11540.98888512528,-11466.68888512528,356.9987309444855,West,True
5902,1619473501.3,79.2778857575293,0.39326438706194555,33.0,,,-86.64186550000001,36.0333888,,,0.0,0.0,0.0,0.0,11543.161810680525,-11468.861810680526,357.03290132482977,West,True
5903,1619473501.4,79.3747396643546,0.37990735284143873,33.0,,,-86.641849,36.0333742,,,0.0,0.0,0.0,0.0,11545.36110762935,-11471.06110762935,356.9987018113778,West,True
5904,1619473501.5,79.5074129711253,0.3659742539111345,33.0,,,-86.6418328,36.0333597,,,0.0,0.0,0.0,0.0,11547.534033544807,-11473.234033544808,357.0125864146293,West,True
5905,1619473501.6,79.60705074682254,0.35153037642898044,33.23292710091566,,,-86.64181629999999,36.033345,,,0.0,0.0,0.0,0.0,11549.741551638104,-11475.441551638105,356.97598401671036,West,True
5906,1619473501.7,79.68117358880845,0.3366882780802425,33.73254532741396,,,-86.6418,36.0333303,,,0.0,0.0,0.0,0.0,11551.937023051472,-11477.637023051473,357.0328436207365,West,True
5907,1619473501.8,79.76870720798998,0.32161199708927324,34.0,,,-86.6417835,36.0333157,,,0.0,0.0,0.0,0.0,11554.136320742842,-11479.836320742843,357.0125426851715,West,True
5908,1619473501.9,79.90738415628195,0.30652946685766935,34.0,,,-86.641767,36.033301,,,0.0,0.0,0.0,0.0,11556.343839392342,-11482.043839392343,357.0125280489122,West,True
5909,1619473502.0,79.92790106687296,0.2917291286111765,34.0,,,-86.6417505,36.03328629999999,,,0.0,0.0,0.0,0.0,11558.551358228537,-11484.251358228537,356.95539158292434,West,True
5910,1619473502.1,80.01480062119887,0.27755727860833773,34.0,,,-86.6417342,36.033271500000005,,,0.0,0.0,0.0,0.0,11560.75512152182,-11486.45512152182,357.0124989565846,West,True
5911,1619473502.2,80.09043151559365,0.26440554748219547,34.0,,,-86.6417177,36.0332568,,,0.0,0.0,0.0,0.0,11562.962640731499,-11488.6626407315,357.0381768283184,West,True
5912,1619473502.3,80.18279949491331,0.2526939444857154,34.115675900670155,,,-86.641701,36.03324205,,,0.0829953420293886,0.0,0.0,0.0,11565.1863847642,-11490.8863847642,357.03816214655876,West,True
5913,1619473502.4,80.27516747423297,0.24285093087711002,34.23135180134032,,,-86.6416843,36.0332273,,,0.1659906840587772,0.0,0.0,0.0,11567.410128986801,-11493.110128986802,357.0102548563902,West,True
5914,1619473502.5,80.29687124612899,0.23528623856635328,34.73159093050465,,,-86.6416677,36.0332125,,,0.2660415169331198,0.0,0.0,0.0,11569.631926009391,-11495.331926009392,356.98802339260607,West,True
5915,1619473502.6,80.33326086956522,0.2303677739559789,35.0,,,-86.641651,36.0331975,,,0.3660923498074624,0.0,0.0,0.0,11571.876252107544,-11497.576252107545,357.0280958674229,West,True
5916,1619473502.7,80.41067504596174,0.2283909322712923,35.0,,,-86.64163429999999,36.033182700000005,,,0.4661434212218066,0.0,0.0,0.0,11574.104100663748,-11499.804100663749,356.9900462200267,West,True
5917,1619473502.8,80.43987685611174,0.22955872644180567,35.0,,,-86.6416177,36.0331678,,,0.5661942540961493,0.0,0.0,0.0,11576.334146973119,-11502.03414697312,356.9879786799854,West,True
5918,1619473502.9,80.45109665945083,0.23395620714704718,35.0,,,-86.641601,36.0331528,,,0.6662453255104935,0.0,0.0,0.0,11578.57847364149,-11504.27847364149,357.02805174970626,West,True
5919,1619473503.0,80.51414286753737,0.24154119679313618,35.23129444489428,,,-86.6415843,36.033138,,,0.7662961583848361,0.0,0.0,0.0,11580.80632277185,-11506.506322771851,357.0058448816622,West,True
5920,1619473503.1,80.5717200580422,0.25213216515764647,35.73073240899067,,,-86.64156750000001,36.033123,,,0.8663469912591787,0.0,0.0,0.0,11583.05667633273,-11508.75667633273,357.00582994793695,West,True
5921,1619473503.2,80.64146783322886,0.265415148229199,36.0,,,-86.6415507,36.033108,,,0.9663980626735228,0.0,0.0,0.0,11585.30703008818,-11511.007030088182,356.98791877299516,West,True
5922,1619473503.3,80.73390606576706,0.28094979816953486,36.0,,,-86.641534,36.033093,,,1.0,0.0,0.0,0.0,11587.551357519395,-11513.251357519395,357.0058001703338,West,True
5923,1619473503.4,80.74553958456639,0.29819313123447705,36.230817240007525,,,-86.6415172,36.033078,,,1.0,0.0,0.0,0.0,11589.801711659658,-11515.50171165966,357.0234704383232,West,True
5924,1619473503.5,80.8267228695801,0.31652232829759785,36.730387264138585,,,-86.6415003,36.033063,,,1.0,0.0,0.0,0.0,11592.058112252002,-11517.758112252002,356.9697621689737,West,True
5925,1619473503.6,80.93250153668845,0.33526992135975875,37.0,,,-86.64148370000001,36.033048,,,1.0,0.0,0.0,0.0,11594.29643363347,-11519.99643363347,357.001535823745,West,True
5926,1619473503.7,81.01881687855018,0.3537561615391306,37.0,,,-86.6414667,36.0330328,,,1.0,0.0,0.0,0.0,11596.575344905927,-11522.275344905927,357.0234258147341,West,True
5927,1619473503.8,81.08517392548292,0.37132626671860974,37.0,,,-86.6414498,36.0330178,,,1.0,0.0,0.0,0.0,11598.831746085014,-11524.531746085015,356.9858001830628,West,True
5928,1619473503.9,81.165756500643,0.3873826005830149,37.0,,,-86.64143299999999,36.0330027,,,1.0,0.0,0.0,0.0,11601.090355104376,-11526.790355104376,356.96586063781547,West,True
5929,1619473504.0,81.29956414696935,0.4014144949838401,37.23146202700233,,,-86.6414162,36.0329875,,,1.0,0.0,0.0,0.0,11603.35724271488,-11529.05724271488,356.98476495575017,West,True
5930,1619473504.1,81.36978207348467,0.41302176495419707,37.61573101350116,,,-86.64139935,36.03297235,,,1.0,0.0,0.0,0.0,11605.622992434657,-11531.322992434658,356.984749879498,West,True
5931,1619473504.2,81.44,0.421930752279689,38.0,,,-86.64138249999999,36.032957200000006,,,1.0,0.0,0.0,0.0,11607.888742350176,-11533.588742350177,357.0408298052442,West,True
5932,1619473504.3,81.57226380317466,0.4280043540937716,38.0,,,-86.6413655,36.0329422,,,1.0,0.0,0.0,0.0,11610.151210365568,-11535.851210365568,356.9657998408995,West,True
5933,1619473504.4,81.67622143937405,0.43124225479240524,38.22994956286219,,,-86.64134870000001,36.032927,,,1.0,0.0,0.0,0.0,11612.418098749338,-11538.118098749339,356.9837053079665,West,True
5934,1619473504.5,81.74287202724277,0.43177671379857435,38.73172491183072,,,-86.6413318,36.0329118,,,1.0,0.0,0.0,0.0,11614.690989626259,-11540.39098962626,357.0056204375382,West,True
5935,1619473504.6,81.83835703363215,0.4298588236414371,39.0,,,-86.641315,36.0328968,,,1.0,0.0,0.0,0.0,11616.941346099504,-11542.641346099505,356.98169428794483,West,True
5936,1619473504.7,81.91940397044817,0.42584274163935315,39.0,,,-86.64129799999999,36.0328815,,,1.0,0.0,0.0,0.0,11619.228518308448,-11544.928518308448,357.00559038714954,West,True
5937,1619473504.8,82.06167240580396,0.4201626748163558,39.23073727338495,,,-86.64128120000001,36.0328665,,,1.0,0.0,0.0,0.0,11621.478875171539,-11547.17887517154,356.9836448722664,West,True
5938,1619473504.9,82.08342643712373,0.4133107270532197,39.7314583348256,,,-86.64126429999999,36.0328513,,,1.0,0.0,0.0,0.0,11623.751766829746,-11549.451766829747,356.9992675935845,West,True
5939,1619473505.0,82.16,0.4058109066414973,40.0,,,-86.64124720000001,36.032836,,,1.0,0.0,0.0,0.0,11626.044959363404,-11551.744959363405,357.0361309029708,West,True
5940,1619473505.1,82.24944274878918,0.39819673356802127,40.0,,,-86.64123000000001,36.0328208,,,1.0,0.0,0.0,0.0,11628.335975751826,-11554.035975751827,356.9816181320232,West,True
5941,1619473505.2,82.32249490517194,0.3909882465261265,40.0,,,-86.641213,36.0328055,,,1.0,0.0,0.0,0.0,11630.62314894659,-11556.32314894659,356.9448505142702,West,True
5942,1619473505.3,82.43842042072318,0.3846741819895344,40.11491040800702,,,-86.64119614999998,36.03279015,,,1.0,0.0,0.0,0.0,11632.905484311226,-11558.605484311227,356.9448352344635,West,True
5943,1619473505.4,82.55434593627442,0.3796953910901401,40.22982081601404,,,-86.64117929999999,36.0327748,,,1.0,0.0,0.0,0.0,11635.187819870449,-11560.88781987045,357.0209577274574,West,True
5944,1619473505.5,82.62072368063482,0.3764330357604935,40.729223694816895,,,-86.6411623,36.0327597,,,1.0,0.0,0.0,0.0,11637.458500147906,-11563.158500147907,356.94217510613623,West,True
5945,1619473505.6,82.7181936549535,0.375198290766217,41.0,,,-86.64114529999999,36.0327442,,,1.0,0.0,0.0,0.0,11639.762264244442,-11565.462264244443,357.0187394210667,West,True
5946,1619473505.7,82.83339136756021,0.3762247810795005,41.0,,,-86.6411282,36.032729,,,1.0,0.0,0.0,0.0,11642.04722097897,-11567.74722097897,356.98152691632095,West,True
5947,1619473505.8,82.94811342730583,0.3796626395545196,41.230140050272006,,,-86.64111120000001,36.0327137,,,1.0,0.0,0.0,0.0,11644.33439536279,-11570.03439536279,357.0122954122797,West,True
5948,1619473505.9,83.04601902752329,0.38557304455453967,41.73074875692553,,,-86.6410938,36.0326982,,,1.0,0.0,0.0,0.0,11646.662182469363,-11572.362182469364,357.01869384443927,West,True
5949,1619473506.0,83.13339692273281,0.39392638217872133,42.0,,,-86.6410767,36.032683,,,1.0,0.0,0.0,0.0,11648.947139808195,-11574.647139808196,356.9775879307148,West,True
5950,1619473506.1,83.2490459073073,0.40459964747012733,42.0,,,-86.6410595,36.0326675,,,1.0,0.0,0.0,0.0,11651.262877423678,-11576.962877423679,356.9775724978841,West,True
5951,1619473506.2,83.31,0.4173820477766983,42.23014457529889,,,-86.6410423,36.032652,,,1.0,0.0,0.0,0.0,11653.578615243023,-11579.278615243024,356.9599151112986,West,True
5952,1619473506.3,83.36121539856413,0.43197908628129955,42.72984970602427,,,-86.6410252,36.0326365,,,0.8391133742698816,0.0,1.0,0.0,11655.888357248616,-11581.588357248616,357.0122191402824,West,True
5953,1619473506.4,83.47741211018663,0.4480301606019219,43.0,,,-86.6410078,36.032621,,,0.2109405421596525,0.0,1.0,0.0,11658.216145385088,-11583.916145385088,356.99903911787885,West,True
5954,1619473506.5,83.61358985920677,0.46512213323399243,43.0,,,-86.6409907,36.032605700000005,,,0.0,0.0,0.9077823506571276,0.0,11660.509340934203,-11586.209340934203,356.9737073425826,West,True
5955,1619473506.6,83.72850354603456,0.4828192506262974,43.23084126196452,,,-86.6409733,36.03259,,,0.0,0.0,0.7689419656260562,0.0,11662.853643140628,-11588.553643140629,356.95985285400815,West,True
5956,1619473506.7,83.75751149869375,0.5006829691427954,43.73116930212141,,,-86.6409562,36.0325745,,,0.0,0.0,0.630101249573396,0.0,11665.163385951979,-11590.86338595198,356.93855328214534,West,True
5957,1619473506.8,83.88228897888872,0.5183066821728262,44.0,,,-86.640939,36.0325588,,,0.0,0.0,0.4912608645423246,0.0,11667.495723965389,-11593.19572396539,356.9949034942472,West,True
5958,1619473506.9,84.02117857584786,0.5353317846470149,44.0,,,-86.6409217,36.03254329999999,,,0.0,0.0,0.3524201484896644,0.0,11669.81747857852,-11595.51747857852,356.9928860230133,West,True
5959,1619473507.0,84.16526324423342,0.551474449100966,44.23119800392257,,,-86.64090429999999,36.0325277,,,0.0,0.0,0.213579763458593,0.0,11672.153512913272,-11597.853512913272,356.9561691535958,West,True
5960,1619473507.1,84.29004829606612,0.5665268078290489,44.730968035593854,,,-86.640887,36.032512,,,0.0,0.0,0.0747393784275217,0.0,11674.491824206234,-11600.191824206235,356.9384904089804,West,True
5961,1619473507.2,84.44,0.580365822870571,45.0,,,-86.6408698,36.0324963,,,0.0,0.0,0.0,0.0,11676.824163032874,-11602.524163032875,356.93678713986014,West,True
5962,1619473507.3,84.59,0.5929357686281382,45.0,,,-86.64085250000001,36.0324805,,,0.0,0.0,0.0,0.0,11679.170788102816,-11604.870788102817,357.0291091280575,West,True
5963,1619473507.4,84.70650731960099,0.6042395036188324,45.22877091600855,,,-86.640835,36.032465,,,0.0,0.0,0.0,0.0,11681.504631934471,-11607.204631934472,356.89805550647816,West,True
5964,1619473507.5,84.83991907235173,0.6143098911301821,45.72996645790988,,,-86.6408177,36.032449,,,0.0,0.0,0.0,0.0,11683.867953362409,-11609.56795336241,356.9735519487202,West,True
5965,1619473507.6,84.96896216341021,0.6231944599827004,46.0,,,-86.64080030000001,36.0324333,,,0.0,0.0,0.0,0.0,11686.212257644876,-11611.912257644877,356.9898172804462,West,True
5966,1619473507.7,85.1136732636656,0.6309305726468645,46.115863754819486,,,-86.64078275,36.032417550000005,,,0.0,0.0,0.0,0.0,11688.569713204222,-11614.269713204223,356.98980159626166,West,True
5967,1619473507.8,85.258384363921,0.637537511835115,46.23172750963898,,,-86.6407652,36.0324018,,,0.0,0.0,0.0,0.0,11690.92716897454,-11616.62716897454,356.9157842801729,West,True
5968,1619473507.9,85.40529396161352,0.6430073888806318,46.72992680788793,,,-86.6407478,36.03238579999999,,,0.0,0.0,0.0,0.0,11693.29641993732,-11618.99641993732,356.9716199223523,West,True
5969,1619473508.0,85.55350443314248,0.6473118414988539,46.86496340394396,,,-86.6407303,36.03237,,,0.0,0.0,0.0,0.0,11695.65500720005,-11621.35500720005,356.97160419132683,West,True
5970,1619473508.1,85.70171490467143,0.6504098875210031,47.0,,,-86.6407128,36.0323542,,,0.0,0.0,0.0,0.0,11698.013594673972,-11623.713594673973,356.9697404470032,West,True
5971,1619473508.2,85.81523886771807,0.6522652077899548,47.231449481965726,,,-86.64069520000001,36.0323383,,,0.0,0.0,0.0,0.0,11700.386464723102,-11626.086464723103,356.9678974859085,West,True
5972,1619473508.3,85.97851645261086,0.6528615876317672,47.73180438166928,,,-86.6406775,36.0323223,,,0.0,0.0,0.0,0.0,11702.773617569028,-11628.473617569029,357.00571362961,West,True
5973,1619473508.4,86.07161329772407,0.6522198340245854,48.0,,,-86.6406598,36.0323065,,,0.0,0.0,0.0,0.0,11705.144242529888,-11630.844242529889,356.91262676505886,West,True
5974,1619473508.5,86.2462386736071,0.650408608710812,48.0,,,-86.6406422,36.0322903,,,0.0,0.0,0.0,0.0,11707.542071471562,-11633.242071471563,356.96784979027314,West,True
5975,1619473508.6,86.35467315624794,0.6475518560248181,48.0,,,-86.6406245,36.0322743,,,0.0,0.0,0.0,0.0,11709.929224963316,-11635.629224963317,356.96783386245875,West,True
5976,1619473508.7,86.53341385688907,0.6438284724437625,48.0,,,-86.6406068,36.0322583,,,0.0,0.0,0.0,0.0,11712.316378670042,-11638.016378670043,356.9660112836773,West,True
5977,1619473508.8,86.61908977267467,0.6394687057424088,48.23086104964322,,,-86.640589,36.0322422,,,0.0,0.0,0.0,0.0,11714.71781539308,-11640.41781539308,356.9678019169126,West,True
5978,1619473508.9,86.78336914978006,0.6347443894215457,48.73201407043822,,,-86.6405713,36.0322262,,,0.0,0.0,0.0,0.0,11717.104969532862,-11642.804969532863,356.9847892882592,West,True
5979,1619473509.0,86.89850566863271,0.6299591231024235,48.86600703521911,,,-86.64055350000001,36.0322102,,,0.0,0.0,0.0,0.0,11719.498128736876,-11645.198128736876,356.98477335875197,West,True
5980,1619473509.1,87.01364218748537,0.6254350832330057,49.0,,,-86.6405357,36.032194200000006,,,0.0,0.0,0.0,0.0,11721.891288159199,-11647.5912881592,356.9912545529037,West,True
5981,1619473509.2,87.15374578626535,0.6215024295237452,49.36507468166857,,,-86.64051775,36.0321781,,,0.0,0.0,0.0,0.0,11724.301736947267,-11650.001736947268,356.9912385227227,West,True
5982,1619473509.3,87.2938493850453,0.6184871710226703,49.730149363337134,,,-86.6404998,36.032162,,,0.0,0.0,0.0,0.0,11726.712185956258,-11652.412185956258,356.9623617662223,West,True
5983,1619473509.4,87.33281836065574,0.6167015012158132,50.0,,,-86.6404818,36.03214570000001,,,0.0,0.0,0.0,0.0,11729.142190219654,-11654.842190219655,356.9470889212925,West,True
5984,1619473509.5,87.48987488821253,0.6164333007824813,50.114881685099334,,,-86.64046400000001,36.0321295,,,0.0,0.0,0.0,0.0,11731.551929290596,-11657.251929290596,356.9470727983786,West,True
5985,1619473509.6,87.64693141576932,0.6179357315772227,50.22976337019866,,,-86.6404462,36.0321133,,,0.0,0.0,0.0,0.0,11733.961668581045,-11659.661668581046,357.0324300449735,West,True
5986,1619473509.7,87.7776886937075,0.6214171714215415,50.73054481328346,,,-86.640428,36.0320972,,,0.0,0.0,0.0,0.0,11736.38722945277,-11662.08722945277,357.0140150594425,West,True
5987,1619473509.8,87.91204936258524,0.6270286728777661,51.0,,,-86.6404098,36.032081,,,0.0,0.0,0.0,0.0,11738.821009099924,-11664.521009099924,356.9790323522007,West,True
5988,1619473509.9,88.00922598833857,0.6348548347066263,51.0,,,-86.6403917,36.03206470000001,,,0.0,0.0,0.0,0.0,11741.257013295017,-11666.957013295018,357.0099829735574,West,True
5989,1619473510.0,88.12668801860757,0.6449010026350424,51.0,,,-86.64037330000001,36.03204829999999,,,0.0,0.0,0.0,0.0,11743.719347589358,-11669.419347589359,356.97899962973156,West,True
5990,1619473510.1,88.32397425758774,0.6570886584499845,51.0,,,-86.6403552,36.032032,,,0.0,0.0,0.0,0.0,11746.155352235899,-11671.8553522359,357.0281498175734,West,True
5991,1619473510.2,88.36436173303554,0.6712473445753842,51.23065304648133,,,-86.6403368,36.0320157,,,0.0,0.0,0.0,0.0,11748.609463306182,-11674.309463306183,357.03022216088107,West,True
5992,1619473510.3,88.53346771930141,0.687119489106403,51.73065721884526,,,-86.6403185,36.0319995,,,0.0,0.0,0.0,0.0,11751.049299925084,-11676.749299925084,356.95872307554754,West,True
5993,1619473510.4,88.66284629304671,0.7043622172177011,52.0,,,-86.6403003,36.031983,,,0.0,0.0,0.0,0.0,11753.507873479371,-11679.207873479372,357.00793431176,West,True
5994,1619473510.5,88.8575440097577,0.7225645114929861,52.0,,,-86.6402818,36.0319665,,,0.0,0.0,0.0,0.0,11755.984486433135,-11681.684486433136,357.03017368450816,West,True
5995,1619473510.6,89.03052335854454,0.7412607107292792,52.23064733615995,,,-86.6402635,36.0319503,,,0.0,0.0,0.0,0.0,11758.424323745283,-11684.124323745284,357.00790163146627,West,True
5996,1619473510.7,89.26958383007381,0.7599581617534389,52.72850719552553,,,-86.640245,36.0319338,,,0.0,0.0,0.0,0.0,11760.900937163522,-11686.600937163523,357.04408854919376,West,True
5997,1619473510.8,89.4072433492019,0.7781588728939681,53.0,,,-86.6402265,36.0319175,,,0.0,0.0,0.0,0.0,11763.361121157812,-11689.061121157813,357.007868775892,West,True
5998,1619473510.9,89.62022482178762,0.7953906991727926,53.0,,,-86.640208,36.031901,,,0.0,0.0,0.0,0.0,11765.837735040499,-11691.5377350405,357.0756151213744,West,True
5999,1619473511.0,89.78872939586228,0.8112292097201124,53.22982594747872,,,-86.64018929999999,36.0318847,,,0.0,0.0,0.0,0.0,11768.310115965436,-11694.010115965437,356.97519507682824,West,True
6000,1619473511.1,89.98349342396926,0.8253228819644293,53.73039402893874,,,-86.640171,36.031868200000005,,,0.0,0.0,0.0,0.0,11770.774686037048,-11696.474686037049,357.0554820875387,West,True
6001,1619473511.2,90.20063191491342,0.8374065206722532,54.0,,,-86.6401522,36.0318517,,,0.0,0.0,0.0,0.0,11773.269501102175,-11698.969501102176,357.0078028036324,West,True
6002,1619473511.3,90.35113309914848,0.8473127684273158,54.0,,,-86.6401337,36.0318352,,,0.0,0.0,0.0,0.0,11775.746115917727,-11701.446115917728,357.03973125624293,West,True
6003,1619473511.4,90.5552293013235,0.854972227272877,54.0,,,-86.64011500000001,36.0318187,,,0.0,0.0,0.0,0.0,11778.23484692986,-11703.93484692986,356.97156742663424,West,True
6004,1619473511.5,90.7495685563196,0.860409138665394,54.0,,,-86.6400965,36.031802,,,0.0,0.0,0.0,0.0,11780.727981965983,-11706.427981965984,357.0554169897199,West,True
6005,1619473511.6,90.93754041276222,0.8637297100778014,54.23001708628275,,,-86.6400777,36.0317855,,,0.0,0.0,0.0,0.0,11783.222797993283,-11708.922797993284,357.0355125164574,West,True
6006,1619473511.7,91.0755973885242,0.8651059395288327,54.72942591280638,,,-86.6400588,36.0317688,,,0.0,0.0,0.0,0.0,11785.740076594426,-11711.440076594427,356.96976513693176,West,True
6007,1619473511.8,91.27204878535714,0.8647588138648135,55.0,,,-86.6400402,36.031752,,,0.0,0.0,0.0,0.0,11788.247494673502,-11713.947494673503,357.03547952684283,West,True
6008,1619473511.9,91.42846536664636,0.8629374386958573,55.0,,,-86.6400213,36.0317353,,,0.0,0.0,0.0,0.0,11790.764773762641,-11716.464773762642,357.0057400086622,West,True
6009,1619473512.0,91.58678102794774,0.8599049258206973,55.0,,,-86.6400027,36.031718700000006,,,0.0,0.0,0.0,0.0,11793.255668017626,-11718.955668017627,357.0009474196546,West,True
6010,1619473512.1,91.75530109610779,0.8559188836612727,55.11457483562327,,,-86.63998385,36.031701850000005,,,0.0,0.0,0.0,0.0,11795.782258104227,-11721.482258104228,357.00093064277104,West,True
6011,1619473512.2,91.92382116426782,0.8512249734423001,55.22914967124655,,,-86.639965,36.031685,,,0.0,0.0,0.0,0.0,11798.30884843323,-11724.00884843323,356.9981085486089,West,True
6012,1619473512.3,92.12024788337438,0.8460410189942869,55.72865722584725,,,-86.639946,36.031668,,,0.0,0.0,0.0,0.0,11800.856857114986,-11726.556857114987,357.0293050198375,West,True
6013,1619473512.4,92.23139915391886,0.8405589162891405,56.0,,,-86.6399268,36.031651,,,0.0,0.0,0.0,0.0,11803.416960025064,-11729.116960025065,356.9980745199873,West,True
6014,1619473512.5,92.39334782851093,0.8349311962985775,56.0,,,-86.6399078,36.031634,,,0.0,0.0,0.0,0.0,11805.964969200462,-11731.664969200463,356.9980575990089,West,True
6015,1619473512.6,92.58581109865472,0.8292791276756046,56.0,,,-86.6398888,36.031617,,,0.0,0.0,0.0,0.0,11808.512978623967,-11734.212978623968,356.9980406694562,West,True
6016,1619473512.7,92.77,0.8236796910176813,56.0,,,-86.6398698,36.0316,,,0.0,0.0,0.0,0.0,11811.060988293862,-11736.760988293863,357.013712292473,West,True
6017,1619473512.8,92.89100574158284,0.8181775679606775,56.0,,,-86.6398507,36.031583000000005,,,0.0,0.0,0.0,0.0,11813.615036538204,-11739.315036538204,357.02526450744523,West,True
6018,1619473512.9,93.048239747694,0.8127721131518841,56.0,,,-86.6398313,36.0315658,,,0.0,0.0,0.0,0.0,11816.20369056475,-11741.90369056475,356.96107630289123,West,True
6019,1619473513.0,93.2146221374391,0.8074325304418827,56.22936205543216,,,-86.6398122,36.0315485,,,0.0,0.0,0.0,0.0,11818.782526305775,-11744.482526305776,356.97685736869477,West,True
6020,1619473513.1,93.38200707421376,0.8020866645377194,56.72970442068697,,,-86.63979300000001,36.0315312,,,0.0,0.0,0.0,0.0,11821.367359902837,-11747.067359902838,357.0404416162986,West,True
6021,1619473513.2,93.53322199091598,0.7966399107489346,57.0,,,-86.6397735,36.031514,,,0.0,0.0,0.0,0.0,11823.962083107988,-11749.662083107989,356.99245786760986,West,True
6022,1619473513.3,93.67668132590032,0.7909682939592879,57.0,,,-86.6397542,36.0314967,,,0.0,0.0,0.0,0.0,11826.552932148988,-11752.25293214899,356.95936292876075,West,True
6023,1619473513.4,93.82469334903904,0.7849409364448492,57.0,,,-86.639735,36.0314793,,,0.0,0.0,0.0,0.0,11829.146052434537,-11754.846052434537,357.05756738219844,West,True
6024,1619473513.5,94.04210613493024,0.7784180689420404,57.0,,,-86.63971550000001,36.0314622,,,0.0,0.0,0.0,0.0,11831.73259123476,-11757.432591234761,356.9750533703432,West,True
6025,1619473513.6,94.17644361459678,0.7712743374333095,57.0,,,-86.6396962,36.0314448,,,0.0,0.0,0.0,0.0,11834.331707791902,-11760.031707791903,357.0193437838835,West,True
6026,1619473513.7,94.3574289101721,0.7633992383776473,57.0,,,-86.63967650000001,36.0314273,,,0.0,0.0,0.0,0.0,11836.963190782304,-11762.663190782305,357.01932636427176,West,True
6027,1619473513.8,94.51220709123344,0.7547160898546386,57.0,,,-86.6396568,36.0314098,,,0.0,0.0,0.0,0.0,11839.594674037922,-11765.294674037923,357.10903357875617,West,True
6028,1619473513.9,94.66932829925224,0.7451803437852609,57.0,,,-86.6396373,36.031393,,,0.0,0.0,0.0,0.0,11842.15679100004,-11767.85679100004,357.05537863358006,West,True
6029,1619473514.0,94.82869300496915,0.7347890254770102,57.0,,,-86.6396177,36.0313758,,,0.0,0.0,0.0,0.0,11844.757601636755,-11770.457601636755,357.0574649687559,West,True
6030,1619473514.1,94.98346187887218,0.7235734245092966,57.0,,,-86.63959820000001,36.031358700000006,,,0.0,0.0,0.0,0.0,11847.344141998354,-11773.044141998354,356.98874155223905,West,True
6031,1619473514.2,95.1228563654174,0.7115971362652797,57.0,,,-86.6395787,36.0313412,,,0.0,0.0,0.0,0.0,11849.963553091782,-11775.663553091783,356.99049490461357,West,True
6032,1619473514.3,95.26050434557251,0.6989436242795688,57.0,,,-86.6395593,36.0313238,,,0.0,0.0,0.0,0.0,11852.568684450427,-11778.268684450428,357.0342501081577,West,True
6033,1619473514.4,95.40266798830442,0.6857061413521517,57.0,,,-86.6395395,36.0313063,,,0.0,0.0,0.0,0.0,11855.206231140515,-11780.906231140516,357.06806769082226,West,True
6034,1619473514.5,95.5410348509322,0.6719751167898251,57.0,,,-86.63951970000001,36.031289,,,0.0,0.0,0.0,0.0,11857.827413760016,-11783.527413760017,357.0154281809429,West,True
6035,1619473514.6,95.7003074394815,0.657826991949638,57.0,,,-86.6394998,36.0312713,,,0.0,0.0,0.0,0.0,11860.48745173479,-11786.187451734791,357.057615192102,West,True
6036,1619473514.7,95.79976240501291,0.643318132370519,57.0,,,-86.63947950000001,36.0312535,,,0.0,0.0,0.0,0.0,11863.179982465621,-11788.879982465622,356.98514779713094,West,True
6037,1619473514.8,95.92480139468736,0.628479340209583,57.0,,,-86.6394598,36.0312358,,,0.0,0.0,0.0,0.0,11865.827955791794,-11791.527955791795,357.0135235545416,West,True
6038,1619473514.9,96.06,0.6133204787577367,57.0,,,-86.63943979999999,36.031218,,,0.0,0.0,0.0,0.0,11868.502271282836,-11794.202271282837,356.9370735033676,West,True
6039,1619473515.0,96.19911646973716,0.5978330575693576,57.0,,,-86.6394203,36.0312002,,,0.0,0.0,0.0,0.0,11871.146560133802,-11796.846560133803,357.07831700885845,West,True
6040,1619473515.1,96.35085011610153,0.5820043373084447,57.0,,,-86.6394002,36.0311827,,,0.0,0.0,0.0,0.0,11873.802394020613,-11799.502394020614,356.9648284034262,West,True
6041,1619473515.2,96.50323808647654,0.5658246242991049,57.0,,,-86.6393803,36.031164700000005,,,0.0,0.0,0.0,0.0,11876.487209182656,-11802.187209182657,357.01530473892996,West,True
6042,1619473515.3,96.6060888764626,0.549304665738032,57.0,,,-86.6393604,36.031147000000004,,,0.0,0.0,0.0,0.0,11879.14724905619,-11804.84724905619,357.0152871153099,West,True
6043,1619473515.4,96.70893966644866,0.5324807531989171,57.0,,,-86.6393405,36.0311293,,,0.0,0.0,0.0,0.0,11881.807289200224,-11807.507289200224,356.9799225195612,West,True
6044,1619473515.5,96.80765098204937,0.5154277528049604,57.0,,,-86.6393205,36.03111129999999,,,0.0,0.0,0.0,0.0,11884.498107027423,-11810.198107027423,356.9799046024655,West,True
6045,1619473515.6,96.9513729964534,0.4982558598018394,57.0,,,-86.6393005,36.0310933,,,0.0,0.0,0.0,0.0,11887.188925126682,-11812.888925126683,357.04289995475585,West,True
6046,1619473515.7,97.06973852363308,0.4811143211749116,57.0,,,-86.6392803,36.0310755,,,0.0,0.0,0.0,0.0,11889.875370329786,-11815.575370329787,356.9948664132762,West,True
6047,1619473515.8,97.15669633177151,0.46417797490980184,56.77437583700019,,,-86.63926020000001,36.0310575,,,0.0,0.0,0.0,0.0,11892.572207463578,-11818.272207463579,356.94635652014387,West,True
6048,1619473515.9,97.25836097270766,0.4476417282679831,56.27285608379567,,,-86.6392402,36.0310393,,,0.0,0.0,0.0,0.0,11895.279609187619,-11820.97960918762,357.00968058489013,West,True
6049,1619473516.0,97.33977443471753,0.43170009926615427,56.0,,,-86.63922,36.0310213,,,0.0,0.0,0.0,0.0,11897.98248188798,-11823.682481887981,356.986480276731,West,True
6050,1619473516.1,97.41440369483954,0.41653686019852465,56.0,,,-86.6391999,36.03100325,,,0.0,0.0,0.0,0.0,11900.683448696791,-11826.383448696792,356.9864623096947,West,True
6051,1619473516.2,97.48903295496156,0.4023038645993865,56.0,,,-86.6391798,36.0309852,,,0.0,0.0,0.0,0.0,11903.384415782171,-11829.084415782172,356.9614476745764,West,True
6052,1619473516.3,97.57511012930836,0.3891118907883904,56.0,,,-86.63915970000001,36.030967,,,0.0,0.0,0.0,0.0,11906.097800319165,-11831.797800319166,357.00960917052817,West,True
6053,1619473516.4,97.66054240222486,0.3770149017502006,56.0,,,-86.6391395,36.030949,,,0.0,0.0,0.0,0.0,11908.800674139387,-11834.500674139388,356.9912927280153,West,True
6054,1619473516.5,97.73070269729544,0.36600690011680764,56.0,,,-86.63911920000001,36.03093079999999,,,0.0,0.0,0.0,0.0,11911.526072296081,-11837.226072296082,356.96297626348166,West,True
6055,1619473516.6,97.77016901408452,0.35601522757072185,56.0,,,-86.6390992,36.0309127,,,0.0,0.0,0.0,0.0,11914.225174376594,-11839.925174376594,357.0205570306275,West,True
6056,1619473516.7,97.85366655047793,0.3469055862090051,56.0,,,-86.6390787,36.0308945,,,0.0,0.0,0.0,0.0,11916.962651610464,-11842.662651610464,357.0041979822484,West,True
6057,1619473516.8,97.93915844137044,0.3384848343021244,56.0,,,-86.63905820000001,36.0308762,,,0.0,0.0,0.0,0.0,11919.708359700217,-11845.408359700217,357.0059420984542,West,True
6058,1619473516.9,98.0201241409887,0.3305138621321414,56.0,,,-86.6390378,36.030858,,,0.0,0.0,0.0,0.0,11922.43979012299,-11848.13979012299,356.9747007274665,West,True
6059,1619473517.0,98.13210922959853,0.3227179371309388,56.0,,,-86.63901750000001,36.03083970000001,,,0.0,0.0,0.0,0.0,11925.173456625635,-11850.873456625635,356.9911838403766,West,True
6060,1619473517.1,98.1990133213536,0.3148054921649743,56.0,,,-86.6389972,36.0308215,,,0.0,0.0,0.0,0.0,11927.898856479698,-11853.598856479699,356.95662645140953,West,True
6061,1619473517.2,98.2,0.30648257767398546,55.77096039892305,,,-86.6389768,36.030803000000006,,,0.0,0.0,0.0,0.0,11930.655094479433,-11856.355094479433,356.97464598533054,West,True
6062,1619473517.3,98.3461498649457,0.29747442634416693,55.27238979394127,,,-86.63895649999999,36.0307847,,,0.0,0.0,0.0,0.0,11933.388761835215,-11859.088761835215,356.98774835442055,West,True
6063,1619473517.4,98.40642924391994,0.2875394739872498,55.0,,,-86.638936,36.0307663,,,0.0,0.0,0.0,0.0,11936.142722512737,-11861.842722512738,356.9416074225326,West,True
6064,1619473517.5,98.47563177424529,0.2764893976722699,55.0,,,-86.6389157,36.03074779999999,,,0.0,0.0,0.0,0.0,11938.8929846204,-11864.5929846204,357.0329473235078,West,True
6065,1619473517.6,98.53719644790596,0.2641974747570967,55.0,,,-86.63889499999999,36.0307295,,,0.0,0.0,0.0,0.0,11941.650801903894,-11867.350801903895,356.97295467759596,West,True
6066,1619473517.7,98.62859822395298,0.25061223240670566,55.0,,,-86.6388746,36.030711100000005,,,0.0,0.0,0.0,0.0,11944.398752313205,-11870.098752313206,356.97293635843937,West,True
6067,1619473517.8,98.72,0.23575558713999095,55.0,,,-86.6388542,36.0306927,,,0.0,0.0,0.0,0.0,11947.146703009155,-11872.846703009156,357.016708702889,West,True
6068,1619473517.9,98.76870206864042,0.21972654389767354,55.0,,,-86.63883349999999,36.0306743,,,0.0,0.0,0.0,0.0,11949.912735917227,-11875.612735917228,357.00050626820547,West,True
6069,1619473518.0,98.77629510593042,0.2026874937037253,55.0,,,-86.6388128,36.0306558,,,0.0,0.0,0.0,0.0,11952.687004104986,-11878.387004104987,356.9414956591186,West,True
6070,1619473518.1,98.86881696006056,0.18485795914210595,55.0,,,-86.63879250000001,36.0306373,,,0.0,0.0,0.0,0.0,11955.437267910249,-11881.13726791025,357.0328388851606,West,True
6071,1619473518.2,98.904211110296,0.16649195842284764,55.0,,,-86.6387718,36.030619,,,0.0,0.0,0.0,0.0,11958.195086956755,-11883.895086956756,356.9712418872788,West,True
6072,1619473518.3,98.9254809923419,0.14786608337694296,55.0,,,-86.6387513,36.0306005,,,0.0,0.0,0.0,0.0,11960.957321203343,-11886.657321203344,356.95337518674415,West,True
6073,1619473518.4,98.91952608343097,0.12925457444678173,55.0,,,-86.6387307,36.0305818,,,0.0,0.0,0.0,0.0,11963.742130832845,-11889.442130832846,356.97120496239427,West,True
6074,1619473518.5,99.00562199138588,0.1109183970754867,55.0,,,-86.6387102,36.0305633,,,0.0,0.0,0.0,0.0,11966.504365659563,-11892.204365659563,357.00039656621226,West,True
6075,1619473518.6,99.024627545306,0.09308522401964694,54.77241588628143,,,-86.6386895,36.0305448,,,0.0,0.0,0.0,0.0,11969.2786356075,-11894.9786356075,356.98419382831673,West,True
6076,1619473518.7,98.93360051339064,0.07594505251067628,54.27122753392689,,,-86.63866879999999,36.0305262,,,0.0,0.0,0.0,0.0,11972.061160895102,-11897.761160895103,356.9858252437014,West,True
6077,1619473518.8,99.0036031488945,0.05963932217387395,54.0,,,-86.6386482,36.03050770000001,,,0.0,0.0,0.0,0.0,11974.829405943685,-11900.529405943686,356.96797284653775,West,True
6078,1619473518.9,99.0337343716038,0.04426484388636473,54.0,,,-86.6386275,36.030489,,,0.0,0.0,0.0,0.0,11977.620206747673,-11903.320206747674,357.01118980187556,West,True
6079,1619473519.0,99.01848733930304,0.029871848675405935,54.0,,,-86.6386065,36.0304703,,,0.0,0.0,0.0,0.0,11980.429073114246,-11906.129073114247,356.98411958129896,West,True
6080,1619473519.1,98.94497958653454,0.01647413333282193,54.0,,,-86.6385858,36.03045170000001,,,0.0,0.0,0.0,0.0,11983.211599577511,-11908.911599577512,357.01468134440273,West,True
6081,1619473519.2,98.89705105804698,0.004052666333848565,54.0,,,-86.638565,36.0304332,,,0.0,0.0,0.0,0.0,11985.991912815867,-11911.691912815868,356.98244834323987,West,True
6082,1619473519.3,98.9892923855964,-0.007431981431031351,54.0,,,-86.6385442,36.0304145,,,0.0,0.0,0.0,0.0,11988.788720608547,-11914.488720608548,356.95169526625017,West,True
6083,1619473519.4,98.94861205538513,-0.0180344465011192,54.0,,,-86.6385235,36.03039570000001,,,0.0,0.0,0.0,0.0,11991.58781751452,-11917.287817514522,356.98241119780045,West,True
6084,1619473519.5,98.91653302190426,-0.027813367132930405,54.0,,,-86.6385027,36.030377,,,0.0,0.0,0.0,0.0,11994.384625903269,-11920.08462590327,356.96784199875447,West,True
6085,1619473519.6,98.9011227276838,-0.03682731599942455,54.0,,,-86.638482,36.0303583,,,0.0,0.0,0.0,0.0,11997.175428766637,-11922.875428766638,356.95163903107203,West,True
6086,1619473519.7,98.90759873846244,-0.04512692791071732,54.0,,,-86.6384613,36.0303395,,,0.0,0.0,0.0,0.0,11999.974526556936,-11925.674526556937,356.9531131297594,West,True
6087,1619473519.8,98.9549667354898,-0.05275308092195792,53.77086504433198,,,-86.6384407,36.0303208,,,0.0,0.0,0.0,0.0,12002.759340269187,-11928.459340269188,356.9516016970369,West,True
6088,1619473519.9,98.9213710187528,-0.05973332018589228,53.2720934491419,,,-86.63842,36.030302,,,0.0,0.0,0.0,0.0,12005.558438649034,-11931.258438649034,356.9823185639172,West,True
6089,1619473520.0,98.91026366672526,-0.06608236638623934,53.0,,,-86.63839920000001,36.0302833,,,0.0,0.0,0.0,0.0,12008.355248524249,-11934.05524852425,356.9831150798993,West,True
6090,1619473520.1,98.89147221663602,-0.07180305597293785,53.0,,,-86.63837845,36.03026465000001,,,0.0,0.0,0.0,0.0,12011.144918295468,-11936.844918295468,356.9830965115642,West,True
6091,1619473520.2,98.87268076654678,-0.07688849434995534,53.0,,,-86.6383577,36.030246000000005,,,0.0,0.0,0.0,0.0,12013.934588362757,-11939.634588362758,356.9677115986732,West,True
6092,1619473520.3,98.81142372259426,-0.08132683142543175,53.0,,,-86.63833699999999,36.0302273,,,0.0,0.0,0.0,0.0,12016.725393291406,-11942.425393291407,356.983878506843,West,True
6093,1619473520.4,98.7430977347615,-0.08510345372504285,53.0,,,-86.6383163,36.0302087,,,0.0,0.0,0.0,0.0,12019.507923596575,-11945.207923596576,356.9054631214357,West,True
6094,1619473520.5,98.70618877972971,-0.0882077454432039,53.0,,,-86.6382958,36.0301898,,,0.0,0.0,0.0,0.0,12022.303445650345,-11948.003445650345,356.9983157460291,West,True
6095,1619473520.6,98.72317542034068,-0.09063297815976494,53.0,,,-86.638275,36.030171200000005,,,0.0,0.0,0.0,0.0,12025.092000215212,-11950.792000215213,356.9676372225509,West,True
6096,1619473520.7,98.6507476872846,-0.09238261000468537,53.0,,,-86.6382543,36.0301525,,,0.0,0.0,0.0,0.0,12027.88280632193,-11953.58280632193,356.938090605891,West,True
6097,1619473520.8,98.58305853824234,-0.09346595764625551,53.0,,,-86.6382338,36.0301338,,,0.0,0.0,0.0,0.0,12030.661649384836,-11956.361649384837,356.96917170012796,West,True
6098,1619473520.9,98.60315472956518,-0.09390249163961874,53.0,,,-86.6382132,36.0301152,,,0.0,0.0,0.0,0.0,12033.438173551667,-11959.138173551668,356.9675816466331,West,True
6099,1619473521.0,98.5480895262848,-0.09371332583532249,53.0,,,-86.6381925,36.0300965,,,0.0,0.0,0.0,0.0,12036.22898054041,-11961.928980540411,356.9821149542598,West,True
6100,1619473521.1,98.50791249400548,-0.0929241057440379,53.0,,,-86.6381717,36.0300778,,,0.0,0.0,0.0,0.0,12039.025793679708,-11964.725793679709,356.9543589407735,West,True
6101,1619473521.2,98.48078701825558,-0.09155471568574346,52.77395696783452,,,-86.6381512,36.0300592,,,0.0,0.0,0.0,0.0,12041.796327261729,-11967.49632726173,356.96752589092205,West,True
6102,1619473521.3,98.5174984924072,-0.08962309501846422,52.27320840586147,,,-86.6381305,36.030040500000005,,,0.0,0.0,0.0,0.0,12044.587135132497,-11970.287135132497,356.9675072770672,West,True
6103,1619473521.4,98.52493491345122,-0.08713646981252898,52.0,,,-86.6381098,36.0300218,,,0.0,0.0,0.0,0.0,12047.377943300024,-11973.077943300024,356.99815015699625,West,True
6104,1619473521.5,98.3934198892904,-0.08409818374476193,52.0,,,-86.63808900000001,36.0300032,,,0.0,0.0,0.0,0.0,12050.166500539677,-11975.866500539678,356.967469954073,West,True
6105,1619473521.6,98.40182399208786,-0.08050234153106775,52.0,,,-86.6380683,36.0299845,,,0.0,0.0,0.0,0.0,12052.957309295087,-11978.657309295088,356.9527579974144,West,True
6106,1619473521.7,98.36571831574548,-0.0763435982114378,52.0,,,-86.6380477,36.0299658,,,0.0,0.0,0.0,0.0,12055.74212856047,-11981.442128560471,356.9836197208231,West,True
6107,1619473521.8,98.32014390457432,-0.07161448551699129,52.0,,,-86.63802700000001,36.0299472,,,0.0,0.0,0.0,0.0,12058.524662999385,-11984.224662999386,356.9674141991532,West,True
6108,1619473521.9,98.26186522085852,-0.06631588910592337,52.0,,,-86.6380063,36.0299285,,,0.0,0.0,0.0,0.0,12061.315472637407,-11987.015472637408,356.9378654151501,West,True
6109,1619473522.0,98.20703229721155,-0.06045467999649731,52.0,,,-86.6379858,36.0299098,,,0.0,0.0,0.0,0.0,12064.094319177779,-11989.79431917778,356.99250088279905,West,True
6110,1619473522.1,98.22745327517488,-0.05405217328035957,52.0,,,-86.63796514999999,36.029891299999996,,,0.0,0.0,0.0,0.0,12066.86558469851,-11992.56558469851,356.99248246269553,West,True
6111,1619473522.2,98.2478742531382,-0.0471401788060756,52.0,,,-86.63794449999999,36.02987279999999,,,0.0,0.0,0.0,0.0,12069.6368505106,-11995.336850510601,356.88877899368765,West,True
6112,1619473522.3,98.24,-0.03976621044441477,52.0,,,-86.637924,36.02985379999999,,,0.0,0.0,0.0,0.0,12072.440746599266,-11998.140746599267,357.0140953342877,West,True
6113,1619473522.4,98.2032150483435,-0.03198788262777237,52.0,,,-86.6379032,36.0298353,,,0.0,0.0,0.0,0.0,12075.22106938651,-12000.921069386512,356.9392140431061,West,True
6114,1619473522.5,98.21039789387682,-0.023875472701917016,52.0,,,-86.6378828,36.029816700000005,,,0.0,0.0,0.0,0.0,12077.98563151622,-12003.68563151622,356.952590368665,West,True
6115,1619473522.6,98.21624931980256,-0.015505916640038777,52.0,,,-86.6378622,36.029798,,,0.0,0.0,0.0,0.0,12080.770453407014,-12006.470453407015,357.0031168660354,West,True
6116,1619473522.7,98.1898761447094,-0.0069639648087021985,52.0,,,-86.6378417,36.0297797,,,0.0,0.0,0.0,0.0,12083.51617872557,-12009.21617872557,356.93771595210256,West,True
6117,1619473522.8,98.15544281137257,0.001663066561266652,52.0,,,-86.6378212,36.029761,,,0.0,0.0,0.0,0.0,12086.295027575115,-12011.995027575116,356.95104161640376,West,True
6118,1619473522.9,98.19940809600116,0.010284938704204235,52.0,,,-86.6378005,36.0297422,,,0.0,0.0,0.0,0.0,12089.094134751787,-12014.794134751788,356.97036929933245,West,True
6119,1619473523.0,98.2250915344606,0.01881270377845803,52.0,,,-86.63778,36.029723700000005,,,0.0,0.0,0.0,0.0,12091.856382690567,-12017.556382690567,356.9866971027146,West,True
6120,1619473523.1,98.23720884294087,0.027159272352877753,52.0,,,-86.6377595,36.0297053,,,0.0,0.0,0.0,0.0,12094.610359989738,-12020.310359989739,356.95398664360414,West,True
6121,1619473523.2,98.2581388744304,0.0352427600162303,52.0,,,-86.637739,36.029686700000006,,,0.0,0.0,0.0,0.0,12097.38089937134,-12023.08089937134,356.986660464671,West,True
6122,1619473523.3,98.29003304320538,0.042987985881151373,52.0,,,-86.6377185,36.0296683,,,0.0,0.0,0.0,0.0,12100.13487724983,-12025.83487724983,356.9539496124388,West,True
6123,1619473523.4,98.30761048696374,0.050328766349953896,52.0,,,-86.637698,36.0296497,,,0.0,0.0,0.0,0.0,12102.905417207552,-12028.605417207553,356.9994959723032,West,True
6124,1619473523.5,98.3559174590889,0.05720961196212068,52.0,,,-86.6376773,36.0296312,,,0.0,0.0,0.0,0.0,12105.679701641076,-12031.379701641077,356.9404655703203,West,True
6125,1619473523.6,98.3308829206882,0.0635863214868575,52.0,,,-86.63765699999999,36.0296127,,,0.0,0.0,0.0,0.0,12108.429981206695,-12034.129981206695,356.9994594922845,West,True
6126,1619473523.7,98.42538983018795,0.06942671443805773,52.0,,,-86.6376363,36.029594200000005,,,0.0,0.0,0.0,0.0,12111.2042662254,-12036.904266225401,356.97022178792605,West,True
6127,1619473523.8,98.51115806401788,0.07470909360862671,52.0,,,-86.63761579999999,36.0295757,,,0.0,0.0,0.0,0.0,12113.966516477025,-12039.666516477026,356.9100249809384,West,True
6128,1619473523.9,98.540302883058,0.07942124009498047,52.0,,,-86.6375957,36.029557200000006,,,0.0,0.0,0.0,0.0,12116.704892571955,-12042.404892571956,357.0280668823182,West,True
6129,1619473524.0,98.54205066127052,0.08355718959803969,52.0,,,-86.6375748,36.0295387,,,0.0,0.0,0.0,0.0,12119.491277646646,-12045.191277646647,356.98651374951754,West,True
6130,1619473524.1,98.58,0.08711459235490887,52.0,,,-86.63755429999999,36.0295203,,,0.0,0.0,0.0,0.0,12122.24525784375,-12047.94525784375,356.95380130448814,West,True
6131,1619473524.2,98.63,0.0900911328678215,52.0,,,-86.6375338,36.0295017,,,0.0,0.0,0.0,0.0,12125.015800105697,-12050.715800105698,356.98481051995736,West,True
6132,1619473524.3,98.6995103180292,0.09248109407901839,52.0,,,-86.6375132,36.02948320000001,,,0.0,0.0,0.0,0.0,12127.784061276869,-12053.48406127687,356.9701111988073,West,True
6133,1619473524.4,98.71262316651688,0.09427311325671452,52.0,,,-86.6374927,36.029464700000005,,,0.0,0.0,0.0,0.0,12130.546313262044,-12056.246313262045,356.9700927803773,West,True
6134,1619473524.5,98.7499876151405,0.09544711445365363,52.0,,,-86.6374722,36.0294462,,,0.0,0.0,0.0,0.0,12133.308565535292,-12059.008565535292,356.97007436564326,West,True
6135,1619473524.6,98.80803652461624,0.09597490082926396,52.0,,,-86.6374517,36.0294277,,,0.0,0.0,0.0,0.0,12136.070818098317,-12061.770818098317,356.96689682794363,West,True
6136,1619473524.7,98.8524558389903,0.09581858814617725,52.0,,,-86.637431,36.029409,,,0.0,0.0,0.0,0.0,12138.861635922654,-12064.561635922655,356.99925841552624,West,True
6137,1619473524.8,98.83,0.09493493312462901,52.0,,,-86.6374103,36.029390500000005,,,0.0,0.0,0.0,0.0,12141.63592417182,-12067.33592417182,356.95216339930425,West,True
6138,1619473524.9,98.85135482663422,0.09327598184432087,52.0,,,-86.6373897,36.0293718,,,0.0,0.0,0.0,0.0,12144.42075272944,-12070.120752729441,357.00269694862584,West,True
6139,1619473525.0,98.95198710017831,0.09079700784012859,52.0,,,-86.63736920000001,36.0293535,,,0.0,0.0,0.0,0.0,12147.166484743402,-12072.866484743403,357.0278672761727,West,True
6140,1619473525.1,99.0146666240082,0.08745910603414153,52.0,,,-86.6373483,36.029335,,,0.0,0.0,0.0,0.0,12149.95287309552,-12075.652873095521,356.9521073705754,West,True
6141,1619473525.2,98.97395108974658,0.08323917898582417,52.0,,,-86.6373277,36.02931629999999,,,0.0,0.0,0.0,0.0,12152.737702521887,-12078.437702521887,356.9991665068201,West,True
6142,1619473525.3,99.06534435057098,0.07813280073074622,52.0,,,-86.63730699999999,36.0292978,,,0.0,0.0,0.0,0.0,12155.511992240194,-12081.211992240194,357.0135489867397,West,True
6143,1619473525.4,99.11508133032844,0.0721633503926418,52.0,,,-86.6372862,36.02927929999999,,,0.0,0.0,0.0,0.0,12158.292323909593,-12083.992323909593,356.9991295838677,West,True
6144,1619473525.5,99.1,0.06538242431962973,52.0,,,-86.6372655,36.0292608,,,0.0,0.0,0.0,0.0,12161.066614214522,-12086.766614214523,357.01351223834416,West,True
6145,1619473525.6,99.11207916763006,0.0578749272369413,52.0,,,-86.63724470000001,36.02924229999999,,,0.0,0.0,0.0,0.0,12163.846946474936,-12089.546946474937,356.999092656846,West,True
6146,1619473525.7,99.15823696890058,0.04975461363390149,52.0,,,-86.637224,36.0292238,,,0.0,0.0,0.0,0.0,12166.621237367073,-12092.321237367074,357.0134754957621,West,True
6147,1619473525.8,99.19624969646824,0.04116334865258639,52.0,,,-86.6372032,36.0292053,,,0.0,0.0,0.0,0.0,12169.401570218193,-12095.101570218194,357.0277209864747,West,True
6148,1619473525.9,99.20205199166932,0.03226126815431081,52.0,,,-86.63718229999999,36.0291868,,,0.0,0.0,0.0,0.0,12172.187960955776,-12097.887960955777,356.9973244560206,West,True
6149,1619473526.0,99.2367830654838,0.023221053723391887,52.0,,,-86.6371615,36.0291682,,,0.0,0.0,0.0,0.0,12174.976531493901,-12100.676531493902,357.0418128331522,West,True
6150,1619473526.1,99.22468041389097,0.01421475763816179,52.0,,,-86.6371405,36.029149700000005,,,0.0,0.0,0.0,0.0,12177.768996239876,-12103.468996239877,356.99899994623195,West,True
6151,1619473526.2,99.25006754753927,0.005406318287808189,52.0,,,-86.6371198,36.0291312,,,0.0,0.0,0.0,0.0,12180.543288600737,-12106.243288600737,357.01338322855514,West,True
6152,1619473526.3,99.23244702224568,-0.00306128456703746,52.0,,,-86.63709899999999,36.029112700000006,,,0.0,0.0,0.0,0.0,12183.323622930991,-12109.023622930992,357.0133648077559,West,True
6153,1619473526.4,99.24950712200872,-0.011071364766102425,52.0,,,-86.6370782,36.0290942,,,0.0,0.0,0.0,0.0,12186.10395755648,-12111.80395755648,356.99553544837437,West,True
6154,1619473526.5,99.150914229026,-0.018542677811185015,52.0,,,-86.6370573,36.0290755,,,0.0,0.0,0.0,0.0,12188.906808568394,-12114.606808568395,357.0417214390894,West,True
6155,1619473526.6,99.18826088548724,-0.025429993346672473,52.0,,,-86.6370363,36.029057,,,0.0,0.0,0.0,0.0,12191.69927481629,-12117.399274816291,357.0097791652037,West,True
6156,1619473526.7,99.1171310208841,-0.031727991778368964,52.0,,,-86.63701529999999,36.0290383,,,0.0,0.0,0.0,0.0,12194.50816426223,-12120.20816426223,357.04552192495447,West,True
6157,1619473526.8,99.04716857454994,-0.03746666390209267,52.0,,,-86.6369945,36.02902,,,0.0,0.0,0.0,0.0,12197.272086456129,-12122.97208645613,357.00974210569103,West,True
6158,1619473526.9,99.0722795554811,-0.042710336051257514,52.0,,,-86.6369735,36.0290013,,,0.0,0.0,0.0,0.0,12200.080976498104,-12125.780976498105,357.04164793870365,West,True
6159,1619473527.0,99.0549157355507,-0.047549135947516266,52.0,,,-86.6369525,36.0289828,,,0.0,0.0,0.0,0.0,12202.873443948876,-12128.573443948877,357.0416295205287,West,True
6160,1619473527.1,99.05219841762042,-0.05209445170429481,52.0,,,-86.63693149999999,36.0289643,,,0.0,0.0,0.0,0.0,12205.665911701868,-12131.365911701869,356.99710118741024,West,True
6161,1619473527.2,98.95288858196884,-0.05646820924215206,51.77372873655567,,,-86.6369107,36.02894570000001,,,0.0,0.0,0.0,0.0,12208.454485782979,-12134.15448578298,357.0967943422953,West,True
6162,1619473527.3,98.98913451156449,-0.060796046960732875,51.27226534291713,,,-86.63688929999999,36.028927200000005,,,0.0,0.0,0.0,0.0,12211.271404022318,-12136.971404022319,357.0415740882706,West,True
6163,1619473527.4,98.93832632062472,-0.0651961533509256,51.0,,,-86.63686829999999,36.0289087,,,0.0,0.0,0.0,0.0,12214.06387267579,-12139.76387267579,357.04155566753695,West,True
6164,1619473527.5,98.93789632017192,-0.06977143364366167,51.0,,,-86.6368473,36.0288902,,,0.0,0.0,0.0,0.0,12216.856341628305,-12142.556341628306,357.041537251398,West,True
6165,1619473527.6,98.88694714849204,-0.0746001019883679,51.0,,,-86.6368263,36.0288717,,,0.0,0.0,0.0,0.0,12219.64881088101,-12145.34881088101,357.0131233370853,West,True
6166,1619473527.7,98.9184906878802,-0.07972873630576413,51.0,,,-86.63680550000001,36.0288532,,,0.0,0.0,0.0,0.0,12222.42914935607,-12148.129149356071,357.0415005896503,West,True
6167,1619473527.8,98.93261664252849,-0.08516765591926939,51.0,,,-86.63678449999999,36.0288347,,,0.0,0.0,0.0,0.0,12225.221619210037,-12150.921619210038,357.0414821664697,West,True
6168,1619473527.9,98.89006147388751,-0.09088733907922764,51.0,,,-86.6367635,36.0288162,,,0.0,0.0,0.0,0.0,12228.0140893616,-12153.714089361602,356.9808359964399,West,True
6169,1619473528.0,98.83132977655394,-0.09682157736919463,51.0,,,-86.6367427,36.0287975,,,0.0,0.0,0.0,0.0,12230.810922831106,-12156.510922831107,357.0414455029388,West,True
6170,1619473528.1,98.76831173389742,-0.10286890561025083,51.0,,,-86.63672170000001,36.028779,,,0.0,0.0,0.0,0.0,12233.603393586309,-12159.30339358631,356.9952179007203,West,True
6171,1619473528.2,98.801227510527,-0.10890446307361823,51.0,,,-86.63670079999999,36.028760299999995,,,0.0,0.0,0.0,0.0,12236.40624964156,-12162.106249641562,357.01301221118416,West,True
6172,1619473528.3,98.75368157534056,-0.11478546878280585,51.0,,,-86.63668,36.02874179999999,,,0.0,0.0,0.0,0.0,12239.186589896044,-12164.886589896045,356.9968772900064,West,True
6173,1619473528.4,98.6942953730323,-0.1203692157306279,51.0,,,-86.63665920000001,36.0287232,,,0.0,0.0,0.0,0.0,12241.975167520715,-12167.675167520716,356.9951622305183,West,True
6174,1619473528.5,98.63840530299603,-0.12551874419987058,51.0,,,-86.63663829999999,36.0287045,,,0.0,0.0,0.0,0.0,12244.77802446805,-12170.478024468051,357.01295686679646,West,True
6175,1619473528.6,98.63766219736924,-0.1301217424283393,51.0,,,-86.6366175,36.028686,,,0.0,0.0,0.0,0.0,12247.558365613842,-12173.258365613843,356.9807053217151,West,True
6176,1619473528.7,98.55255182492624,-0.1340917801276705,51.0,,,-86.63659670000001,36.028667299999995,,,0.0,0.0,0.0,0.0,12250.355201150534,-12176.055201150535,356.99851610841256,West,True
6177,1619473528.8,98.51180095511327,-0.137383134773745,50.77293670479487,,,-86.636576,36.02864879999999,,,0.0,0.0,0.0,0.0,12253.129501159623,-12178.829501159624,357.0253349650611,West,True
6178,1619473528.9,98.46,-0.13998515773633652,50.27396158627622,,,-86.636555,36.0286302,,,0.0,0.0,0.0,0.0,12255.930175717931,-12181.630175717932,356.966090428065,West,True
6179,1619473529.0,98.42861828444144,-0.14193096185788362,50.0,,,-86.6365343,36.0286115,,,0.0,0.0,0.0,0.0,12258.72100611284,-12184.421006112841,357.0128647779101,West,True
6180,1619473529.1,98.39572489225309,-0.14328609819629334,50.0,,,-86.6365135,36.028593,,,0.0,0.0,0.0,0.0,12261.501348743559,-12187.20134874356,357.03083297817693,West,True
6181,1619473529.2,98.28819979956268,-0.14415223949179223,50.0,,,-86.6364928,36.0285747,,,0.0,0.0,0.0,0.0,12264.259200395216,-12189.959200395217,356.98059371805516,West,True
6182,1619473529.3,98.2709838036765,-0.144653647471224,50.0,,,-86.636472,36.028556,,,0.0,0.0,0.0,0.0,12267.05603769951,-12192.756037699512,357.07313909739077,West,True
6183,1619473529.4,98.23745045260966,-0.14493819114174078,50.0,,,-86.636451,36.0285377,,,0.0,0.0,0.0,0.0,12269.832170521298,-12195.5321705213,356.96599689820346,West,True
6184,1619473529.5,98.17513947820684,-0.14516481699131806,50.0,,,-86.6364303,36.028519,,,0.0,0.0,0.0,0.0,12272.623002372617,-12198.323002372617,357.04500949187417,West,True
6185,1619473529.6,98.09798254157862,-0.14550334041682045,50.0,,,-86.6364095,36.0285007,,,0.0,0.0,0.0,0.0,12275.38693291156,-12201.086932911561,356.98051916649644,West,True
6186,1619473529.7,98.0512074764294,-0.14612441766172635,50.0,,,-86.6363887,36.028482000000004,,,0.0,0.0,0.0,0.0,12278.183771390903,-12203.883771390903,356.9983310400624,West,True
6187,1619473529.8,98.056510883424,-0.14719827302064248,50.0,,,-86.636368,36.0284635,,,0.0,0.0,0.0,0.0,12280.958074336964,-12206.658074336965,357.01271752345076,West,True
6188,1619473529.9,98.01445911805236,-0.14888746222240068,50.0,,,-86.6363472,36.028445,,,0.0,0.0,0.0,0.0,12283.738419333162,-12209.438419333163,356.9363589116194,West,True
6189,1619473530.0,97.94,-0.15134443386933388,49.77337234681332,,,-86.6363267,36.0284263,,,0.0,0.0,0.0,0.0,12286.517288903644,-12212.217288903645,356.99827587835944,West,True
6190,1619473530.1,97.90491707791377,-0.15470725989164208,49.273674955442665,,,-86.636306,36.0284078,,,0.0,0.0,0.0,0.0,12289.291592732796,-12214.991592732797,356.9982574620201,West,True
6191,1619473530.2,97.9224655777914,-0.1590962926358107,49.0,,,-86.6362853,36.0283893,,,0.0,0.0,0.0,0.0,12292.065896855525,-12217.765896855526,356.9690080939186,West,True
6192,1619473530.3,97.8408792313708,-0.16461297887879572,49.0,,,-86.63626479999999,36.0283708,,,0.0,0.0,0.0,0.0,12294.828165924584,-12220.528165924585,357.0162256563346,West,True
6193,1619473530.4,97.78041939809296,-0.17133565033903275,49.0,,,-86.63624420000001,36.028352500000004,,,0.0,0.0,0.0,0.0,12297.579959356734,-12223.279959356734,356.92127599024013,West,True
6194,1619473530.5,97.71333729237854,-0.17932067340325836,49.0,,,-86.6362238,36.0283338,,,0.0,0.0,0.0,0.0,12300.352872870291,-12226.052872870292,356.983639339499,West,True
6195,1619473530.6,97.69635354988657,-0.18859654353466093,49.0,,,-86.6362032,36.0283153,,,0.0,0.0,0.0,0.0,12303.121152420015,-12228.821152420016,357.0629556268342,West,True
6196,1619473530.7,97.6933112065958,-0.1991657596325091,49.0,,,-86.63618249999999,36.028297200000004,,,0.0,0.0,0.0,0.0,12305.862640695148,-12231.562640695149,356.96891574007924,West,True
6197,1619473530.8,97.59415081858774,-0.21099636178090148,49.0,,,-86.636162,36.0282787,,,0.0,0.0,0.0,0.0,12308.624911201701,-12234.324911201702,356.9361907420334,West,True
6198,1619473530.9,97.54434333207988,-0.22402366046868633,49.0,,,-86.63614150000001,36.02826,,,0.0,0.0,0.0,0.0,12311.40378335297,-12237.10378335297,357.0015876662357,West,True
6199,1619473531.0,97.523380318165,-0.2381402795396139,48.77361256919259,,,-86.636121,36.0282417,,,0.0,0.0,0.0,0.0,12314.149532835667,-12239.849532835668,356.9852147239966,West,True
6200,1619473531.1,97.43925291630968,-0.2531993236982015,48.27324274670739,,,-86.6361005,36.02822329999999,,,0.0,0.0,0.0,0.0,12316.903533349952,-12242.603533349953,356.9688420734745,West,True
6201,1619473531.2,97.42425359769456,-0.269006716642576,48.0,,,-86.63608,36.0282048,,,0.0,0.0,0.0,0.0,12319.66580501003,-12245.365805010031,357.030451425922,West,True
6202,1619473531.3,97.38844758526946,-0.28532934940428567,48.0,,,-86.6360593,36.0281865,,,0.0,0.0,0.0,0.0,12322.423662853076,-12248.123662853077,356.93899777102104,West,True
6203,1619473531.4,97.3118335930878,-0.30189426923025076,48.0,,,-86.636039,36.028168,,,0.0,0.0,0.0,0.0,12325.173964639353,-12250.873964639353,356.9980199039463,West,True
6204,1619473531.5,97.24264294801976,-0.31840429637655016,48.0,,,-86.63601829999999,36.0281495,,,0.0,0.0,0.0,0.0,12327.948272564547,-12253.648272564547,356.97199097680124,West,True
6205,1619473531.6,97.16093612610028,-0.3345458468615438,48.0,,,-86.635998,36.028131200000004,,,0.0,0.0,0.0,0.0,12330.681980979418,-12256.381980979419,356.9687499936656,West,True
6206,1619473531.7,96.97997356989346,-0.3500103897281316,48.0,,,-86.6359775,36.0281127,,,0.0,0.0,0.0,0.0,12333.444254079282,-12259.144254079283,356.9554387093155,West,True
6207,1619473531.8,96.92390577376088,-0.3645079064277431,48.0,,,-86.63595720000001,36.0280943,,,0.0,0.0,0.0,0.0,12336.186250038956,-12261.886250038957,356.9538820993605,West,True
6208,1619473531.9,96.80799274452352,-0.377788235623962,48.0,,,-86.6359368,36.0280758,,,0.0,0.0,0.0,0.0,12338.942530308055,-12264.642530308056,356.96869501374323,West,True
6209,1619473532.0,96.75760982944134,-0.3896538205862301,47.77457302060696,,,-86.63591629999999,36.0280573,,,0.0,0.0,0.0,0.0,12341.704804273113,-12267.404804273114,356.94182617861355,West,True
6210,1619473532.1,96.65815494817576,-0.3999736959611683,47.27401270525503,,,-86.6358962,36.028039,,,0.0,0.0,0.0,0.0,12344.42653685363,-12270.126536853631,356.96865854112133,West,True
6211,1619473532.2,96.52214522528398,-0.4086895401326167,47.0,,,-86.6358757,36.028020500000004,,,0.0,0.0,0.0,0.0,12347.18881139281,-12272.888811392811,356.9569004262308,West,True
6212,1619473532.3,96.44183700440529,-0.41581765524245895,47.0,,,-86.6358555,36.0280022,,,0.0,0.0,0.0,0.0,12349.916524920232,-12275.616524920233,356.96862197768525,West,True
6213,1619473532.4,96.38,-0.4214458422129069,47.0,,,-86.635835,36.02798370000001,,,0.0,0.0,0.0,0.0,12352.678800034126,-12278.378800034126,356.90972792476924,West,True
6214,1619473532.5,96.26870458092604,-0.4257233686127292,47.0,,,-86.63581500000001,36.0279653,,,0.0,0.0,0.0,0.0,12355.402911502317,-12281.102911502318,356.9387761505929,West,True
6215,1619473532.6,96.1354153551641,-0.42885039586573065,47.0,,,-86.6357947,36.0279468,,,0.0,0.0,0.0,0.0,12358.15321669078,-12283.85321669078,356.9866069659117,West,True
6216,1619473532.7,96.00285286613055,-0.43106000512424925,47.0,,,-86.63577430000001,36.027928499999994,,,0.0,0.0,0.0,0.0,12360.892941527676,-12286.592941527677,356.90833790831016,West,True
6217,1619473532.8,95.96277567865005,-0.4326047014155061,47.0,,,-86.63575420000001,36.02791,,,0.0,0.0,0.0,0.0,12363.631342569877,-12289.331342569878,356.9865707999612,West,True
6218,1619473532.9,95.9,-0.4337364926331433,47.0,,,-86.6357338,36.027891700000005,,,0.0,0.0,0.0,0.0,12366.371067980259,-12292.07106798026,356.95834155097214,West,True
6219,1619473533.0,95.7778042586621,-0.43469556091242,47.0,,,-86.6357137,36.0278735,,,0.0,0.0,0.0,0.0,12369.084499800061,-12294.784499800062,356.9733530832884,West,True
6220,1619473533.1,95.66419927202315,-0.43569389020337823,47.0,,,-86.6356935,36.0278553,,,0.0,0.0,0.0,0.0,12371.803930560267,-12297.503930560268,356.95673610975354,West,True
6221,1619473533.2,95.5810378166349,-0.43690972561369557,46.77412140460939,,,-86.63567330000001,36.027837,,,0.0,0.0,0.0,0.0,12374.531646624422,-12300.231646624423,356.988199009905,West,True
6222,1619473533.3,95.53198208618,-0.43847788657238573,46.27463407488916,,,-86.635653,36.0278188,,,0.0,0.0,0.0,0.0,12377.25709308348,-12302.957093083482,356.98989820226825,West,True
6223,1619473533.4,95.45324582971529,-0.44049096989384307,46.0,,,-86.6356328,36.02780070000001,,,0.0,0.0,0.0,0.0,12379.96825995165,-12305.668259951652,356.94307062837623,West,True
6224,1619473533.5,95.3338968248094,-0.442996522760513,46.0,,,-86.6356128,36.0277825,,,0.0,0.0,0.0,0.0,12382.675711068128,-12308.375711068129,356.98814500961043,West,True
6225,1619473533.6,95.19016117999556,-0.4460035441502105,46.0,,,-86.6355925,36.0277643,,,0.0,0.0,0.0,0.0,12385.401158373072,-12311.101158373072,356.9597990480723,West,True
6226,1619473533.7,95.10087501397638,-0.44948483590190635,46.0,,,-86.6355725,36.0277462,,,0.0,0.0,0.0,0.0,12388.100308625013,-12313.800308625014,356.97654656355763,West,True
6227,1619473533.8,95.03503801832863,-0.45338669661316333,46.0,,,-86.6355525,36.0277282,,,0.0,0.0,0.0,0.0,12390.791178075133,-12316.491178075134,356.942997891786,West,True
6228,1619473533.9,94.92603132492776,-0.4576350408561879,46.0,,,-86.6355325,36.02771,,,0.0,0.0,0.0,0.0,12393.498630291375,-12319.198630291376,357.0063913659472,West,True
6229,1619473534.0,94.84071951736988,-0.46214734667377744,46.0,,,-86.6355123,36.027692,,,0.0,0.0,0.0,0.0,12396.201554583671,-12321.901554583672,356.9764926303998,West,True
6230,1619473534.1,94.75294593920124,-0.46684254620835147,46.0,,,-86.6354923,36.027674,,,0.0,0.0,0.0,0.0,12398.892424861686,-12324.592424861687,356.94294335673715,West,True
6231,1619473534.2,94.6602920546333,-0.4716553332343532,45.77422283569036,,,-86.6354723,36.0276558,,,0.3839208185563707,0.0,0.0,0.0,12401.599877899052,-12327.299877899053,356.9459736604504,West,True
6232,1619473534.3,94.54037927998888,-0.4765498172662982,45.27513609671642,,,-86.6354525,36.027637799999994,,,1.0,0.0,0.0,0.0,12404.278760935584,-12329.978760935584,357.0395240025875,West,True
6233,1619473534.4,94.5183399078646,-0.48153484858350626,45.0,,,-86.63543229999999,36.02762,,,1.0,0.0,0.0,0.0,12406.965260014595,-12332.665260014595,356.9764209525545,West,True
6234,1619473534.5,94.37053961959032,-0.48667842415411044,45.0,,,-86.6354123,36.027602,,,1.0,0.0,0.0,0.0,12409.656131389816,-12335.356131389817,356.9764030365618,West,True
6235,1619473534.6,94.23317389473684,-0.4921187792396933,45.0,,,-86.63539229999999,36.027584000000004,,,1.0,0.0,0.0,0.0,12412.347003040555,-12338.047003040556,356.9459012617096,West,True
6236,1619473534.7,94.11488739152816,-0.49807231294099624,45.0,,,-86.6353725,36.027566,,,1.0,0.0,0.0,0.0,12415.025887154838,-12340.725887154838,357.0266700632766,West,True
6237,1619473534.8,94.06175443219716,-0.5048322526125784,45.0,,,-86.6353525,36.02754829999999,,,1.0,0.0,0.0,0.0,12417.692040078251,-12343.392040078252,356.97634945882044,West,True
6238,1619473534.9,93.90817079363184,-0.5127617819394599,45.0,,,-86.63533249999999,36.027530299999995,,,1.0,0.0,0.0,0.0,12420.382912548399,-12346.0829125484,357.00986654764415,West,True
6239,1619473535.0,93.80585403348267,-0.5222743316925739,44.77439726853261,,,-86.6353125,36.0275125,,,1.0,0.0,0.0,0.0,12423.057284931423,-12348.757284931424,356.97970109684417,West,True
6240,1619473535.1,93.73275788310367,-0.5338087180918271,44.27367202096354,,,-86.63529270000001,36.027494700000005,,,1.0,0.0,0.0,0.0,12425.71959546335,-12351.41959546335,356.97629588306745,West,True
6241,1619473535.2,93.6468048133482,-0.5477933608221938,44.0,,,-86.6352727,36.02747670000001,,,1.0,0.0,0.0,0.0,12428.410468751379,-12354.11046875138,356.99304550163407,West,True
6242,1619473535.3,93.55581604783347,-0.5646098528568069,44.0,,,-86.6352527,36.0274588,,,1.0,0.0,0.0,0.0,12431.093081778452,-12356.793081778453,356.9855053376494,West,True
6243,1619473535.4,93.45960164868228,-0.5845532558874782,44.0,,,-86.63523275,36.0274409,,,1.0,0.0,0.0,0.0,12433.772682589266,-12359.472682589267,356.98548751685627,West,True
6244,1619473535.5,93.3633872495311,-0.6077985304717235,44.0,,,-86.6352128,36.027423,,,1.0,0.0,0.0,0.0,12436.452283673583,-12362.152283673584,357.0304254007736,West,True
6245,1619473535.6,93.2512662942272,-0.6343736861540619,44.0,,,-86.635193,36.0274055,,,1.0,0.0,0.0,0.0,12439.089889880912,-12364.789889880913,356.94572090782754,West,True
6246,1619473535.7,93.138256960997,-0.6641439249675615,44.0,,,-86.63517320000001,36.0273875,,,1.0,0.0,0.0,0.0,12441.768776676076,-12367.468776676076,357.0452866171915,West,True
6247,1619473535.8,93.04972027908744,-0.6968098995568952,44.0,,,-86.6351533,36.02737,,,1.0,0.0,0.0,0.0,12444.412462449482,-12370.112462449482,356.9795586259296,West,True
6248,1619473535.9,92.90776669076888,-0.7319162645486385,44.0,,,-86.6351335,36.0273522,,,1.0,0.0,0.0,0.0,12447.07477513626,-12372.77477513626,356.9812605332422,West,True
6249,1619473536.0,92.72264447484142,-0.7688759297557757,43.77345871000314,,,-86.63511379999998,36.027334499999995,,,1.0,0.0,0.0,0.0,12449.722807156662,-12375.422807156663,356.98210929943264,West,True
6250,1619473536.1,92.54696916303853,-0.8069979816686883,43.38672935500157,,,-86.63509414999999,36.02731685,,,1.0,0.0,0.0,0.0,12452.363699053234,-12378.063699053235,356.98209172674956,West,True
6251,1619473536.2,92.37129385123563,-0.8455276123131992,43.0,,,-86.6350745,36.0272992,,,1.0,0.0,0.0,0.0,12455.004591213848,-12380.70459121385,357.0303037042218,West,True
6252,1619473536.3,92.19274634106752,-0.8836803699924918,43.0,,,-86.6350547,36.0272817,,,0.9634457870340783,0.0,0.0,0.0,12457.642199310034,-12383.342199310035,356.9811900515435,West,True
6253,1619473536.4,92.032239544645,-0.9206829477376604,43.0,,,-86.635035,36.027264,,,0.8245667303617707,0.0,0.0,0.0,12460.290232389607,-12385.990232389608,357.02637269517436,West,True
6254,1619473536.5,91.80821103919716,-0.9558007127228298,43.0,,,-86.635015,36.0272463,,,0.685688004802463,0.0,0.0,0.0,12462.956389963369,-12388.65638996337,356.98464685157745,West,True
6255,1619473536.6,91.59398876097988,-0.9883683319852326,43.0,,,-86.6349955,36.0272288,,,0.5468092792431551,0.0,0.0,0.0,12465.575862336025,-12391.275862336026,357.01518651348806,West,True
6256,1619473536.7,91.35692534157302,-1.0178040652730849,43.0,,,-86.63497579999999,36.0272113,,,0.4079302225708474,0.0,0.0,0.0,12468.207409152912,-12393.907409152913,356.9828567422363,West,True
6257,1619473536.8,91.12783151140684,-1.0436274135932764,42.77873240533787,,,-86.6349562,36.027193700000005,,,0.2690514970115396,0.0,0.0,0.0,12470.841162558863,-12396.541162558864,357.015151759236,West,True
6258,1619473536.9,90.89122236112924,-1.0654613296229731,42.276067664171904,,,-86.6349365,36.02717620000001,,,0.1301724403392319,0.0,0.0,0.0,12473.472709906522,-12399.172709906523,356.9845767169706,West,True
6259,1619473537.0,90.65637627528317,-1.0830407915410851,42.0,,,-86.634917,36.02715870000001,,,0.0,0.0,0.0390768041849958,0.0,12476.092183323733,-12401.792183323734,357.0321429789861,West,True
6260,1619473537.1,90.44140840912866,-1.0962078269265312,42.0,,,-86.6348973,36.0271413,,,0.0,0.0,0.6624123172036619,0.0,12478.715519516601,-12404.415519516602,356.9998984239201,West,True
6261,1619473537.2,90.18933509709898,-1.1049165052995513,42.0,,,-86.6348777,36.0271238,,,0.0,0.0,1.0,0.0,12481.341022095754,-12407.041022095755,356.96900949372315,West,True
6262,1619473537.3,89.97092603650862,-1.1092241706005663,42.0,,,-86.6348583,36.0271063,,,0.0,0.0,1.0,0.0,12483.954484687592,-12409.654484687593,357.0189071149781,West,True
6263,1619473537.4,89.68735702542287,-1.1092954550394374,42.0,,,-86.6348388,36.027089000000004,,,0.0,0.0,1.0,0.0,12486.557481196693,-12412.257481196693,357.01888988660244,West,True
6264,1619473537.5,89.43409087575179,-1.1053890602964838,42.0,,,-86.6348193,36.0270717,,,0.0,0.0,1.0,0.0,12489.160477964933,-12414.860477964934,356.9706590691965,West,True
6265,1619473537.6,89.20044911850545,-1.097859674228146,42.0,,,-86.6348,36.0270543,,,0.0,0.0,1.0,0.0,12491.759659112025,-12417.459659112026,356.9532643463467,West,True
6266,1619473537.7,89.0137380489275,-1.0871371643579897,42.0,,,-86.63478070000001,36.0270368,,,0.0,0.0,1.0,0.0,12494.367128271353,-12420.067128271354,356.9052333633787,West,True
6267,1619473537.8,88.79422904763638,-1.073724232238227,42.0,,,-86.63476170000001,36.0270193,,,0.0,0.0,1.0,0.0,12496.956718419146,-12422.656718419146,357.0380626892928,West,True
6268,1619473537.9,88.57375061124694,-1.0581663306888085,42.0,,,-86.6347423,36.027002200000005,,,0.0,0.0,1.0,0.0,12499.537236333485,-12425.237236333485,356.95815140276386,West,True
6269,1619473538.0,88.34910388371566,-1.0410452627766624,41.77713624345749,,,-86.6347233,36.026985,,,0.0,0.0,1.0,0.0,12502.101854668317,-12427.801854668318,356.97403051595916,West,True
6270,1619473538.1,88.20306185464024,-1.0229424687511182,41.275123668906055,,,-86.6347042,36.026967799999994,,,0.0,0.0,1.0,0.0,12504.672473269087,-12430.372473269088,356.9404652093699,West,True
6271,1619473538.2,87.97778828893004,-1.0044322645776995,41.0,,,-86.6346852,36.0269505,,,0.0,0.0,0.944980226834463,0.0,12507.245395076958,-12432.945395076958,357.0287135436468,West,True
6272,1619473538.3,87.81433990493828,-0.9860449867875696,41.0,,,-86.6346662,36.02693370000001,,,0.0,0.0,0.8259496014859318,0.0,12509.777018346787,-12435.477018346788,356.8735095558579,West,True
6273,1619473538.4,87.64087974896336,-0.9682649154241902,41.0,,,-86.6346475,36.0269163,,,0.0,0.0,0.7069186923460041,0.0,12512.340486530245,-12438.040486530246,357.032812504191,West,True
6274,1619473538.5,87.47958507153456,-0.951500188765364,41.0,,,-86.63462870000001,36.0268997,,,0.0,0.0,0.5878880669974729,0.0,12514.843562119539,-12440.54356211954,356.9774766122102,West,True
6275,1619473538.6,87.29526792855239,-0.9360882535669874,41.0,,,-86.6346098,36.0268827,,,0.0,0.0,0.4688574416489415,0.0,12517.385618977316,-12443.085618977317,356.9614124870604,West,True
6276,1619473538.7,87.09,-0.9222763333613864,41.0,,,-86.634591,36.0268657,,,0.0,0.0,0.3498265325090138,0.0,12519.921672251794,-12445.621672251795,356.998986342595,West,True
6277,1619473538.8,86.91252876724889,-0.9102331371900876,41.0,,,-86.6345723,36.026849,,,0.0,0.0,0.2307959071604826,0.0,12522.426914328556,-12448.126914328557,356.94845667112713,West,True
6278,1619473538.9,86.74091437311637,-0.9000396271198726,41.0,,,-86.63455379999999,36.0268322,,,0.0,0.0,0.1117649980205549,0.0,12524.928412270072,-12450.628412270073,356.9287509503655,West,True
6279,1619473539.0,86.61588607068607,-0.8917029726736123,41.0,,,-86.6345352,36.0268152,,,0.0,0.0,0.0,0.0,12527.452511872554,-12453.152511872555,356.9136426946269,West,True
6280,1619473539.1,86.44,-0.885155454187458,41.0,,,-86.6345168,36.0267983,,,0.0,0.0,0.0,0.0,12529.956373063591,-12455.656373063592,356.91815780051394,West,True
6281,1619473539.2,86.2929871169596,-0.8802672911584468,40.775540399981374,,,-86.63449870000001,36.0267817,,,0.0,0.0,0.0,0.0,12532.417370324583,-12458.117370324584,356.96302989933804,West,True
6282,1619473539.3,86.06842828119399,-0.8768524852785888,40.274662074615264,,,-86.63448000000001,36.026764799999995,,,0.0,0.0,0.0,0.0,12534.939141939238,-12460.639141939238,356.9483732344332,West,True
6283,1619473539.4,85.9515716680637,-0.874680100629535,40.0,,,-86.6344615,36.026748,,,0.0,0.0,0.0,0.0,12537.44064106328,-12463.14064106328,356.91658004849637,West,True
6284,1619473539.5,85.76921363707893,-0.8734875581473973,40.0,,,-86.6344433,36.026731299999994,,,0.0,0.0,0.0,0.0,12539.915926923055,-12465.615926923056,357.01881882235267,West,True
6285,1619473539.6,85.58899899091827,-0.8729919598890548,40.0,,,-86.6344247,36.0267148,,,0.0,0.0,0.0,0.0,12542.398664068352,-12468.098664068353,356.96822773802944,West,True
6286,1619473539.7,85.38746643676465,-0.8729108604712781,40.0,,,-86.6344063,36.0266982,,,0.0,0.0,0.0,0.0,12544.877588532858,-12470.577588532858,357.0249953415417,West,True
6287,1619473539.8,85.25760910815939,-0.8729738344061975,40.0,,,-86.634388,36.026682,,,0.0,0.0,0.0,0.0,12547.317500073324,-12473.017500073325,356.9699879640073,West,True
6288,1619473539.9,85.07990649365064,-0.8729472416180635,40.0,,,-86.63436970000001,36.0266655,,,0.0,0.0,0.0,0.0,12549.782142714499,-12475.4821427145,356.9902151262665,West,True
6289,1619473540.0,84.8800292690088,-0.8726421047743944,40.0,,,-86.63435150000001,36.0266492,,,0.0,0.0,0.0,0.0,12552.224239511872,-12477.924239511873,356.97176812602254,West,True
6290,1619473540.1,84.71315720368733,-0.8719352334423925,40.0,,,-86.6343333,36.026632799999994,,,0.0,0.0,0.0,0.0,12554.674600543723,-12480.374600543724,357.01065092416707,West,True
6291,1619473540.2,84.49703411023307,-0.870766110918735,40.0,,,-86.6343152,36.0266167,,,0.0,0.0,0.0,0.0,12557.094179460419,-12482.79417946042,357.0045910304881,West,True
6292,1619473540.3,84.35076300490178,-0.8691457979610759,40.0,,,-86.6342968,36.0266003,,,0.0,0.0,0.0,0.0,12559.556590647451,-12485.256590647452,356.95677005144364,West,True
6293,1619473540.4,84.15101436402624,-0.8671365279337276,40.0,,,-86.63427879999999,36.026584,,,0.0,0.0,0.0,0.0,12561.986671033696,-12487.686671033696,357.02488297055015,West,True
6294,1619473540.5,83.99211209690864,-0.8648442958734763,40.0,,,-86.6342605,36.026567799999995,,,0.0,0.0,0.0,0.0,12564.426584183717,-12490.126584183718,357.0126458947338,West,True
6295,1619473540.6,83.83891414141414,-0.8623810442019935,40.0,,,-86.6342425,36.0265518,,,0.0,0.0,0.0,0.0,12566.831887210245,-12492.531887210245,356.99399303903175,West,True
6296,1619473540.7,83.68781911013859,-0.8598454002085569,40.0,,,-86.6342245,36.026535700000004,,,0.0,0.0,0.0,0.0,12569.245426759964,-12494.945426759965,357.0126140376831,West,True
6297,1619473540.8,83.50573831192006,-0.8572759383532171,40.0,,,-86.63420649999999,36.0265197,,,0.0,0.0,0.0,0.0,12571.650730231784,-12497.350730231785,357.0085018032944,West,True
6298,1619473540.9,83.36115628358597,-0.8546328530020961,40.0,,,-86.63418829999999,36.0265035,,,0.0,0.0,0.0,0.0,12574.084587801255,-12499.784587801256,357.016770407266,West,True
6299,1619473541.0,83.17260762928092,-0.851757120033003,40.0,,,-86.6341705,36.026487700000004,,,0.0,0.0,0.0,0.0,12576.461338987125,-12502.161338987125,356.97906158479316,West,True
6300,1619473541.1,82.99725599019075,-0.8483692187646013,40.0,,,-86.6341527,36.0264717,,,0.0,0.0,0.0,0.0,12578.854576179707,-12504.554576179708,357.0125504974842,West,True
6301,1619473541.2,82.8423529245523,-0.8440491567095061,40.0,,,-86.6341347,36.0264557,,,0.0,0.0,0.0,0.0,12581.259880535597,-12506.959880535598,357.0146170996289,West,True
6302,1619473541.3,82.62092196945227,-0.8382640303104638,40.0,,,-86.6341168,36.0264398,,,0.0,0.0,0.0,0.0,12583.650908598554,-12509.350908598555,356.94474899830857,West,True
6303,1619473541.4,82.45772931946259,-0.8303766924706508,40.0,,,-86.63409920000001,36.0264238,,,0.0,0.0,0.0,0.0,12586.032154186889,-12511.73215418689,357.0708152453387,West,True
6304,1619473541.5,82.29683642018419,-0.8197027934341787,40.0,,,-86.63408129999999,36.026408200000006,,,0.0,0.0,0.0,0.0,12588.39862297887,-12514.09862297887,356.9637765490151,West,True
6305,1619473541.6,82.12465842883668,-0.8055437259614175,40.0,,,-86.6340637,36.0263923,,,0.0,0.0,0.0,0.0,12590.771572706339,-12516.47157270634,357.03774475464036,West,True
6306,1619473541.7,81.9494650011356,-0.7872600824882019,40.0,,,-86.634046,36.02637670000001,,,0.0,0.0,0.0,0.0,12593.125844617922,-12518.825844617922,356.9808668713334,West,True
6307,1619473541.8,81.76114082581351,-0.7643126540332821,40.0,,,-86.6340283,36.02636079999999,,,0.0,0.0,0.0,0.0,12595.504802373334,-12521.204802373335,357.0166290138191,West,True
6308,1619473541.9,81.5442420567548,-0.736329323603604,40.0,,,-86.6340105,36.026345,,,0.0,0.0,0.0,0.0,12597.881555511896,-12523.581555511897,356.99978878721623,West,True
6309,1619473542.0,81.33189129938341,-0.7031325185111336,40.0,,,-86.6339928,36.0263292,,,0.0,0.0,0.0,0.0,12600.252261559366,-12525.952261559367,357.0230601764745,West,True
6310,1619473542.1,81.22419640392366,-0.6647761658047568,40.0,,,-86.6339753,36.0263137,,,0.0,0.0,0.0,0.0,12602.586188247635,-12528.286188247635,357.0230447437966,West,True
6311,1619473542.2,81.07596057941309,-0.6215431186786318,40.0,,,-86.6339578,36.0262982,,,0.0,0.0,0.0,0.0,12604.92011514526,-12530.62011514526,356.94634784055967,West,True
6312,1619473542.3,80.92419044338905,-0.5739396330346347,40.0,,,-86.63394029999999,36.0262823,,,0.0,0.0,0.0,0.0,12607.287077652092,-12532.987077652093,357.0208351805248,West,True
6313,1619473542.4,80.76245130667755,-0.5226606653236286,40.0,,,-86.63392270000001,36.0262667,,,0.0,0.0,0.0,0.0,12609.635280294971,-12535.335280294972,357.02968654490167,West,True
6314,1619473542.5,80.68082337454751,-0.46854691378997787,40.0,,,-86.63390550000001,36.0262515,,,0.0,0.0,0.0,0.0,12611.926383761394,-12537.626383761395,356.9886299806482,West,True
6315,1619473542.6,80.67856540965595,-0.4125324206489163,40.0,,,-86.6338882,36.026236,,,0.0,0.0,0.0,0.0,12614.248221835647,-12539.948221835648,357.0444544325911,West,True
6316,1619473542.7,80.6225483057967,-0.355584362501124,40.0,,,-86.6338708,36.0262207,,,0.0,0.0,0.0,0.0,12616.559678363565,-12542.259678363565,356.97306263811805,West,True
6317,1619473542.8,80.54813722258845,-0.2986566443174139,40.0,,,-86.6338537,36.026205299999994,,,0.0,0.0,0.0,0.0,12618.86121882636,-12544.56121882636,357.0612834585228,West,True
6318,1619473542.9,80.554615969796,-0.2426367375596125,40.0,,,-86.6338362,36.02619,,,0.0,0.0,0.0,0.0,12621.178773013165,-12546.878773013166,357.01010374770476,West,True
6319,1619473543.0,80.55351947698175,-0.1883252889819981,40.22516255481084,,,-86.63381899999999,36.026174700000006,,,0.0068996747815753,0.0,0.0,0.0,12623.478092675086,-12549.178092675087,357.0295953043935,West,True
6320,1619473543.1,80.59908380393043,-0.13640538391637103,40.72520189700928,,,-86.63380179999999,36.0261595,,,0.1319398836320837,0.0,0.0,0.0,12625.76919736151,-12551.46919736151,356.9926204221912,West,True
6321,1619473543.2,80.65303223661732,-0.08745412839008389,41.0,,,-86.6337847,36.026144200000005,,,0.2569803906019656,0.0,0.0,0.0,12628.062477485271,-12553.762477485272,356.9946827014645,West,True
6322,1619473543.3,80.59738099710712,-0.0419341510819211,41.0,,,-86.6337677,36.026129,,,0.3820205994524739,0.0,0.0,0.0,12630.34147862838,-12556.04147862838,356.9946675763304,West,True
6323,1619473543.4,80.62843768802648,-0.00022793941286658806,41.0,,,-86.6337507,36.0261138,,,0.5070611064223558,0.0,0.0,0.0,12632.620479969613,-12558.320479969614,357.01438857403423,West,True
6324,1619473543.5,80.54854472327649,0.03736046873737082,41.0,,,-86.63373370000001,36.026098700000006,,,0.6321013152728642,0.0,0.0,0.0,12634.89124727095,-12560.591247270951,357.0341104821737,West,True
6325,1619473543.6,80.68167047652541,0.07056457770451757,41.0,,,-86.63371670000001,36.02608370000001,,,0.7571415241233725,0.0,0.0,0.0,12637.153805216645,-12562.853805216646,357.01657751809233,West,True
6326,1619473543.7,80.63409200220836,0.09915712918328172,41.0,,,-86.6336998,36.0260687,,,0.8821820310932544,0.0,0.0,0.0,12639.410296688478,-12565.11029668848,356.998836490103,West,True
6327,1619473543.8,80.72280227608927,0.12291507451362715,41.0,,,-86.63368299999999,36.0260537,,,1.0,0.0,0.0,0.0,12641.660741264046,-12567.360741264047,356.95888045835824,West,True
6328,1619473543.9,80.80866262095812,0.14163117019017188,41.0,,,-86.63366620000001,36.0260385,,,1.0,0.0,0.0,0.0,12643.927717685601,-12569.627717685602,357.0340511840392,West,True
6329,1619473544.0,80.84062665709236,0.15508847946146279,41.0,,,-86.63364920000001,36.0260235,,,1.0,0.0,0.0,0.0,12646.190276420604,-12571.890276420605,356.940674125445,West,True
6330,1619473544.1,80.98096116158057,0.16308051705082788,41.0,,,-86.63363249999999,36.0260083,,,1.0,0.0,0.0,0.0,12648.451269943813,-12574.151269943814,357.03402158085197,West,True
6331,1619473544.2,80.9668692148928,0.16539329234327443,41.0,,,-86.6336155,36.0259933,,,1.0,0.0,0.0,0.0,12650.713829073917,-12576.413829073917,356.97479588766737,West,True
6332,1619473544.3,80.99638209059746,0.16183054503576227,41.0,,,-86.6335985,36.025978,,,1.0,0.0,0.0,0.0,12653.001090824297,-12578.701090824297,356.99874644144353,West,True
6333,1619473544.4,81.00945656902552,0.15220231892202193,41.0,,,-86.63358170000001,36.025963,,,1.0,0.0,0.0,0.0,12655.251536566648,-12580.951536566648,357.0164582333425,West,True
6334,1619473544.5,81.06,0.13635511403920564,41.0,,,-86.63356479999999,36.025948,,,1.0,0.0,0.0,0.0,12657.508029606946,-12583.208029606947,356.93880386526894,West,True
6335,1619473544.6,81.09447844880125,0.11416960024136086,41.0,,,-86.633548,36.025932700000006,,,1.0,0.0,0.0,0.0,12659.783309671426,-12585.483309671426,357.0339473486407,West,True
6336,1619473544.7,81.1554246007513,0.08559789980171018,41.0,,,-86.633531,36.0259177,,,1.0,0.0,0.0,0.0,12662.045869794198,-12587.745869794198,356.9944568824787,West,True
6337,1619473544.8,81.10331404767416,0.050672361505911215,41.0,,,-86.633514,36.0259025,,,1.0,0.0,0.0,0.0,12664.324873885027,-12590.024873885028,356.95872824691673,West,True
6338,1619473544.9,81.17923699765188,0.009548143363052888,41.0,,,-86.63349720000001,36.025887299999994,,,1.0,0.0,0.0,0.0,12666.591852240323,-12592.291852240323,357.0339027269965,West,True
6339,1619473545.0,81.20304967132631,-0.037482641379899324,41.0,,,-86.63348020000001,36.0258723,,,1.0,0.0,0.0,0.0,12668.854412957186,-12594.554412957186,356.99545970964886,West,True
6340,1619473545.1,81.19522509362793,-0.0899540916902067,41.0,,,-86.63346325,36.02585715,,,1.0,0.0,0.0,0.0,12671.126278140393,-12596.826278140394,356.99544462860314,West,True
6341,1619473545.2,81.18740051592955,-0.14722216766418517,41.0,,,-86.6334463,36.025842,,,1.0,0.0,0.0,0.0,12673.398143520262,-12599.098143520263,357.01192616940637,West,True
6342,1619473545.3,81.30170695632077,-0.20845130429801445,41.0,,,-86.6334292,36.0258268,,,1.0,0.0,0.0,0.0,12675.683190925063,-12601.383190925064,356.9567610123516,West,True
6343,1619473545.4,81.32467551649148,-0.2726375219941794,41.0,,,-86.6334123,36.0258115,,,1.0,0.0,0.0,0.0,12677.964453825314,-12603.664453825315,356.99435122514774,West,True
6344,1619473545.5,81.12994691433863,-0.3386325182510602,41.0,,,-86.6333953,36.0257963,,,1.0,0.0,0.0,0.0,12680.243459298525,-12605.943459298525,357.00420510223,West,True
6345,1619473545.6,80.9987333554519,-0.40520242852752086,41.0,,,-86.6333783,36.02578115,,,1.0,0.0,0.0,0.0,12682.518344791326,-12608.218344791327,357.0041900230387,West,True
6346,1619473545.7,80.86751979656518,-0.471088620694036,41.0,,,-86.6333613,36.025766,,,1.0,0.0,0.0,0.0,12684.793230481688,-12610.493230481688,356.96469956534906,West,True
6347,1619473545.8,80.67015026632534,-0.5350923288343055,41.0,,,-86.6333443,36.02575064999999,,,0.9447276106538669,0.0,0.0,0.0,12687.084633569611,-12612.784633569612,356.9646842896544,West,True
6348,1619473545.9,80.4727807360855,-0.5961527672312974,41.0,,,-86.63332729999999,36.025735299999994,,,0.8894552213077339,0.0,0.0,0.0,12689.376036856525,-12615.076036856526,357.0314446534309,West,True
6349,1619473546.0,80.29813630630713,-0.6534311935211432,41.0,,,-86.63331020000001,36.0257202,,,0.7853485128623648,0.0,0.0,0.0,12691.652873295317,-12617.352873295318,356.98439126439627,West,True
6350,1619473546.1,80.1290582236301,-0.7063749807091565,41.0,,,-86.6332932,36.025704950000005,,,0.6812416803120098,0.0,0.0,0.0,12693.936006237713,-12619.636006237713,356.98437607820324,West,True
6351,1619473546.2,79.95998014095305,-0.7547687211208371,41.0,,,-86.6332762,36.02568970000001,,,0.5771348477616549,0.0,0.0,0.0,12696.2191393774,-12621.9191393774,356.9547544276553,West,True
6352,1619473546.3,79.67217681316761,-0.7987543338501986,41.0,,,-86.63325920000001,36.0256743,,,0.4730281393162857,0.0,0.0,0.0,12698.514687844907,-12624.214687844908,357.01395394544284,West,True
6353,1619473546.4,79.55461054009106,-0.8388251707956289,41.0,,,-86.6332422,36.0256592,,,0.3689211826609448,0.0,0.0,0.0,12700.785460890169,-12626.48546089017,356.9547237700288,West,True
6354,1619473546.5,79.35730925633646,-0.8757869669206021,41.0,,,-86.6332252,36.0256438,,,0.2648144742155758,0.0,0.0,0.0,12703.081009752088,-12628.781009752089,356.97444620418094,West,True
6355,1619473546.6,79.18111129959644,-0.9106903420259518,41.0,,,-86.6332082,36.0256285,,,0.1607077657702066,0.0,0.0,0.0,12705.368276034813,-12631.068276034814,356.9744309718831,West,True
6356,1619473546.7,78.99949566448416,-0.9447395500233018,41.0,,,-86.6331912,36.0256132,,,0.0566008091148658,0.0,0.0,0.0,12707.655542516562,-12633.355542516563,357.06806583256713,West,True
6357,1619473546.8,78.83931716204825,-0.9791817170843506,41.0,,,-86.633174,36.025598200000005,,,0.0,0.0,0.5705419424074405,0.0,12709.930298401137,-12635.630298401138,356.9000616402236,West,True
6358,1619473546.9,78.65,-1.015191341208878,41.0,,,-86.6331573,36.025582799999995,,,0.0,0.0,0.9178757230777672,0.0,12712.207969504634,-12637.907969504635,357.01386383248047,West,True
6359,1619473547.0,78.47,-1.0537521837552077,41.0,,,-86.6331403,36.0255677,,,0.0,0.0,0.7927858043535574,0.0,12714.4787437438,-12640.178743743802,356.9583916723136,West,True
6360,1619473547.1,78.27057161695619,-1.0955569160918457,41.0,,,-86.6331235,36.0255525,,,0.0,0.0,0.6676958856293476,0.0,12716.745726377154,-12642.445726377155,356.99409415848964,West,True
6361,1619473547.2,78.04202777026418,-1.1409224097070814,41.0,,,-86.6331065,36.0255373,,,0.0,0.0,0.5426056686672465,0.0,12719.0247352217,-12644.7247352217,356.96027492647033,West,True
6362,1619473547.3,77.79786561692084,-1.1897405149094367,41.0,,,-86.6330898,36.0255222,,,0.0,0.0,0.4175157499430365,0.0,12721.277434864438,-12646.977434864439,357.0182694139069,West,True
6363,1619473547.4,77.53330445457735,-1.2414568342257932,41.0,,,-86.633073,36.0255073,,,0.0,0.0,0.2924255329809354,0.0,12723.519657679319,-12649.21965767932,356.8828008903495,West,True
6364,1619473547.5,77.26397222878443,-1.2950910666141313,41.0,,,-86.6330565,36.025492,,,0.0,0.0,0.1673356142567255,0.0,12725.77711923139,-12651.477119231391,357.0205127881223,West,True
6365,1619473547.6,77.00859048600256,-1.349287338126247,41.0,,,-86.63303979999999,36.025477200000005,,,0.0,0.0,0.0422456955325156,0.0,12728.005066803815,-12653.705066803815,356.9621516815219,West,True
6366,1619473547.7,76.69037245143683,-1.4023982476936085,41.0,,,-86.63302320000001,36.0254622,,,0.1653990912517349,0.0,0.0,0.0,12730.243484048535,-12655.943484048536,356.94376035064033,West,True
6367,1619473547.8,76.35358365914963,-1.4525910148494905,41.0,,,-86.63300670000001,36.0254472,,,0.4151411203528768,0.0,0.0,0.0,12732.47591401981,-12658.17591401981,356.964082207924,West,True
6368,1619473547.9,76.02274930400651,-1.4979686139933617,41.0,,,-86.6329902,36.0254323,,,0.6648837448859837,0.0,0.0,0.0,12734.700048711367,-12660.400048711368,356.98440502440906,West,True
6369,1619473548.0,75.65479714882899,-1.5366997972574412,41.0,,,-86.63297370000001,36.0254175,,,0.9146257739871256,0.0,0.0,0.0,12736.915912863291,-12662.615912863292,356.96603676898684,West,True
6370,1619473548.1,75.31547640058832,-1.5671405777294827,41.0,,,-86.6329573,36.0254027,,,1.0,0.0,0.0,0.0,12739.125765223767,-12664.825765223768,356.96803062289416,West,True
6371,1619473548.2,74.94021162349969,-1.5879515837719493,41.0,,,-86.632941,36.025388,,,1.0,0.0,0.0,0.0,12741.321335301049,-12667.02133530105,356.968015991761,West,True
6372,1619473548.3,74.53524729030586,-1.598184428771428,41.0,,,-86.6329247,36.0253733,,,1.0,0.0,0.0,0.0,12743.516905560928,-12669.216905560928,357.006917790329,West,True
6373,1619473548.4,74.1515525196237,-1.5973552005884735,41.0,,,-86.6329083,36.025358700000005,,,1.0,0.0,0.0,0.0,12745.710247242894,-12671.410247242895,356.9303936407349,West,True
6374,1619473548.5,73.7585887651144,-1.5854699725855035,41.0,,,-86.6328922,36.025344,,,1.0,0.0,0.0,0.0,12747.8938507741,-12673.593850774101,356.98642588474155,West,True
6375,1619473548.6,73.38773322664255,-1.563035475700043,41.0,,,-86.6328758,36.0253293,,,1.0,0.0,0.0,0.0,12750.095435836769,-12675.79543583677,356.9531605508544,West,True
6376,1619473548.7,73.05121997331945,-1.531013790365527,41.0,,,-86.6328598,36.0253148,,,1.0,0.0,0.0,0.0,12752.256444389717,-12677.956444389718,357.0091201566868,West,True
6377,1619473548.8,72.82255042909938,-1.4907688163606794,41.22293100814421,,,-86.6328435,36.0253003,,,1.0,0.0,0.0,0.0,12754.435509595729,-12680.13550959573,356.9950796328669,West,True
6378,1619473548.9,72.58472571150357,-1.4439605927758947,41.72350745199881,,,-86.6328275,36.025286,,,1.0,0.0,0.0,0.0,12756.579977140276,-12682.279977140277,356.99506539537435,West,True
6379,1619473549.0,72.3901057668967,-1.392446784998049,42.0,,,-86.6328115,36.0252717,,,1.0,0.0,0.0,0.0,12758.724444860638,-12684.424444860639,356.93584633700283,West,True
6380,1619473549.1,72.1699087871878,-1.3381477451023471,42.0,,,-86.6327957,36.0252573,,,1.0,0.0,0.0,0.0,12760.865190644901,-12686.565190644902,357.07350535798406,West,True
6381,1619473549.2,71.94142948985265,-1.2829391264302292,42.0,,,-86.6327795,36.025243200000006,,,1.0,0.0,0.0,0.0,12763.005423491622,-12688.705423491623,356.95908555218574,West,True
6382,1619473549.3,71.73187846537417,-1.2285306086401153,42.0,,,-86.63276379999999,36.025229,,,1.0,0.0,0.0,0.0,12765.123581866852,-12690.823581866853,356.9396153066924,West,True
6383,1619473549.4,71.56684127352595,-1.1763891465375726,42.0,,,-86.63274820000001,36.0252148,,,1.0,0.0,0.0,0.0,12767.235756610491,-12692.935756610492,357.0018088520578,West,True
6384,1619473549.5,71.35000000000001,-1.1276684670709316,42.0,,,-86.63273249999999,36.0252008,,,1.0,0.0,0.0,0.0,12769.337389694394,-12695.037389694395,356.96318052319117,West,True
6385,1619473549.6,71.17117776014877,-1.0831872722202174,42.22254887707264,,,-86.632717,36.02518679999999,,,1.0,0.0,0.0,0.0,12771.426982261939,-12697.12698226194,356.9631665893415,West,True
6386,1619473549.7,71.02896128622805,-1.043423311420627,42.72237965741361,,,-86.6327015,36.02517279999999,,,1.0,0.0,0.0,0.0,12773.516574994974,-12699.216574994975,357.0064567127341,West,True
6387,1619473549.8,70.88501342387872,-1.0085435353939212,43.0,,,-86.63268599999999,36.025159,,,1.0,0.0,0.0,0.0,12775.5896531168,-12701.2896531168,356.9893191559582,West,True
6388,1619473549.9,70.77861601935832,-0.9784478627271784,43.0,,,-86.6326707,36.0251453,,,1.0,0.0,0.0,0.0,12777.64241550776,-12703.342415507761,356.991614610583,West,True
6389,1619473550.0,70.5923478237155,-0.9528246093311283,43.0,,,-86.6326555,36.0251317,,,1.0,0.0,0.0,0.0,12779.68089851984,-12705.380898519841,356.96952157103505,West,True
6390,1619473550.1,70.39210854885974,-0.9312117515164902,43.0,,,-86.63264029999999,36.025118,,,1.0,0.0,0.0819997800959413,0.0,12781.727644281224,-12707.427644281224,356.9494763181975,West,True
6391,1619473550.2,70.26218125310334,-0.9130450062891593,43.22175642741088,,,-86.63262519999999,36.025104299999995,,,1.0,0.0,0.2069788847407739,0.0,12783.7683951381,-12709.468395138101,357.0136546717107,West,True
6392,1619473550.3,70.08,-0.8977074918045245,43.7228435917041,,,-86.63261,36.0250908,,,1.0,0.0,0.3319576914126273,0.0,12785.798643311166,-12711.498643311166,357.0136412301155,West,True
6393,1619473550.4,69.91,-0.884551313661268,44.0,,,-86.63259479999999,36.0250773,,,1.0,0.0,0.4569367960574599,0.0,12787.82889164337,-12713.528891643371,356.9515096376287,West,True
6394,1619473550.5,69.78124591813487,-0.8729248112088288,44.0,,,-86.6325798,36.025063700000004,,,1.0,0.0,0.5819156027293133,0.0,12789.855358595958,-12715.555358595959,356.99624433371696,West,True
6395,1619473550.6,69.6075635214943,-0.8621699789298921,44.0,,,-86.6325648,36.0250503,,,1.0,0.0,0.7068944094011667,0.0,12791.865284380077,-12717.565284380078,357.0383155560275,West,True
6396,1619473550.7,69.4826301506174,-0.8516353964598175,44.0,,,-86.6325497,36.025037,,,1.0,0.0,0.8318735140459993,0.0,12793.873052457173,-12719.573052457174,356.9535712275864,West,True
6397,1619473550.8,69.27091034078202,-0.8406662480813467,44.0,,,-86.6325348,36.0250235,,,1.0,0.0,0.9568523207178526,0.0,12795.885235732083,-12721.585235732084,357.040956806016,West,True
6398,1619473550.9,69.12267581443106,-0.828618318331521,44.0,,,-86.6325198,36.02501029999999,,,0.5892617309136159,0.0,1.0,0.0,12797.87873149911,-12723.57873149911,357.0185668663806,West,True
6399,1619473551.0,68.9317565525604,-0.8148572866358913,44.223478034139085,,,-86.63250479999999,36.024997,,,0.0,0.0,0.9936855639715492,0.0,12799.880428630202,-12725.580428630203,356.93702398929145,West,True
6400,1619473551.1,68.72704300633922,-0.7987830483192537,44.72284880529862,,,-86.6324902,36.02498370000001,,,0.0,0.0,0.8895751860709583,0.0,12801.858062820871,-12727.558062820872,357.04091773169733,West,True
6401,1619473551.2,68.53792513348257,-0.779844024438804,45.0,,,-86.6324752,36.0249705,,,0.0,0.0,0.785464559951647,0.0,12803.851559048418,-12729.55155904842,357.0210806258722,West,True
6402,1619473551.3,68.37831215592635,-0.7575689970037404,45.0,,,-86.6324603,36.0249573,,,0.0,0.0,0.6813541820510561,0.0,12805.838981102894,-12731.538981102894,356.96219004073794,West,True
6403,1619473551.4,68.24546541713717,-0.7315899180306549,45.0,,,-86.6324458,36.02494420000001,,,0.0,0.0,0.5772435559317448,0.0,12807.794031167428,-12733.494031167429,357.0009633945697,West,True
6404,1619473551.5,68.04700391782657,-0.7016696029549674,45.0,,,-86.63243100000001,36.024931,,,0.0,0.0,0.4731331780311539,0.0,12809.775401389621,-12735.475401389622,357.0262522249951,West,True
6405,1619473551.6,67.89131747792946,-0.6677204746950494,45.22119782741501,,,-86.63241629999999,36.024918,,,0.0,0.0,0.3690228001305631,0.0,12811.734273932492,-12737.434273932493,357.00590807283993,West,True
6406,1619473551.7,67.7469241229263,-0.6298153940843161,45.72067683096017,,,-86.6324017,36.024905,,,0.0,0.0,0.2649121740112518,0.0,12813.687088830713,-12739.387088830714,356.91584662228496,West,True
6407,1619473551.8,67.60641640028295,-0.5881916379975783,46.0,,,-86.6323872,36.024891700000005,,,0.0,0.0,0.1608017961106609,0.0,12815.658764915452,-12741.358764915452,357.0084191763088,West,True
6408,1619473551.9,67.48951601971093,-0.5432378241744941,46.0,,,-86.6323727,36.0248788,,,0.0,0.0,0.0566911699913496,0.0,12817.5973028082,-12743.297302808201,356.98525830346375,West,True
6409,1619473552.0,67.31877682792874,-0.49547943030792846,46.0,,,-86.6323582,36.0248658,,,0.0,0.0,0.0,0.0,12819.544083045317,-12745.244083045318,357.0315426020264,West,True
6410,1619473552.1,67.22704344797727,-0.44554333715898087,46.0,,,-86.6323437,36.024853,,,0.0,0.0,0.0,0.0,12821.474407887386,-12747.174407887387,356.98523242162696,West,True
6411,1619473552.2,67.19429988282944,-0.39412928180632323,46.22270293057437,,,-86.6323292,36.024840000000005,,,0.0,0.0,0.0,0.0,12823.421188409928,-12749.121188409928,356.92164843675357,West,True
6412,1619473552.3,67.09755630876886,-0.34196111563344955,46.72218312249251,,,-86.632315,36.024827,,,0.0,0.0,0.0,0.0,12825.350002040781,-12751.050002040782,357.03150463732294,West,True
6413,1619473552.4,67.15707383747971,-0.28975441722740725,47.0,,,-86.6323005,36.0248142,,,0.0,0.0,0.0,0.0,12827.280327317509,-12752.98032731751,356.9665788070469,West,True
6414,1619473552.5,67.02408991188635,-0.23816748737155188,47.0,,,-86.63228620000001,36.0248013,,,0.0,0.0,0.0,0.0,12829.206813436305,-12754.906813436306,356.89797539828805,West,True
6415,1619473552.6,67.0249669888954,-0.1877770286624374,47.0,,,-86.632272,36.0247882,,,0.0,0.0,0.0,0.0,12831.143974885837,-12756.843974885838,357.0397816749042,West,True
6416,1619473552.7,67.03833333333333,-0.13904116278720213,47.0,,,-86.6322578,36.024775700000006,,,0.0,0.0,0.0,0.0,12833.03148096009,-12758.73148096009,356.8776925821043,West,True
6417,1619473552.8,67.03199853954635,-0.0922924314917327,47.0,,,-86.6322438,36.024762700000004,,,0.0,0.0,0.0,0.0,12834.948434636271,-12760.648434636272,356.97118907010946,West,True
6418,1619473552.9,67.03689499520397,-0.047720473551619604,47.0,,,-86.6322297,36.02475,,,0.0,0.0,0.0,0.0,12836.846356881286,-12762.546356881287,357.01085194293336,West,True
6419,1619473553.0,67.0870796715573,-0.00538602433027811,47.21920196242287,,,-86.6322153,36.024737200000004,,,0.0,0.0,0.0,0.0,12838.770619392111,-12764.470619392112,356.9495697774571,West,True
6420,1619473553.1,67.13388443283418,0.034775668134295515,47.72207282113873,,,-86.63220129999999,36.0247245,,,0.0,0.0,0.0,0.0,12840.662545420675,-12766.362545420676,356.94955713128365,West,True
6421,1619473553.2,67.1233283442998,0.07292255197273453,48.0,,,-86.6321873,36.0247118,,,0.0,0.0,0.0,0.0,12842.55447158285,-12768.25447158285,356.925571054132,West,True
6422,1619473553.3,67.19019006195289,0.10928689346085058,48.0,,,-86.6321733,36.024699,,,0.0,0.0,0.0,0.0,12844.45471212325,-12770.15471212325,356.9974821181151,West,True
6423,1619473553.4,67.1870031439479,0.14413283061682397,48.0,,,-86.6321593,36.0246865,,,0.0,0.0,0.0,0.0,12846.330097282791,-12772.030097282792,356.85997653337256,West,True
6424,1619473553.5,67.22873276766487,0.1777319874209966,48.0,,,-86.63214570000001,36.024673799999995,,,0.0,0.0,0.0,0.0,12848.198278307722,-12773.898278307723,357.01603098344606,West,True
6425,1619473553.6,67.3170369083645,0.2103222799619306,48.0,,,-86.6321315,36.024661200000004,,,0.0,0.0,0.0,0.0,12850.093988818808,-12775.793988818808,356.905369370902,West,True
6426,1619473553.7,67.41258561776812,0.24208985528040444,48.0,,,-86.63211770000001,36.0246485,,,0.0,0.0,0.0,0.0,12851.973994331573,-12777.673994331573,356.9974326997725,West,True
6427,1619473553.8,67.43663676637499,0.27314051466998496,48.0,,,-86.6321037,36.024636,,,0.0,0.0,0.0,0.0,12853.849380032867,-12779.549380032868,356.9034192163724,West,True
6428,1619473553.9,67.53365651583319,0.3034977642571186,48.0,,,-86.63208979999999,36.0246232,,,0.0,0.0,0.0,0.0,12855.743674905549,-12781.44367490555,356.9494564470126,West,True
6429,1619473554.0,67.53422639879801,0.33309391238612096,48.0,,,-86.6320758,36.0246105,,,0.0,0.0,0.0,0.0,12857.635602144948,-12783.335602144949,356.99739544908266,West,True
6430,1619473554.1,67.72316668377968,0.3617877391126611,48.0,,,-86.6320618,36.024598,,,0.0,0.0,0.0,0.0,12859.510988253627,-12785.210988253628,356.9254568461366,West,True
6431,1619473554.2,67.81184360557619,0.3893744013116226,48.0,,,-86.6320478,36.024585200000004,,,0.0,0.0,0.0,0.0,12861.411229999138,-12787.111229999138,357.0213481631854,West,True
6432,1619473554.3,67.97848413031193,0.41561770164634126,48.0,,,-86.6320338,36.024572799999994,,,0.0,0.0,0.0,0.0,12863.278390125712,-12788.978390125712,356.9254313609069,West,True
6433,1619473554.4,68.08843966201133,0.4402696824770278,48.22254139550797,,,-86.6320198,36.02456,,,0.0,0.0,0.0,0.0,12865.178632138026,-12790.878632138027,356.94939323477587,West,True
6434,1619473554.5,68.22187221905305,0.46310596696521733,48.72081999814674,,,-86.6320058,36.0245473,,,0.0,0.0,0.0,0.0,12867.070560049493,-12792.770560049494,356.99733323094966,West,True
6435,1619473554.6,68.33259029927761,0.4839419163664488,49.0,,,-86.6319918,36.0245348,,,0.0,0.0,0.0,0.0,12868.945946837026,-12794.645946837027,356.92539313607233,West,True
6436,1619473554.7,68.44379810691329,0.5026589619711657,49.0,,,-86.63197779999999,36.024522,,,0.0,0.0,0.0,0.0,12870.846189252255,-12796.546189252256,356.9493553109832,West,True
6437,1619473554.8,68.59600144332687,0.5192069676058636,49.0,,,-86.6319638,36.0245093,,,0.0,0.0,0.0,0.0,12872.738117567813,-12798.438117567814,356.9947449978579,West,True
6438,1619473554.9,68.73,0.5336152430863252,49.0,,,-86.63194969999999,36.0244967,,,0.0,0.0,0.0,0.0,12874.627783537559,-12800.32778353756,356.94932993092164,West,True
6439,1619473555.0,68.86215606789968,0.5459784971101072,49.0,,,-86.63193570000001,36.024484,,,0.0,0.0,0.0,0.0,12876.519712121306,-12802.219712121307,356.9493172969803,West,True
6440,1619473555.1,68.97877315068493,0.5564545286687235,49.0,,,-86.6319217,36.0244713,,,0.0,0.0,0.0,0.0,12878.411640841805,-12804.111640841806,356.96855303262834,West,True
6441,1619473555.2,69.07883645694909,0.5652390007173351,49.0,,,-86.6319075,36.0244585,,,0.0,0.0,0.0,0.0,12880.323848318772,-12806.023848318773,356.9921799092234,West,True
6442,1619473555.3,69.24255180518992,0.5725575765700275,49.0,,,-86.6318933,36.024445799999995,,,0.0,0.0,0.0,0.0,12882.227793949955,-12807.927793949955,356.9253034946486,West,True
6443,1619473555.4,69.32225504183504,0.5786384674036099,48.778256533967074,,,-86.6318793,36.024433,,,0.0,0.0,0.0,0.0,12884.128037306873,-12809.828037306874,357.01847844434246,West,True
6444,1619473555.5,69.46624906685375,0.5837073520037376,48.27735787091496,,,-86.63186520000001,36.024420500000005,,,0.0,0.0,0.0,0.0,12886.009474566872,-12811.709474566873,356.8739530836115,West,True
6445,1619473555.6,69.58566828231857,0.5879653832014329,48.0,,,-86.631851,36.0244073,,,0.0,0.0,0.0,0.0,12887.955015208818,-12813.655015208818,357.0366019641293,West,True
6446,1619473555.7,69.72771267357122,0.5915915418090426,48.0,,,-86.63183670000001,36.0243947,,,0.0,0.0,0.0,0.0,12889.856798281557,-12815.556798281557,356.98719158700044,West,True
6447,1619473555.8,69.86158925487572,0.5947296200174413,48.0,,,-86.6318223,36.0243818,,,0.0,0.0,0.0,0.0,12891.789303811873,-12817.489303811873,356.9470041999707,West,True
6448,1619473555.9,70.02,0.5974975912916378,48.0,,,-86.63180820000001,36.024369,,,0.0,0.0,0.0,0.0,12893.69551822429,-12819.39551822429,356.9211736674935,West,True
6449,1619473556.0,70.11106590868715,0.5999828234195214,48.0,,,-86.631794,36.024356,,,0.5722223870412674,0.0,0.0,0.0,12895.624336910178,-12821.324336910178,357.03104674480505,West,True
6450,1619473556.1,70.18802252560991,0.6022541732001403,48.0,,,-86.63177950000001,36.024343200000004,,,0.925420136473734,0.0,0.0,0.0,12897.554667451332,-12823.254667451332,356.94263686822916,West,True
6451,1619473556.2,70.37687660038137,0.6043621704118189,48.0,,,-86.6317652,36.0243302,,,0.8117694302195866,0.0,0.0,0.0,12899.48945222277,-12825.18945222277,356.9638157562456,West,True
6452,1619473556.3,70.44270220670919,0.6063481596620988,48.0,,,-86.63175079999999,36.0243172,,,0.6981189949294504,0.0,0.0,0.0,12901.430226279756,-12827.130226279756,356.9847032369902,West,True
6453,1619473556.4,70.59044568943892,0.6082459860042668,48.0,,,-86.6317363,36.0243042,,,0.584468288675303,0.0,0.0,0.0,12903.377012741157,-12829.077012741158,356.8956521246332,West,True
6454,1619473556.5,70.75385904340158,0.6100835676145324,48.0,,,-86.631722,36.024291,,,0.470817853385167,0.0,0.0,0.0,12905.328469311866,-12831.028469311867,356.9846775374281,West,True
6455,1619473556.6,70.9121542997543,0.6118840288850516,47.77993116907344,,,-86.63170749999999,36.024278,,,0.3571674180950309,0.0,0.0,0.0,12907.275256064566,-12832.975256064567,357.02561521176403,West,True
6456,1619473556.7,71.01390660644013,0.613657370645212,47.27837063468907,,,-86.6316928,36.024265,,,0.2435167118408835,0.0,0.0,0.0,12909.234135999814,-12834.934135999814,356.9846514757411,West,True
6457,1619473556.8,71.11997460994996,0.6154004759806635,47.0,,,-86.63167829999999,36.024252000000004,,,0.1298662765507474,0.0,0.0,0.0,12911.180923040742,-12836.880923040742,356.93833594443635,West,True
6458,1619473556.9,71.23242277083294,0.6170784098989224,47.0,,,-86.6316638,36.0242388,,,0.0162155702966,0.0,0.0,0.0,12913.144279692307,-12838.844279692308,357.005241023755,West,True
6459,1619473557.0,71.3800584973381,0.6186231360310344,47.0,,,-86.63164920000001,36.0242258,,,0.0,0.0,0.0,0.0,12915.097102199967,-12840.797102199967,357.0027251703456,West,True
6460,1619473557.1,71.51027811455234,0.6199051042866006,47.0,,,-86.6316345,36.02421270000001,,,0.0,0.0,0.0,0.0,12917.064202546579,-12842.76420254658,356.9382962549759,West,True
6461,1619473557.2,71.67517190058045,0.6207308264674349,46.779632512121374,,,-86.63162,36.0241995,,,0.0,0.0,0.0,0.0,12919.027559630982,-12844.727559630983,356.97986130157125,West,True
6462,1619473557.3,71.76994748220797,0.620807697665596,46.27935519653624,,,-86.63160529999999,36.0241863,,,0.0,0.0,0.0,0.0,12921.002908482467,-12846.702908482468,356.9821945809096,West,True
6463,1619473557.4,71.9040888188747,0.619743328328305,46.0,,,-86.6315907,36.0241732,,,0.0,0.0,0.0,0.0,12922.96397678825,-12848.663976788252,356.97523676219527,West,True
6464,1619473557.5,72.07263180415329,0.6170118740957364,46.0,,,-86.6315758,36.0241598,,,0.0,0.0,0.0,0.0,12924.967888189984,-12850.667888189984,357.0228756987681,West,True
6465,1619473557.6,72.19086278413805,0.6119636714190155,45.77949036535598,,,-86.631561,36.0241467,,,0.0,0.0,0.0,0.0,12926.941044312818,-12852.641044312819,356.9341347353957,West,True
6466,1619473557.7,72.31847201224066,0.6038074802248732,45.28031571593659,,,-86.6315463,36.024133299999995,,,0.0,0.0,0.0,0.0,12928.932973922743,-12854.632973922744,356.9361548326631,West,True
6467,1619473557.8,72.51223223541058,0.5916427207881187,45.0,,,-86.63153170000001,36.02412,,,0.0,0.0,0.0,0.0,12930.910617669191,-12856.610617669192,357.0400779531116,West,True
6468,1619473557.9,72.60771732309622,0.5744718744661637,45.0,,,-86.6315167,36.0241068,,,0.0,0.0,0.0,0.0,12932.904123903032,-12858.604123903033,356.9729172818667,West,True
6469,1619473558.0,72.74613448116666,0.551261992824635,45.0,,,-86.6315017,36.0240933,,,0.0,0.0,0.0,0.0,12934.922317614413,-12860.622317614414,357.0427558638849,West,True
6470,1619473558.1,72.90701598152425,0.5209891471646411,45.0,,,-86.6314868,36.0240802,,,0.0,0.0,0.0,0.0,12936.90155187495,-12862.60155187495,356.9728904932743,West,True
6471,1619473558.2,73.05388237113203,0.4827189588327401,44.7779422067802,,,-86.6314718,36.0240667,,,0.0,0.0,0.0,0.0,12938.91974589073,-12864.61974589073,357.0151217006746,West,True
6472,1619473558.3,73.14547097722263,0.4356641942136451,44.278185275740285,,,-86.6314567,36.0240533,,,0.0,0.0,0.0,0.0,12940.93572987073,-12866.63572987073,356.9976490952937,West,True
6473,1619473558.4,73.27962695547534,0.37925553444652643,44.0,,,-86.63144179999999,36.02404,,,0.0,0.0,0.0,0.0,12942.931388572944,-12868.631388572945,357.0373307679163,West,True
6474,1619473558.5,73.43468307743504,0.3131789398599887,44.0,,,-86.6314267,36.02402670000001,,,0.0,0.0,0.0,0.0,12944.939168425568,-12870.639168425569,356.97283664218867,West,True
6475,1619473558.6,73.5787540582157,0.2374043293623354,43.78029465533414,,,-86.63141170000002,36.024013200000006,,,0.0,0.0,0.0,0.0,12946.957363052725,-12872.657363052725,357.01258167993655,West,True
6476,1619473558.7,73.72295576456757,0.15217637333414544,43.27847728708437,,,-86.6313965,36.023999700000005,,,0.0,0.0,0.0,0.0,12948.987623973266,-12874.687623973266,356.9728095900264,West,True
6477,1619473558.8,73.69171108626828,0.057989246580216744,43.0,,,-86.63138149999999,36.0239862,,,0.0,0.0,0.0,0.0,12951.005818910253,-12876.705818910254,357.0320456368153,West,True
6478,1619473558.9,73.73838245997088,-0.04446649271633704,43.0,,,-86.6313662,36.0239727,,,0.0,0.0,0.0,0.0,12953.0421459797,-12878.7421459797,357.01254144432795,West,True
6479,1619473559.0,73.56382585232862,-0.15436059422079942,43.0,,,-86.631351,36.0239592,,,0.0,0.0,0.0,0.0,12955.072407372458,-12880.772407372458,356.9881291204745,West,True
6480,1619473559.1,73.55679646345416,-0.2707857984884842,43.0,,,-86.63133570000001,36.0239455,,,0.0,0.0,0.0,0.0,12957.125183806998,-12882.825183807,357.01251447709825,West,True
6481,1619473559.2,73.38803239022245,-0.39280069790461175,42.777782413859285,,,-86.6313205,36.023932,,,0.0,0.0,0.0,0.0,12959.155445517476,-12884.855445517476,357.07022160113615,West,True
6482,1619473559.3,73.11268699264247,-0.5194591276543971,42.27776512789823,,,-86.631305,36.0239185,,,0.0,0.0,0.0,0.0,12961.203969469214,-12886.903969469215,356.98808811938267,West,True
6483,1619473559.4,73.03093210838597,-0.6498032554651313,42.0,,,-86.6312897,36.0239048,,,0.0,0.0,0.0,0.0,12963.256746381603,-12888.956746381604,356.9903845095357,West,True
6484,1619473559.5,72.84026707530649,-0.7828417859955479,42.0,,,-86.6312745,36.0238912,,,0.0,0.0,0.0,0.0,12965.295243824594,-12890.995243824595,357.0319516458682,West,True
6485,1619473559.6,72.63324733013752,-0.9174953587620764,41.77996040103472,,,-86.6312592,36.0238777,,,0.0,0.0,0.0,0.0,12967.33157201589,-12893.03157201589,357.02684084263547,West,True
6486,1619473559.7,72.46986681597474,-1.0525473974408217,41.28089088152913,,,-86.6312437,36.023864,,,0.0,0.0,0.0,0.0,12969.396448505666,-12895.096448505667,357.005164573643,West,True
6487,1619473559.8,72.22369713836288,-1.186583177812752,41.0,,,-86.6312282,36.023850200000005,,,0.0,0.0,0.0,0.0,12971.46954219718,-12897.16954219718,357.02681355983214,West,True
6488,1619473559.9,71.85791589603816,-1.3179639153061231,41.0,,,-86.63121269999999,36.0238365,,,0.0,0.0,0.0,0.0,12973.534419015967,-12899.234419015967,357.0051370965445,West,True
6489,1619473560.0,71.48546215506846,-1.4448116335940666,41.0,,,-86.6311972,36.023822700000004,,,0.0,0.0,0.0,0.0,12975.607513033749,-12901.30751303375,357.06459477541364,West,True
6490,1619473560.1,71.02328641576997,-1.5650482304431694,41.0,,,-86.6311815,36.023809,,,0.0,0.0,0.0,0.0,12977.684574569437,-12903.384574569438,356.96603339523995,West,True
6491,1619473560.2,70.5688888101167,-1.6764529254125624,40.77864672731434,,,-86.6311662,36.0237952,,,0.0,0.0,0.0,0.0,12979.745618036188,-12905.445618036189,357.0267590030859,West,True
6492,1619473560.3,70.12783360544934,-1.7767706760255249,40.2786967902506,,,-86.63115069999999,36.0237815,,,0.0,0.0,0.0,0.0,12981.810495511836,-12907.510495511837,357.026745362102,West,True
6493,1619473560.4,69.64333576830909,-1.8638270023210475,40.0,,,-86.6311352,36.023767799999995,,,0.0,0.0,0.0,0.0,12983.875373150238,-12909.57537315024,356.9856566341211,West,True
6494,1619473560.5,69.15720304083406,-1.9356712050313765,40.0,,,-86.6311198,36.023754,,,0.0,0.0,0.0,0.0,12985.94243176097,-12911.64243176097,357.07004756087997,West,True
6495,1619473560.6,68.68559606747533,-1.9907030599108357,40.0,,,-86.63110429999999,36.0237405,,,0.0,0.0,0.0,0.0,12987.990957854936,-12913.690957854937,356.9258549268799,West,True
6496,1619473560.7,68.20223899752233,-2.0277990926181935,40.0,,,-86.6310892,36.023726700000005,,,0.0,0.0,0.0,0.0,12990.040038232335,-12915.740038232336,357.00741911708997,West,True
6497,1619473560.8,67.72209112769193,-2.0464014399517425,40.0,,,-86.6310738,36.023713,,,0.0,0.0,0.0,0.0,12992.098856204768,-12917.798856204769,357.03177533896496,West,True
6498,1619473560.9,67.2704707783965,-2.0465835784962287,40.0,,,-86.6310585,36.0236995,,,0.0,0.0,0.0,0.0,12994.135186498794,-12919.835186498794,356.97250675747637,West,True
6499,1619473561.0,66.77597836783788,-2.0290680663610026,40.0,,,-86.6310435,36.023686,,,0.267911118677682,0.0,0.0,0.0,12996.153384870273,-12921.853384870274,357.05644055512863,West,True
6500,1619473561.1,66.32795135559236,-1.9952099864293675,40.0,,,-86.6310283,36.0236727,,,0.5810999504190486,0.0,0.0,0.0,12998.167262275916,-12923.867262275917,356.9277128504647,West,True
6501,1619473561.2,65.862861517553,-1.9469339564244676,40.0,,,-86.63101329999999,36.023659,,,0.8942895288614899,0.0,0.0,0.0,13000.202056557095,-12925.902056557095,357.0396237613718,West,True
6502,1619473561.3,65.41071057362024,-1.8866375265201738,40.0,,,-86.6309983,36.0236458,,,1.0,0.0,0.0,0.0,13002.195568130872,-12927.895568130873,356.9769904335878,West,True
6503,1619473561.4,65.08905667671168,-1.8170609199920618,40.0,,,-86.6309835,36.0236325,,,1.0,0.0,0.0,0.0,13004.185204221378,-12929.885204221378,357.02497777535245,West,True
6504,1619473561.5,64.93591287032801,-1.7411347871344776,40.0,,,-86.63096879999999,36.0236195,,,1.0,0.0,0.0,0.0,13006.144091466002,-12931.844091466002,356.9996519457461,West,True
6505,1619473561.6,64.7324048321767,-1.6618168442851804,40.0,,,-86.630954,36.0236063,,,1.0,0.0,0.0,0.0,13008.125476720194,-12933.825476720194,357.030308496335,West,True
6506,1619473561.7,64.5090549181443,-1.5819269902568127,40.0,,,-86.6309395,36.0235935,,,1.0,0.0,0.0,0.0,13010.0558156445,-12935.755815644501,357.0302957489437,West,True
6507,1619473561.8,64.28420128069654,-1.5039994107637837,40.0,,,-86.630925,36.023580700000004,,,1.0,0.0,0.0,0.0,13011.986154710465,-12937.686154710465,357.0071241096191,West,True
6508,1619473561.9,64.05964364805962,-1.430156275519574,40.0,,,-86.6309105,36.023567799999995,,,1.0,0.0,0.0,0.0,13013.924707199707,-12939.624707199708,357.038588432655,West,True
6509,1619473562.0,63.92938423776273,-1.3620229770529948,39.78129294712731,,,-86.6308963,36.0235553,,,1.0,0.0,0.0,0.0,13015.812226656282,-12941.512226656283,357.0176108515432,West,True
6510,1619473562.1,63.77309627029088,-1.300680484635738,39.28092312464211,,,-86.6308822,36.023542799999994,,,1.0,0.0,0.0,0.0,13017.693673437687,-12943.393673437688,356.9723497053246,West,True
6511,1619473562.2,63.54015319369915,-1.2466693366079231,39.0,,,-86.63086820000001,36.0235302,,,1.0,0.0,0.0,0.0,13019.577326919161,-12945.277326919162,357.0622012810014,West,True
6512,1619473562.3,63.41250878703737,-1.2000300032099733,39.0,,,-86.630854,36.02351779999999,,,1.0,0.0,0.0,0.0,13021.456673647266,-12947.156673647267,357.0501927716775,West,True
6513,1619473562.4,63.19634700224199,-1.1603851771466327,39.0,,,-86.6308402,36.0235057,,,1.0,0.0,0.0,0.0,13023.287106508378,-12948.987106508379,357.00417597801504,West,True
6514,1619473562.5,63.010387456322704,-1.1270412125214055,39.0,,,-86.6308265,36.0234935,,,1.0,0.0,0.0,0.0,13025.11967000594,-12950.819670005942,357.0041638308953,West,True
6515,1619473562.6,62.84,-1.0991071282768172,39.0,,,-86.6308128,36.02348129999999,,,1.0,0.0,0.0,0.0,13026.952233632346,-12952.652233632347,357.00685524408095,West,True
6516,1619473562.7,62.64632481855029,-1.0756086689607538,39.0,,,-86.63079920000001,36.0234692,,,1.0,0.0,0.0,0.0,13028.770519949283,-12954.470519949284,357.0095868381051,West,True
6517,1619473562.8,62.51256303700792,-1.0555938804081955,39.0,,,-86.6307857,36.0234572,,,1.0,0.0,0.0,0.0,13030.574529331749,-12956.27452933175,357.0095748843289,West,True
6518,1619473562.9,62.28283418336538,-1.0382159934762527,39.0,,,-86.63077220000001,36.023445200000005,,,1.0,0.0,0.0,0.0,13032.378538837791,-12958.078538837792,356.9371702415804,West,True
6519,1619473563.0,62.11604572866181,-1.0227921950377585,39.0,,,-86.6307588,36.023433000000004,,,1.0,0.0,0.0,0.0,13034.193074044068,-12959.893074044068,357.05930367581664,West,True
6520,1619473563.1,61.8970606534814,-1.0088362269625342,39.0,,,-86.6307453,36.02342120000001,,,1.0,0.0,0.0,0.0,13035.980697347552,-12961.680697347552,356.91416131161594,West,True
6521,1619473563.2,61.741381396109205,-0.9960653003532348,39.0,,,-86.630732,36.023409,,,1.0,0.0,0.0,0.0,13037.789272652,-12963.489272652001,357.0592803539396,West,True
6522,1619473563.3,61.56095121820807,-0.9843899312745386,39.0,,,-86.6307185,36.0233972,,,1.0,0.0,0.0825664324282667,0.0,13039.576896207218,-12965.276896207219,356.96711596364395,West,True
6523,1619473563.4,61.39098618061613,-0.9738850938752177,39.0,,,-86.6307053,36.023385299999994,,,1.0,0.0,0.2073665928652552,0.0,13041.3545685604,-12967.054568560401,356.96461752370806,West,True
6524,1619473563.5,61.20548712611431,-0.9647578813790239,39.0,,,-86.63069200000001,36.0233733,,,1.0,0.0,0.3321664557559001,0.0,13043.146523541758,-12968.846523541759,356.9925318200877,West,True
6525,1619473563.6,61.01739462614817,-0.9573035351296932,39.0,,,-86.6306788,36.0233615,,,1.0,0.0,0.456966318646545,0.0,13044.915934865421,-12970.615934865422,357.01509156713763,West,True
6526,1619473563.7,60.866662776171935,-0.951868881988372,39.0,,,-86.6306655,36.023349700000004,,,1.0,0.0,0.5817664790835335,0.0,13046.691392382101,-12972.391392382102,356.92049722762096,West,True
6527,1619473563.8,60.668696852620585,-0.9488066551995209,38.77995271845099,,,-86.6306525,36.0233378,,,1.0,0.0,0.7065663419741783,0.0,13048.45710494597,-12974.15710494597,356.9463144747135,West,True
6528,1619473563.9,60.50204872677733,-0.9484439247088763,38.2806740834736,,,-86.6306395,36.023326000000004,,,1.0,0.0,0.8313665024111668,0.0,13050.214500133503,-12975.914500133504,357.0237977049994,West,True
6529,1619473564.0,60.29780877673352,-0.9510407638649605,38.0,,,-86.6306265,36.023314500000005,,,1.0,0.0,0.9561663653018116,0.0,13051.947131574849,-12977.64713157485,356.94629098072403,West,True
6530,1619473564.1,60.11404075052953,-0.9567683161935026,38.0,,,-86.6306135,36.0233027,,,0.1800812346705718,0.0,1.0,0.0,13053.704526993812,-12979.404526993812,356.92488936469164,West,True
6531,1619473564.2,59.91161407452236,-0.9656768957122168,38.0,,,-86.6306007,36.023291,,,0.0,0.0,1.0,0.0,13055.441665463262,-12981.141665463263,356.94867056389506,West,True
6532,1619473564.3,59.7879326511251,-0.977689363787199,38.0,,,-86.6305878,36.02327929999999,,,0.0,0.0,1.0,0.0,13057.184776481472,-12982.884776481473,356.99791889813594,West,True
6533,1619473564.4,59.561481091786845,-0.9925857598000529,38.0,,,-86.6305748,36.023267700000005,,,0.0,0.0,1.0,0.0,13058.925631124972,-12984.625631124973,356.929434698824,West,True
6534,1619473564.5,59.27115556761156,-1.010017712846599,38.0,,,-86.6305622,36.023256200000006,,,0.0,0.0,1.0,0.0,13060.63419629735,-12986.33419629735,357.00069981655633,West,True
6535,1619473564.6,59.056843052333534,-1.0295142036190137,38.0,,,-86.6305493,36.023244700000006,,,0.0,0.0,1.0,0.0,13062.360772909657,-12988.060772909657,356.8511739551091,West,True
6536,1619473564.7,58.84790292074505,-1.050516256197489,38.0,,,-86.6305368,36.023233000000005,,,0.0,0.0,1.0,0.0,13064.080152386734,-12989.780152386735,356.9827023624954,West,True
6537,1619473564.8,58.58695254568185,-1.0723994500756526,38.0,,,-86.63052420000001,36.0232217,,,0.0,0.0,1.0,0.0,13065.772137851498,-12991.472137851499,357.0006660945948,West,True
6538,1619473564.9,58.320081684579954,-1.0945177917489477,38.0,,,-86.6305113,36.0232102,,,0.0,0.0,1.0,0.0,13067.498714805975,-12993.198714805976,356.90485968705735,West,True
6539,1619473565.0,58.0649571106886,-1.116229563866915,38.0,,,-86.6304988,36.0231987,,,0.0,0.0,1.0,0.0,13069.201329407879,-12994.90132940788,357.0093217922564,West,True
6540,1619473565.1,57.87778181239896,-1.1369337384252907,38.0,,,-86.6304862,36.0231875,,,0.0,0.0,1.0,0.0,13070.885074111675,-12996.585074111676,356.9048367023799,West,True
6541,1619473565.2,57.6316244083543,-1.1560850464433985,38.0,,,-86.63047370000001,36.023176,,,0.0959275160284484,0.0,0.0,0.0,13072.587688927408,-12998.287688927408,356.9585524269599,West,True
6542,1619473565.3,57.4,-1.173211362507471,38.0,,,-86.63046120000001,36.0231647,,,0.3040802258647719,0.0,0.0,0.0,13074.27366529568,-12999.97366529568,356.9316768207772,West,True
6543,1619473565.4,57.185387319940176,-1.1879131379327121,38.0,,,-86.6304487,36.0231533,,,0.5122334319763018,0.0,0.0,0.0,13075.967944986647,-13001.667944986648,357.03913129179693,West,True
6544,1619473565.5,56.94834935555081,-1.1998626884159793,38.0,,,-86.6304362,36.0231423,,,0.7203861418126253,0.0,0.0,0.0,13077.629209502435,-13003.329209502435,356.9340373047025,West,True
6545,1619473565.6,56.66287913846797,-1.2087953044903261,38.0,,,-86.6304238,36.023131,,,0.9285388516489488,0.0,0.0,0.0,13079.309203187411,-13005.009203187412,356.9364480149978,West,True
6546,1619473565.7,56.427996983943935,-1.2145018043127918,38.0,,,-86.6304115,36.0231198,,,1.0,0.0,0.0,0.0,13080.974911015177,-13006.674911015178,356.96373868818,West,True
6547,1619473565.8,56.21277072945686,-1.2168242397666684,38.0,,,-86.63039920000001,36.02310870000001,,,1.0,0.0,0.0,0.0,13082.632321794888,-13008.33232179489,356.96641324657344,West,True
6548,1619473565.9,55.979911530107024,-1.215653810298467,38.0,,,-86.630387,36.0230977,,,1.0,0.0,0.0,0.0,13084.2754500904,-13009.9754500904,356.99102009051416,West,True
6549,1619473566.0,55.68590696449172,-1.2109391670143954,38.0,,,-86.6303747,36.0230867,,,1.0,0.0,0.0,0.0,13085.924597158768,-13011.624597158769,356.966391254856,West,True
6550,1619473566.1,55.45274665817951,-1.2026929895660068,38.0,,,-86.6303625,36.02307570000001,,,1.0,0.0,0.0,0.0,13087.567725656803,-13013.267725656804,356.9159169643491,West,True
6551,1619473566.2,55.22257013212332,-1.1910096420803509,38.0,,,-86.6303505,36.023064700000006,,,1.0,0.0,0.0,0.0,13089.198899035202,-13014.898899035203,357.0489566234612,West,True
6552,1619473566.3,54.95090352247094,-1.1760724674155973,38.0,,,-86.63033829999999,36.023053999999995,,,1.0,0.0,0.0,0.0,13090.817348993345,-13016.517348993346,356.9413346645465,West,True
6553,1619473566.4,54.74648939372531,-1.1581684145723776,38.0,,,-86.6303262,36.023043,,,1.0,0.0,0.0,0.0,13092.454486393055,-13018.154486393056,356.8900176601785,West,True
6554,1619473566.5,54.58139123797629,-1.1376826267405669,38.0,,,-86.6303143,36.023032,,,1.0,0.0,0.0,0.0,13094.079724121017,-13019.779724121017,356.97184269632567,West,True
6555,1619473566.6,54.38296018744073,-1.1150970513169978,38.0,,,-86.6303023,36.0230212,,,1.0,0.0,0.0,0.0,13095.694288916742,-13021.394288916743,357.0059861010856,West,True
6556,1619473566.7,54.195076172786415,-1.090962919376584,38.0,,,-86.6302905,36.0230107,,,1.0,0.0,0.0,0.0,13097.272044856922,-13022.972044856922,356.8921370742386,West,True
6557,1619473566.8,54.01581747101133,-1.065878614144706,38.0,,,-86.6302787,36.022999799999994,,,1.0,0.0,0.0,0.0,13098.882992597277,-13024.582992597278,356.89431530800573,West,True
6558,1619473566.9,53.823206378935694,-1.0404414388734124,38.0,,,-86.630267,36.022989,,,1.0,0.0,0.0,0.0,13100.479650349898,-13026.179650349899,356.9490321365678,West,True
6559,1619473567.0,53.6619447725662,-1.015211767649613,38.0,,,-86.63025520000001,36.0229783,,,1.0,0.0,0.0,0.0,13102.07393370374,-13027.77393370374,356.9804014073338,West,True
6560,1619473567.1,53.50482383611954,-0.9906562431821706,38.0,,,-86.6302435,36.0229678,,,1.0,0.0,0.0,0.0,13103.645655252918,-13029.345655252919,356.8458538295664,West,True
6561,1619473567.2,53.30031098420369,-0.9671132914675082,38.22036061284165,,,-86.6302323,36.022957299999995,,,1.0,0.0,0.0,0.0,13105.187635548195,-13030.887635548195,356.9543986370729,West,True
6562,1619473567.3,53.17691405577357,-0.9447444466116729,38.72013540854918,,,-86.63022070000001,36.0229468,,,1.0,0.0,0.0,0.0,13106.753350898809,-13032.45335089881,356.92795520116965,West,True
6563,1619473567.4,53.01350378629111,-0.9235165932406348,39.0,,,-86.63020920000001,36.0229363,,,1.0,0.0,0.0,0.0,13108.313088680074,-13034.013088680074,356.98635118347573,West,True
6564,1619473567.5,52.84,-0.9031750431475492,39.0,,,-86.63019770000001,36.022926,,,1.0,0.0,0.0,0.0,13109.856249945571,-13035.556249945572,356.9599547847123,West,True
6565,1619473567.6,52.68258265722459,-0.8832517231409225,39.0,,,-86.6301863,36.0229157,,,1.0,0.0,0.0,0.0,13111.393398543867,-13037.093398543868,356.90819371186683,West,True
6566,1619473567.7,52.52254994179278,-0.8630663726705975,39.0,,,-86.6301752,36.0229055,,,1.0,0.0,0.1643718717153942,0.0,13112.904320877551,-13038.604320877552,356.9599345499735,West,True
6567,1619473567.8,52.3081114107998,-0.8417620587313692,39.0,,,-86.63016379999999,36.02289520000001,,,1.0,0.0,0.4141463225814136,0.0,13114.441469653162,-13040.141469653163,356.9627921644623,West,True
6568,1619473567.9,52.13268297152116,-0.8183340137570081,39.0,,,-86.63015250000001,36.022884999999995,,,1.0,0.0,0.6639213689566976,0.0,13115.964335496725,-13041.664335496725,356.93571554971504,West,True
6569,1619473568.0,52.00441870890616,-0.7916879046544203,39.0,,,-86.63014129999999,36.0228748,,,1.0,0.0,0.913695819822717,0.0,13117.481214853657,-13043.181214853657,356.9924937641154,West,True
6570,1619473568.1,51.79195604375553,-0.760691016280877,39.0,,,-86.63013000000001,36.02286470000001,,,0.1790308254104022,0.0,1.0,0.0,13118.995817558167,-13044.695817558168,356.9356951506218,West,True
6571,1619473568.2,51.63967273830092,-0.7242444197062756,39.0,,,-86.63011879999999,36.0228545,,,0.0,0.0,0.9107384497983374,0.0,13120.512697088003,-13046.212697088004,356.94113702834574,West,True
6572,1619473568.3,51.488105832122095,-0.6813467840089155,39.0,,,-86.6301078,36.0228445,,,0.0,0.0,0.8066166484164514,0.0,13122.001005476044,-13047.701005476045,357.0738847511589,West,True
6573,1619473568.4,51.27142771390313,-0.6311669622357489,39.0,,,-86.6300963,36.022834499999995,,,0.0,0.0,0.7024945987886094,0.0,13123.519574052749,-13049.21957405275,356.88458144292764,West,True
6574,1619473568.5,51.120000000000005,-0.5731054546473103,39.0,,,-86.63008549999999,36.0228245,,,0.0,0.0,0.5983727974067234,0.0,13124.995988386005,-13050.695988386005,357.00217203184985,West,True
6575,1619473568.6,50.991432866780215,-0.5068493279266962,39.0,,,-86.6300745,36.022814700000005,,,0.0,0.0,0.4942509960248376,0.0,13126.467756004871,-13052.167756004872,356.99561905777324,West,True
6576,1619473568.7,50.77355835828848,-0.43241276188056976,39.0,,,-86.63006329999999,36.0228047,,,0.0,0.0,0.3901289463969954,0.0,13127.968080294188,-13053.668080294188,356.9778385617571,West,True
6577,1619473568.8,50.608601231643775,-0.35015569916994654,39.21900204374276,,,-86.6300525,36.022795,,,0.0,0.0,0.2860071450151095,0.0,13129.41953711653,-13055.11953711653,356.9955995060495,West,True
6578,1619473568.9,50.58490296230404,-0.2607878740471067,39.71854112972764,,,-86.63004129999999,36.022785,,,0.0,0.0,0.1818850953872675,0.0,13130.91986157491,-13056.61986157491,356.92090549746354,West,True
6579,1619473569.0,50.50189114721923,-0.16534022139909288,40.0,,,-86.6300307,36.0227753,,,0.0,0.0,0.0777632940053815,0.0,13132.35934456887,-13058.05934456887,357.0631963691983,West,True
6580,1619473569.1,50.52706655778618,-0.06512840414078172,40.0,,,-86.6300197,36.0227657,,,0.0316564990050976,0.0,0.0,0.0,13133.81472342602,-13059.51472342602,356.97157964745367,West,True
6581,1619473569.2,50.608373313692766,0.03831921166389021,40.0,,,-86.6300087,36.0227558,,,0.1567068105940852,0.0,0.0,0.0,13135.294743386827,-13060.994743386827,356.9182108510405,West,True
6582,1619473569.3,50.640994463253584,0.14332653052013156,40.0,,,-86.629998,36.022746000000005,,,0.2817568240403232,0.0,0.0,0.0,13136.74851419174,-13062.448514191741,356.9777801785311,West,True
6583,1619473569.4,50.74,0.24816638945410768,40.0,,,-86.6299872,36.0227363,,,0.4068071356293107,0.0,0.0,0.0,13138.199971499716,-13063.899971499717,356.98096774550686,West,True
6584,1619473569.5,50.86,0.351130174342295,40.0,,,-86.6299765,36.02272670000001,,,0.5318571490755487,0.0,0.0,0.0,13139.6371480648,-13065.3371480648,356.97776095521226,West,True
6585,1619473569.6,51.05767779390421,0.45062321393688987,40.0,,,-86.6299657,36.022717,,,0.6569071625217867,0.0,0.0,0.0,13141.088605531973,-13066.788605531974,357.01233972021157,West,True
6586,1619473569.7,51.20479638376118,0.5452139092794104,40.0,,,-86.62995500000001,36.0227075,,,0.7819574741107743,0.0,0.0,0.0,13142.517542582811,-13068.217542582812,357.01233026195507,West,True
6587,1619473569.8,51.38228861000329,0.6337059372398307,40.0,,,-86.62994429999999,36.022698,,,0.9070074875570124,0.0,0.0,0.0,13143.946479714083,-13069.646479714083,356.95551886535384,West,True
6588,1619473569.9,51.574816510704736,0.715150967591753,40.0,,,-86.6299338,36.0226885,,,1.0,0.0,0.0,0.0,13145.36336675689,-13071.06336675689,357.0399257882836,West,True
6589,1619473570.0,51.91303740076178,0.7888873102686693,40.0,,,-86.629923,36.022679,,,1.0,0.0,0.0,0.0,13146.798375723329,-13072.49837572333,357.07509049053346,West,True
6590,1619473570.1,52.00542388134922,0.8545142013623683,40.0,,,-86.6299123,36.0226697,,,1.0,0.0,0.0,0.0,13148.210952155221,-13073.910952155222,356.89648800228844,West,True
6591,1619473570.2,52.30089013833607,0.9118988396659169,40.0,,,-86.629902,36.022660200000004,,,1.0,0.0,0.0,0.0,13149.61591617333,-13075.315916173331,357.01228341531765,West,True
6592,1619473570.3,52.54786157999459,0.9611221163726207,40.0,,,-86.6298913,36.02265070000001,,,1.0,0.0,0.0,0.0,13151.04485369216,-13076.74485369216,356.98745945742803,West,True
6593,1619473570.4,52.83999204643368,1.0024638325553652,40.0,,,-86.6298808,36.0226413,,,1.0,0.0,0.0,0.0,13152.453470537794,-13078.153470537794,357.0475088254076,West,True
6594,1619473570.5,53.01304453000213,1.0363359102119087,40.0,,,-86.6298702,36.022632,,,1.0,0.0,0.0,0.0,13153.859936261608,-13079.559936261609,356.9745272709278,West,True
6595,1619473570.6,53.27435489962797,1.0632576017921682,40.0,,,-86.62985929999999,36.0226222,,,1.0,0.0,0.0,0.0,13155.325675735141,-13081.025675735142,357.07096535893214,West,True
6596,1619473570.7,53.49975803306816,1.0837925059211755,40.0,,,-86.6298485,36.0226128,,,1.0,0.0,0.0,0.0,13156.752519724752,-13082.452519724753,356.98084385860983,West,True
6597,1619473570.8,53.75,1.0985232710877946,40.0,,,-86.6298378,36.0226032,,,1.0,0.0,0.0,0.0,13158.189697299424,-13083.889697299424,357.0398417146803,West,True
6598,1619473570.9,53.97287432619464,1.1080049114378387,40.0,,,-86.629827,36.0225937,,,0.8700810736184637,0.0,0.0,0.0,13159.624706976947,-13085.324706976948,356.97140700423756,West,True
6599,1619473571.0,54.17705608776119,1.1127442389305595,40.0,,,-86.629816,36.0225838,,,0.3708927619301519,0.0,0.0,0.0,13161.104728381137,-13086.804728381137,357.0398226230779,West,True
6600,1619473571.1,54.39177853146597,1.1131762105676897,40.0,,,-86.6298052,36.022574299999995,,,0.0,0.0,0.0,0.0,13162.539738221098,-13088.239738221098,357.0630004238207,West,True
6601,1619473571.2,54.64878977887523,1.109649235285286,40.0,,,-86.6297942,36.022564700000004,,,0.0,0.0,0.0,0.0,13163.99511879297,-13089.69511879297,356.9713776157203,West,True
6602,1619473571.3,54.85575880758808,1.1024256417822649,40.0,,,-86.6297832,36.022554799999995,,,0.0,0.0,0.0,0.0,13165.475140441107,-13091.175140441108,357.0629813107368,West,True
6603,1619473571.4,55.13186139209567,1.0916716464007616,40.0,,,-86.6297722,36.0225452,,,0.0,0.0,0.0,0.0,13166.930521179389,-13092.63052117939,356.9713579015354,West,True
6604,1619473571.5,55.370347038784544,1.0774790725158783,40.0,,,-86.6297612,36.022535299999994,,,0.0,0.0,0.0,0.0,13168.410542991165,-13094.110542991166,357.1068991394947,West,True
6605,1619473571.6,55.607932537357165,1.0598586112487116,39.782020364895935,,,-86.6297498,36.0225255,,,0.0,0.0,0.0,0.0,13169.906729776323,-13095.606729776324,356.9408031108779,West,True
6606,1619473571.7,55.79511368311346,1.0387780152598274,39.2810427304488,,,-86.6297388,36.022515500000004,,,0.0,0.0,0.0,0.0,13171.395040910134,-13097.095040910135,356.968301838506,West,True
6607,1619473571.8,56.00625692887469,1.0141582732546648,39.0,,,-86.6297277,36.0225055,,,0.0,0.0,0.0,0.0,13172.889344961433,-13098.589344961434,357.0552977411142,West,True
6608,1619473571.9,56.19546612140476,0.9859225226195458,39.0,,,-86.6297165,36.02249570000001,,,0.0,0.0,0.0,0.0,13174.373264856044,-13100.073264856044,357.01512168978223,West,True
6609,1619473572.0,56.38189589438775,0.9539947896852022,39.0,,,-86.629705,36.022485499999995,,,0.0,0.0,0.0,0.0,13175.90819541353,-13101.608195413532,357.01511153535074,West,True
6610,1619473572.1,56.54408492015457,0.9183522029992133,39.0,,,-86.6296935,36.0224753,,,0.0,0.0,0.0,0.0,13177.443126059474,-13103.143126059475,357.04431294986455,West,True
6611,1619473572.2,56.76587551395247,0.8790236385419394,38.78127975397037,,,-86.62968199999999,36.0224652,,,0.0,0.0,0.0,0.0,13178.969858785451,-13104.669858785452,357.0218125300817,West,True
6612,1619473572.3,56.94588708497879,0.8361352526121364,38.28209144228206,,,-86.6296707,36.0224552,,,0.0,0.0,0.0,0.0,13180.476238492938,-13106.176238492939,356.9889458161591,West,True
6613,1619473572.4,57.08281634203932,0.7899028592730157,38.0,,,-86.6296593,36.022445000000005,,,0.0,0.0,0.0,0.0,13182.00512420915,-13107.705124209151,357.01179744254097,West,True
6614,1619473572.5,57.22854171081119,0.7406596268472341,38.0,,,-86.6296477,36.0224347,,,0.0,0.0,0.0,0.0,13183.554331482022,-13109.254331482023,356.95664168998564,West,True
6615,1619473572.6,57.38240981227383,0.6888349520573985,38.0,,,-86.62963620000001,36.0224243,,,0.0,0.0,0.0,0.0,13185.105767731564,-13110.805767731565,357.03727161164574,West,True
6616,1619473572.7,57.55390839554803,0.6349568810551727,38.0,,,-86.6296245,36.022414000000005,,,0.0,0.0,0.0,0.0,13186.661045409843,-13112.361045409843,357.03726135145035,West,True
6617,1619473572.8,57.69478802744239,0.579615056195401,37.78211155706765,,,-86.6296128,36.0224037,,,0.0,0.0,0.0,0.0,13188.21632318234,-13113.91632318234,357.0053753003455,West,True
6618,1619473572.9,57.8055462762917,0.5234402856843604,37.281239215143046,,,-86.629601,36.0223932,,,0.0,0.0,0.0,0.0,13189.794084716448,-13115.494084716449,356.92239920585837,West,True
6619,1619473573.0,57.848048130040006,0.46705917421904697,37.0,,,-86.62958929999999,36.0223825,,,0.0,0.0,0.0,0.0,13191.382401359175,-13117.082401359175,356.95381925472185,West,True
6620,1619473573.1,57.82858335882249,0.4110653364678156,37.0,,,-86.6295777,36.022372,,,0.0,0.0,0.0,0.0,13192.948121780919,-13118.64812178092,357.0551663654848,West,True
6621,1619473573.2,57.84136371852317,0.3559824206131442,36.7802030251268,,,-86.6295657,36.0223615,,,0.0,0.0,0.0,0.0,13194.538037197875,-13120.238037197876,356.99916520377496,West,True
6622,1619473573.3,57.92239004321584,0.30224765950366306,36.28058539467446,,,-86.6295537,36.0223508,,,0.0,0.0,0.0,0.0,13196.14435473515,-13121.84435473515,357.0551454553583,West,True
6623,1619473573.4,57.95948039029507,0.25020004575691424,36.0,,,-86.6295417,36.0223403,,,0.0,0.0,0.0,0.0,13197.734270349194,-13123.434270349195,357.0022021830031,West,True
6624,1619473573.5,58.01614666292765,0.2000907517600186,36.0,,,-86.6295298,36.0223297,,,0.0,0.0,0.0,0.0,13199.326310060436,-13125.026310060437,357.0238890269108,West,True
6625,1619473573.6,57.97445167794901,0.15210099773084293,35.78181763901577,,,-86.62951770000001,36.022319,,,0.0,0.0,0.0,0.0,13200.938683764818,-13126.638683764819,356.99912259985933,West,True
6626,1619473573.7,58.03522094986759,0.10637678466094375,35.28094768958867,,,-86.62950570000001,36.0223083,,,0.0,0.0,0.0,0.0,13202.545001693163,-13128.245001693163,356.9151351941051,West,True
6627,1619473573.8,58.10999605752262,0.06306253680265253,35.0,,,-86.6294937,36.0222973,,,0.0,0.0,0.0,0.0,13204.176182026147,-13129.876182026148,357.07574718475223,West,True
6628,1619473573.9,58.11513329768544,0.022339839682925418,35.0,,,-86.6294815,36.0222867,,,0.0,0.0,0.0,0.0,13205.786482533109,-13131.48648253311,357.0481978015277,West,True
6629,1619473574.0,58.14626239805006,-0.015549441074460622,35.0,,,-86.6294693,36.022276,,,0.0,0.0,0.0,0.0,13207.40493983383,-13133.104939833831,356.94054827976566,West,True
6630,1619473574.1,58.10374046922167,-0.05028665010644609,35.0,,,-86.6294572,36.022265000000004,,,0.0,0.0,0.0,0.0,13209.042084375204,-13134.742084375204,357.04817658383894,West,True
6631,1619473574.2,58.08494147272879,-0.08148656156076384,34.781393283957925,,,-86.62944499999999,36.02225429999999,,,0.0,0.0,0.0,0.0,13210.660541882211,-13136.360541882212,356.9655567902212,West,True
6632,1619473574.3,58.005956264042766,-0.10871801759301838,34.280840734473124,,,-86.6294328,36.0222433,,,0.0,0.0,0.0,0.0,13212.303678118918,-13138.00367811892,356.9960394219484,West,True
6633,1619473574.4,57.84256664105732,-0.1315513985187632,34.0,,,-86.62942070000001,36.0222325,,,0.0,0.0,0.0,0.0,13213.924275179086,-13139.624275179087,357.02060675792484,West,True
6634,1619473574.5,57.83833243664928,-0.14960886884284008,34.0,,,-86.6294085,36.0222217,,,0.0,0.0,0.0,0.0,13215.550924792025,-13141.250924792026,356.9930593191328,West,True
6635,1619473574.6,57.71415793609219,-0.16262959373525906,33.781800190992854,,,-86.6293963,36.0222108,,,0.0,0.0,0.0,0.0,13217.185800887857,-13142.885800887858,357.05153740621455,West,True
6636,1619473574.7,57.74490249293528,-0.17052210827207548,33.28237174067838,,,-86.6293842,36.0222002,,,0.0,0.0,0.0,0.0,13218.78998808154,-13144.489988081541,357.0381986457425,West,True
6637,1619473574.8,57.50275417569458,-0.17341400977402466,33.0,,,-86.62937170000001,36.02218920000001,,,0.0,0.0,0.0,0.0,13220.451261798724,-13146.151261798725,356.85903356234877,West,True
6638,1619473574.9,57.378565785693766,-0.17167384442792333,33.0,,,-86.62935970000001,36.022178000000004,,,0.0,0.0,0.0,0.0,13222.09918483829,-13147.79918483829,357.02055299707183,West,True
6639,1619473575.0,57.33266607576893,-0.16591638698268762,33.0,,,-86.6293475,36.022167200000005,,,0.0,0.0,0.0,0.0,13223.725834963094,-13149.425834963095,356.99009461879683,West,True
6640,1619473575.1,57.29171020284144,-0.15697468735066777,33.0,,,-86.62933520000001,36.022156200000005,,,0.0,0.0,0.0,0.0,13225.37499079256,-13151.07499079256,356.99299412758626,West,True
6641,1619473575.2,57.24494247509648,-0.14585265301382092,32.78271698302258,,,-86.629323,36.0221453,,,0.0,0.0,0.0,0.0,13227.009867501914,-13152.709867501915,356.96544729104886,West,True
6642,1619473575.3,57.187530916844345,-0.13365267733837022,32.282412217346234,,,-86.6293108,36.0221343,,,0.0,0.0,0.0,0.0,13228.65300475352,-13154.35300475352,356.9404048429055,West,True
6643,1619473575.4,57.28,-0.1214932163068494,32.0,,,-86.6292987,36.0221233,,,0.0,0.0,0.0,0.0,13230.29015059621,-13155.990150596212,357.02049923603363,West,True
6644,1619473575.5,57.33032473570648,-0.11042059877664359,32.0,,,-86.62928649999999,36.0221125,,,0.0,0.0,0.0,0.0,13231.916801234758,-13157.616801234759,356.9149351878248,West,True
6645,1619473575.6,57.38226318900547,-0.10132689833817221,32.0,,,-86.6292745,36.0221015,,,0.0,0.0,0.0,0.0,13233.54798334111,-13159.24798334111,356.9709111025441,West,True
6646,1619473575.7,57.47,-0.09488374207752277,32.0,,,-86.6292625,36.0220907,,,0.0,0.0,0.0,0.0,13235.162556655212,-13160.862556655213,356.992929458754,West,True
6647,1619473575.8,57.48174509911592,-0.09149565814977823,31.78162407065135,,,-86.62925030000001,36.02207979999999,,,0.0,0.0,0.0,0.0,13236.797433974933,-13162.497433974933,356.91490216289225,West,True
6648,1619473575.9,57.535302605676826,-0.09128394256776316,31.28180341602287,,,-86.6292383,36.0220688,,,0.0,0.0,0.0,0.0,13238.428616377843,-13164.128616377844,356.99586659306846,West,True
6649,1619473576.0,57.51983177293963,-0.09409291477228474,31.0,,,-86.6292262,36.022058,,,0.0,0.0,0.0,0.0,13240.049215056179,-13165.74921505618,356.9441617381116,West,True
6650,1619473576.1,57.49739254077481,-0.09952841248786556,31.0,,,-86.62921424999999,36.022047150000006,,,0.0,0.0,0.0,0.0,13241.664933855549,-13167.36493385555,356.9441509358756,West,True
6651,1619473576.2,57.47495330860998,-0.10700873728546348,31.0,,,-86.62920229999999,36.0220363,,,0.0,0.0,0.0,0.0,13243.28065275309,-13168.98065275309,357.0268402619903,West,True
6652,1619473576.3,57.44550707099897,-0.11583789529901901,31.0,,,-86.62919029999999,36.02202570000001,,,0.0,0.0,0.0,0.0,13244.878754644813,-13170.578754644814,356.91484741213714,West,True
6653,1619473576.4,57.28596833578793,-0.12527337711646883,31.0,,,-86.62917829999999,36.02201470000001,,,0.0,0.0,0.0,0.0,13246.509937537689,-13172.20993753769,356.94804942382416,West,True
6654,1619473576.5,57.25439891584634,-0.13460174994086077,31.0,,,-86.6291665,36.022003999999995,,,0.0,0.0,0.0,0.0,13248.104229626342,-13173.804229626343,356.9708143435454,West,True
6655,1619473576.6,57.17522507290292,-0.14319163787337785,30.782324176099547,,,-86.6291545,36.021993200000004,,,0.0,0.0,0.0,0.0,13249.718803832426,-13175.418803832426,356.9652960513018,West,True
6656,1619473576.7,57.11,-0.15054401708623788,30.281825384892592,,,-86.6291423,36.021982200000004,,,0.0,0.0,0.0,0.0,13251.361942498219,-13177.06194249822,356.9480169306262,West,True
6657,1619473576.8,57.03559061817913,-0.15631084489971775,30.0,,,-86.6291305,36.0219715,,,0.0,0.0,0.0,0.0,13252.95623487763,-13178.656234877632,356.9195376565542,West,True
6658,1619473576.9,56.963225794605314,-0.1603093687208758,30.0,,,-86.6291187,36.0219607,,,0.0,0.0,0.0,0.0,13254.5588426796,-13180.258842679601,356.9652639201801,West,True
6659,1619473577.0,56.93794608737873,-0.16250575231521475,30.0,,,-86.62910649999999,36.0219497,,,0.0,0.0,0.0,0.0,13256.201981648424,-13181.901981648425,356.96525297359153,West,True
6660,1619473577.1,56.92057494433806,-0.16300064169226347,30.0,,,-86.62909429999999,36.02193870000001,,,0.0,0.0,0.0,0.0,13257.84512071808,-13183.545120718081,356.891037267504,West,True
6661,1619473577.2,56.8807298128172,-0.16199148881502862,30.0,,,-86.6290825,36.0219278,,,0.0,0.0,0.0,0.0,13259.456077969086,-13185.156077969086,356.9652314256706,West,True
6662,1619473577.3,56.84,-0.1597459652688893,30.0,,,-86.6290703,36.02191679999999,,,0.0,0.0,0.0,0.0,13261.099217243538,-13186.799217243539,356.97072815461127,West,True
6663,1619473577.4,56.82,-0.15656026004065082,30.0,,,-86.6290583,36.021906,,,0.0,0.0,0.0,0.0,13262.713792247896,-13188.413792247897,356.9707174017262,West,True
6664,1619473577.5,56.73848697367088,-0.15273543442864754,30.0,,,-86.6290463,36.0218952,,,0.0,0.0,0.0,0.0,13264.32836735171,-13190.028367351711,356.94271060797786,West,True
6665,1619473577.6,56.68801817354904,-0.1485434465601227,30.0,,,-86.6290343,36.0218843,,,0.0,0.0,0.0,0.0,13265.951230144225,-13191.651230144225,357.0266925156347,West,True
6666,1619473577.7,56.63359713900887,-0.14421386675528858,30.0,,,-86.6290223,36.0218737,,,0.0,0.0,0.0,0.0,13267.54933344236,-13193.249333442362,356.967908499988,West,True
6667,1619473577.8,56.615775109070455,-0.13991116565662726,30.0,,,-86.62901020000001,36.021862799999994,,,0.0,0.0,0.0,0.0,13269.178190864086,-13194.878190864087,356.94526589713035,West,True
6668,1619473577.9,56.589249241288535,-0.13573197346453056,30.0,,,-86.6289983,36.021852,,,0.0,0.0,0.0,0.0,13270.786768986942,-13196.486768986942,357.05466159997525,West,True
6669,1619473578.0,56.54032501875977,-0.13169182511498195,30.0,,,-86.62898630000001,36.0218415,,,0.0,0.0,0.0,0.0,13272.376689238667,-13198.076689238667,356.9956426782858,West,True
6670,1619473578.1,56.52461786906995,-0.1277300075491383,30.0,,,-86.6289742,36.0218307,,,0.0308458208297597,0.0,0.0,0.0,13273.997290025643,-13199.697290025644,356.9986401385742,West,True
6671,1619473578.2,56.48384910521487,-0.12370291125392846,30.0,,,-86.6289622,36.02182,,,0.1498448502394132,0.0,0.0,0.0,13275.603612447121,-13201.303612447122,356.945222531389,West,True
6672,1619473578.3,56.451891375796414,-0.1193939452342136,30.0,,,-86.6289503,36.0218092,,,0.2688435959336775,0.0,0.0,0.0,13277.212190957314,-13202.912190957315,356.9986189277972,West,True
6673,1619473578.4,56.39520851151818,-0.11451197373730745,30.0,,,-86.62893829999999,36.0217985,,,0.3878426253433311,0.0,0.0,0.0,13278.818513576898,-13204.518513576899,356.9986082706389,West,True
6674,1619473578.5,56.3676248650544,-0.10870531543274645,30.0,,,-86.62892629999999,36.0217878,,,0.5068413710375954,0.0,0.0,0.0,13280.424836294666,-13206.124836294666,357.0265975386336,West,True
6675,1619473578.6,56.32548827444667,-0.10156507397578257,30.21673452303946,,,-86.62891429999999,36.0217772,,,0.6258401167318598,0.0,0.0,0.0,13282.022940484736,-13207.722940484737,357.12630555333294,West,True
6676,1619473578.7,56.26,-0.0926431596760243,30.715468161409383,,,-86.628902,36.0217667,,,0.7448391461415133,0.0,0.0,0.0,13283.631297008309,-13209.33129700831,356.94780002686093,West,True
6677,1619473578.8,56.2399298452838,-0.08146073819741229,31.0,,,-86.6288902,36.021756,,,0.8638378918357776,0.0,0.0,0.0,13285.225591318986,-13210.925591318986,357.0545674272347,West,True
6678,1619473578.9,56.19,-0.0675303120130441,31.0,,,-86.6288782,36.0217455,,,0.9828369212454312,0.0,0.0,0.0,13286.815512463172,-13212.515512463173,356.97337948287094,West,True
6679,1619473579.0,56.1424170792789,-0.05036923584267761,31.0,,,-86.6288663,36.0217348,,,1.0,0.0,0.0,0.0,13288.415807348236,-13214.115807348237,357.004713996126,West,True
6680,1619473579.1,56.13675882699543,-0.029525422955904535,31.0,,,-86.6288545,36.021724299999995,,,1.0,0.0,0.0,0.0,13289.993574941269,-13215.69357494127,356.97053481217273,West,True
6681,1619473579.2,56.11776444737013,-0.004595012981524297,31.0,,,-86.6288425,36.021713500000004,,,1.0,0.0,0.0,0.0,13291.60815170787,-13217.30815170787,357.00469291253296,West,True
6682,1619473579.3,56.05148486128197,0.024749996618779926,31.0,,,-86.62883070000001,36.021703,,,1.0,0.0,0.0,0.0,13293.185919493846,-13218.885919493847,357.0298078485643,West,True
6683,1619473579.4,56.02,0.058742612804383795,31.21674697775643,,,-86.62881879999999,36.0216925,,,1.0,0.0,0.0,0.0,13294.769750378822,-13220.469750378823,356.94772492878514,West,True
6684,1619473579.5,56.03197640307292,0.09749528616561466,31.716646266100454,,,-86.628807,36.0216818,,,1.0,0.0,0.0,0.0,13296.364045354665,-13222.064045354666,357.004661464319,West,True
6685,1619473579.6,56.07775768753128,0.14098444510728037,32.0,,,-86.6287952,36.0216713,,,1.0,0.0,0.0,0.0,13297.941813427793,-13223.641813427794,357.0264822451991,West,True
6686,1619473579.7,56.0592389343055,0.18903347032288792,32.0,,,-86.6287832,36.021660700000005,,,1.0,0.0,0.0,0.0,13299.539918695355,-13225.239918695355,357.05447420935263,West,True
6687,1619473579.8,56.08574596663932,0.24130768829534854,32.21822678390357,,,-86.6287712,36.0216502,,,1.0,0.0,0.0,0.0,13301.129840725493,-13226.829840725493,357.02975557875965,West,True
6688,1619473579.9,56.17493511285503,0.2973129593529743,32.717409156475085,,,-86.6287593,36.02163970000001,,,1.0,0.0,0.0,0.0,13302.713672093585,-13228.413672093586,357.00461920674303,West,True
6689,1619473580.0,56.25000959293381,0.3564067362616293,33.0,,,-86.6287475,36.0216292,,,1.0,0.0,0.0856007597569293,0.0,13304.291440548655,-13229.991440548656,357.0544431117183,West,True
6690,1619473580.1,56.36236081098856,0.41781643467844154,33.0,,,-86.6287355,36.021618700000005,,,1.0,0.0,0.1856588007205381,0.0,13305.88136287105,-13231.581362871051,356.94764973482313,West,True
6691,1619473580.2,56.51003417415603,0.48066748560990913,33.217069899670726,,,-86.62872370000001,36.021608,,,1.0,0.0,0.285717080241334,0.0,13307.475658509062,-13233.175658509062,357.1104326083889,West,True
6692,1619473580.3,56.67763555414216,0.5440196507957029,33.71619346140161,,,-86.62871170000001,36.0215977,,,1.0,0.0,0.3857751212049428,0.0,13309.049322412033,-13234.749322412034,357.0544119249371,West,True
6693,1619473580.4,56.8,0.6069065367595081,34.0,,,-86.6286997,36.021587200000006,,,1.0,0.0,0.4858334007257387,0.0,13310.639245028133,-13236.339245028134,356.998396471324,West,True
6694,1619473580.5,57.00811859258913,0.6683815416074887,34.0,,,-86.6286877,36.0215765,,,1.0,0.0,0.5858914416893475,0.0,13312.245569690182,-13237.945569690182,356.9790010066309,West,True
6695,1619473580.6,57.21126435324374,0.7275581811184548,34.215653522781295,,,-86.628676,36.021566,,,1.0,0.0,0.6859494826529563,0.0,13313.817303771752,-13239.517303771752,357.15768397572674,West,True
6696,1619473580.7,57.33655424375496,0.7836535127609843,34.715362226291504,,,-86.6286638,36.0215557,,,1.0,0.0,0.7860077621737522,0.0,13315.403357311034,-13241.103357311034,357.0786718081408,West,True
6697,1619473580.8,57.57888297392403,0.8360173140214175,35.0,,,-86.6286517,36.021545200000006,,,1.0,0.0,0.886065803137361,0.0,13316.999398520004,-13242.699398520004,357.0296506073341,West,True
6698,1619473580.9,57.86953204485624,0.8841612939508247,35.0,,,-86.62863979999999,36.021534700000004,,,1.0,0.0,0.9861240826581568,0.0,13318.583230853157,-13244.283230853158,357.082354393332,West,True
6699,1619473581.0,58.06544728037473,0.9277681585856941,35.217268615630545,,,-86.62862779999999,36.0215243,,,0.4625511207513429,0.0,1.0,0.0,13320.165006555768,-13245.865006555769,356.9760268706322,West,True
6700,1619473581.1,58.23552258029157,0.9666993864656517,35.716873748545304,,,-86.62861600000001,36.02151370000001,,,0.0,0.0,1.0,0.0,13321.75102209461,-13247.45102209461,357.0823338556156,West,True
6701,1619473581.2,58.562239698937695,1.0009813107677004,36.0,,,-86.62860400000001,36.0215033,,,0.0,0.0,1.0,0.0,13323.33279799403,-13249.03279799403,357.05431809698075,West,True
6702,1619473581.3,58.73151329577312,1.030791127367581,36.0,,,-86.628592,36.0214928,,,0.0,0.0,1.0,0.0,13324.922721488292,-13250.622721488293,357.02630354469864,West,True
6703,1619473581.4,58.93884772794009,1.0564243213352817,36.2180044314202,,,-86.62858,36.0214822,,,0.0,0.0,1.0,0.0,13326.520828406768,-13252.22082840677,357.08230279209204,West,True
6704,1619473581.5,59.1515581367523,1.0782657599443992,36.71764705882353,,,-86.628568,36.0214718,,,0.0,0.0,1.0,0.0,13328.102604599955,-13253.802604599956,356.97597339735256,West,True
6705,1619473581.6,59.38940563895198,1.096748789935937,37.21660423130633,,,-86.6285562,36.021461200000005,,,0.0,0.0,1.0,0.0,13329.688620612744,-13255.388620612744,357.0542764517095,West,True
6706,1619473581.7,59.58638942137686,1.1123233011453584,37.716362353860745,,,-86.62854420000001,36.0214507,,,0.0,0.0,1.0,0.0,13331.278544497518,-13256.978544497519,356.9922905808446,West,True
6707,1619473581.8,59.81686568131126,1.1254192893220516,38.0,,,-86.62853199999999,36.0214398,,,0.0,0.0,1.0,0.0,13332.913427798963,-13258.613427798964,357.02625077703965,West,True
6708,1619473581.9,60.023015124765664,1.136424452045197,38.0,,,-86.62852,36.0214292,,,0.0,0.0,1.0,0.0,13334.51153520821,-13260.211535208211,357.07132137829166,West,True
6709,1619473582.0,60.23146468268197,1.1456625121405204,38.21784433719043,,,-86.6285077,36.0214185,,,0.0,0.0,1.0,0.0,13336.13611090621,-13261.836110906212,357.0198021041291,West,True
6710,1619473582.1,60.44445516218929,1.1533885677036744,38.71731382278794,,,-86.6284955,36.021407700000005,,,0.0,0.0,0.8722322381162314,0.0,13337.762768163333,-13263.462768163334,357.0713001559751,West,True
6711,1619473582.2,60.667741219050754,1.159785778928785,39.0,,,-86.6284832,36.021397,,,0.0,0.0,0.3711217283570071,0.0,13339.387344067423,-13265.087344067424,357.06776382187576,West,True
6712,1619473582.3,60.933353934147775,1.1649792595142987,39.0,,,-86.6284708,36.0213862,,,0.0,0.0,0.0,0.0,13341.026187628639,-13266.72618762864,357.0608696204158,West,True
6713,1619473582.4,61.14767177679428,1.1690470135615094,39.21320794852674,,,-86.62845820000001,36.0213752,,,0.0,0.0,0.0,0.0,13342.693568134626,-13268.393568134627,357.04063964779715,West,True
6714,1619473582.5,61.37899631247315,1.1720463326467185,39.71444841201553,,,-86.6284458,36.021364299999995,,,0.0,0.0,0.0,0.0,13344.340577384544,-13270.040577384545,357.03737648588447,West,True
6715,1619473582.6,61.63084974794837,1.174029834752136,40.21529162809783,,,-86.6284333,36.0213533,,,0.0,0.0,0.0,0.0,13346.001859171529,-13271.70185917153,356.9892807068228,West,True
6716,1619473582.7,61.87561169590644,1.1750751259893204,40.71561011918963,,,-86.628421,36.02134229999999,,,0.0,0.0,0.0,0.0,13347.651022666327,-13273.351022666327,357.0574658965181,West,True
6717,1619473582.8,62.14,1.1752961215012867,41.0,,,-86.6284083,36.021331200000006,,,0.0,0.0,0.0,0.0,13349.332672860284,-13275.032672860285,356.9835757423246,West,True
6718,1619473582.9,62.33094065950095,1.1748674639855756,41.0,,,-86.62839579999999,36.02132,,,0.0,0.0,0.0,0.0,13351.010396255288,-13276.710396255288,356.98356459122095,West,True
6719,1619473583.0,62.51743762593202,1.174023841694661,41.21554348332332,,,-86.6283833,36.0213088,,,0.0,0.0,0.0,0.0,13352.6881197565,-13278.3881197565,357.02786962339457,West,True
6720,1619473583.1,62.806724826742766,1.1730734463746948,41.716434968180025,,,-86.6283705,36.0212975,,,0.0,0.0,0.0,0.0,13354.392222291506,-13280.092222291507,356.98354202567765,West,True
6721,1619473583.2,63.043028075360176,1.1723815028312317,42.21672718524879,,,-86.62835799999999,36.02128629999999,,,0.0,0.0,0.0,0.0,13356.069946009246,-13281.769946009246,357.02784738851244,West,True
6722,1619473583.3,63.22766849409422,1.1723701702167564,42.71623473984949,,,-86.6283452,36.021275,,,0.0,0.0,0.0,0.0,13357.774048765712,-13283.474048765713,357.02177710541065,West,True
6723,1619473583.4,63.46278079849457,1.1734860001955547,43.2157563327962,,,-86.6283322,36.0212635,,,0.0,0.0,0.0,0.0,13359.506700741216,-13285.206700741217,357.0044643095837,West,True
6724,1619473583.5,63.70668038564522,1.176187140679121,43.71529363284372,,,-86.62831949999999,36.021252200000006,,,0.0,0.0,0.0,0.0,13361.204741408932,-13286.904741408933,356.89861946494227,West,True
6725,1619473583.6,63.90331371197586,1.1808986200693508,44.0,,,-86.62830679999999,36.021240500000005,,,0.0,0.0,0.0,0.0,13362.935953168406,-13288.635953168407,357.0217432878769,West,True
6726,1619473583.7,64.1047941855726,1.1879922712826216,44.0,,,-86.6282938,36.021229,,,0.0,0.0,0.0,0.0,13364.668605489893,-13290.368605489894,356.9227787788656,West,True
6727,1619473583.8,64.31834829747586,1.1977389062467658,44.21543399552189,,,-86.628281,36.0212173,,,0.0,0.0,0.0,0.0,13366.405764034052,-13292.105764034053,357.0413051786704,West,True
6728,1619473583.9,64.51573795020802,1.2102912810160302,44.714970701729314,,,-86.62826779999999,36.0212057,,,0.0,0.0,0.0,0.0,13368.158769615326,-13293.858769615326,356.9700082689717,West,True
6729,1619473584.0,64.73703752084491,1.2256464080855802,45.21505895052073,,,-86.6282548,36.021194,,,0.0,0.0,0.0,0.0,13369.907899594185,-13295.607899594186,356.9441480324832,West,True
6730,1619473584.1,64.94871311919577,1.2436441130934184,45.715881654769895,,,-86.6282418,36.021182200000005,,,0.0,0.0,0.0,0.0,13371.665315942517,-13297.365315942518,356.94176843916495,West,True
6731,1619473584.2,65.16877744094155,1.2639524122568266,46.21670167176718,,,-86.62822870000001,36.0211703,,,0.0,0.0,0.0,0.0,13373.437017456747,-13299.137017456747,356.944124455998,West,True
6732,1619473584.3,65.41850782534785,1.2860906586343241,46.717515406025335,,,-86.6282157,36.021158500000006,,,0.0,0.0,0.0,0.0,13375.19443403986,-13300.894434039861,356.9903280716774,West,True
6733,1619473584.4,65.7356493488333,1.3094441141648514,47.0,,,-86.6282025,36.0211467,,,0.0,0.0,0.0,0.0,13376.963867749051,-13302.663867749052,356.84071738050056,West,True
6734,1619473584.5,66.01768101456186,1.3333113317784342,47.0,,,-86.6281895,36.021134499999995,,,0.0,0.0,0.0,0.0,13378.754736606688,-13304.454736606689,357.0128928213778,West,True
6735,1619473584.6,66.26726782901827,1.3569428415550178,47.21497338694876,,,-86.6281762,36.0211227,,,0.0,0.0,0.0,0.0,13380.530216898449,-13306.23021689845,356.9393771152624,West,True
6736,1619473584.7,66.58097718673083,1.3796013286890116,47.7148542062446,,,-86.628163,36.0211107,,,0.0,0.0,0.0,0.0,13382.316204316565,-13308.016204316566,356.9118035435569,West,True
6737,1619473584.8,66.88811371158177,1.4006091308642403,48.21535160848857,,,-86.6281497,36.0210985,,,0.0,0.0,0.0,0.0,13384.124802815883,-13309.824802815883,356.9574558477739,West,True
6738,1619473584.9,67.17075042674188,1.4194027179438182,48.716670551182986,,,-86.62813620000001,36.02108629999999,,,0.0,0.0,0.0,0.0,13385.9453471899,-13311.6453471899,356.9849372980777,West,True
6739,1619473585.0,67.45844554240418,1.4355697623161308,49.217084057419,,,-86.6281228,36.021074299999995,,,0.0,0.0,0.0,0.0,13387.743340986966,-13313.443340986967,356.88650305367185,West,True
6740,1619473585.1,67.73834133655237,1.4488801452269882,49.71632227962007,,,-86.6281095,36.021062,,,0.0,0.0,0.0,0.0,13389.56029514633,-13315.26029514633,357.00175510046995,West,True
6741,1619473585.2,68.06399152756703,1.4592976595302227,50.21546167299204,,,-86.6280958,36.02104979999999,,,0.0,0.0,0.0,0.0,13391.392884334246,-13317.092884334246,357.04778493493205,West,True
6742,1619473585.3,68.35371249358082,1.4669779056948333,50.71446825217422,,,-86.62808199999999,36.0210377,,,0.0,0.0,0.0,0.0,13393.223343551364,-13318.923343551365,356.86120261620147,West,True
6743,1619473585.4,68.64628300277631,1.472250065350475,51.0,,,-86.6280687,36.0210253,,,0.0,0.0,0.0,0.0,13395.0486828616,-13320.7486828616,356.9281302224762,West,True
6744,1619473585.5,68.89097970530999,1.4755838400813095,51.0,,,-86.628055,36.021012799999994,,,0.0,0.0,0.0,0.0,13396.906101527442,-13322.606101527443,356.9771760089615,West,True
6745,1619473585.6,69.16057612222947,1.4775485458396054,51.21439723702623,,,-86.62804129999999,36.0210005,,,0.0,0.0,0.0,0.0,13398.746937639691,-13324.446937639692,356.9503231810274,West,True
6746,1619473585.7,69.39896109059927,1.4787617132385105,51.71391312114806,,,-86.6280275,36.020988,,,0.0,0.0,0.0,0.0,13400.610334458985,-13326.310334458985,356.95031074058966,West,True
6747,1619473585.8,69.65007638446849,1.4798411410733712,52.21407155229051,,,-86.6280137,36.0209755,,,0.0,0.0,0.0,0.0,13402.473731410844,-13328.173731410845,356.9721975346261,West,True
6748,1619473585.9,69.92164345782948,1.4813528450608744,52.71509406916324,,,-86.6279998,36.020963,,,0.0,0.0,0.0,0.0,13404.343130543786,-13330.043130543787,356.9015846659328,West,True
6749,1619473586.0,70.21959470970225,1.48377346484433,53.21593483320403,,,-86.62798599999999,36.0209503,,,0.0,0.0,0.0,0.0,13406.223174508968,-13331.92317450897,356.96975489806687,West,True
6750,1619473586.1,70.50818306725988,1.4874532123164899,53.716537566390166,,,-86.627972,36.020937700000005,,,0.0,0.0,0.0,0.0,13408.106855679802,-13333.806855679803,356.9886759033742,West,True
6751,1619473586.2,70.77983274551868,1.4926008200773322,54.216786758196,,,-86.6279578,36.020925,,,0.0,0.0,0.0,0.0,13410.01083958415,-13335.710839584151,356.8958470740047,West,True
6752,1619473586.3,70.98541520105805,1.4992694012651322,54.71657167778213,,,-86.6279437,36.020912,,,0.0,0.0,0.0,0.0,13411.933752563005,-13337.633752563006,357.03039944343766,West,True
6753,1619473586.4,71.23168600842303,1.5073667968953384,55.0,,,-86.62792929999999,36.0208993,,,0.0,0.0,0.0,0.0,13413.849847706162,-13339.549847706163,356.89582091399575,West,True
6754,1619473586.5,71.5920258310083,1.5166628263428164,55.0,,,-86.6279152,36.020886299999994,,,0.0,0.0,0.0,0.0,13415.772760958094,-13341.472760958095,357.07399961898125,West,True
6755,1619473586.6,71.92886414499029,1.526819128014143,55.21497895598328,,,-86.6279007,36.0208737,,,0.0,0.0,0.0,0.0,13417.686792058128,-13343.386792058129,356.9136685502975,West,True
6756,1619473586.7,72.22705563784486,1.537409656910238,55.7146400359291,,,-86.6278863,36.0208605,,,0.0,0.0,0.0,0.0,13419.644224068152,-13345.344224068152,356.98125409009174,West,True
6757,1619473586.8,72.5671096152248,1.5479597537710297,56.21447443093754,,,-86.6278718,36.020847499999995,,,0.0,0.0,0.0,0.0,13421.591048849612,-13347.291048849613,357.02759966004095,West,True
6758,1619473586.9,72.87599652080577,1.5579702197913243,56.71454238937083,,,-86.6278573,36.0208347,,,0.0,0.0,0.0,0.0,13423.521418615155,-13349.221418615156,356.9558277542487,West,True
6759,1619473587.0,73.16954257393566,1.5669560605854675,57.0,,,-86.6278427,36.020821500000004,,,0.0,0.0,0.0,0.0,13425.4907976313,-13351.190797631301,356.97648471636654,West,True
6760,1619473587.1,73.48277301439936,1.574466903119509,57.0,,,-86.62782800000001,36.0208083,,,0.0,0.0,0.0,0.0,13427.466184411742,-13353.166184411743,357.01957307473884,West,True
6761,1619473587.2,73.79320833137871,1.5801191888456492,57.21389108978335,,,-86.62781319999999,36.0207952,,,0.0,0.0,0.0,0.0,13429.439378724679,-13355.13937872468,357.0816385107534,West,True
6762,1619473587.3,74.10467097479655,1.5836089743155586,57.71513335030313,,,-86.6277982,36.020782200000006,,,0.0,0.0,0.0,0.0,13431.416607004847,-13357.116607004848,356.9307204342157,West,True
6763,1619473587.4,74.42606940477603,1.5847341558393597,58.2155042616426,,,-86.62778349999999,36.0207688,,,0.0,0.0,0.0,0.0,13433.408574078523,-13359.108574078524,357.0592030066795,West,True
6764,1619473587.5,74.70041654478976,1.5833975477246538,58.71472525170531,,,-86.6277685,36.0207557,,,0.0,0.0,0.0,0.0,13435.39394652407,-13361.09394652407,357.07570231460375,West,True
6765,1619473587.6,75.01047540199434,1.5796168367935937,59.0,,,-86.6277533,36.0207425,,,0.0,0.0,0.0,0.0,13437.399707168226,-13363.099707168227,356.9695455226302,West,True
6766,1619473587.7,75.30139648896467,1.5735165362436383,59.0,,,-86.62773829999999,36.020729,,,0.0,0.0,0.0,0.0,13439.41793937755,-13365.117939377551,357.0340830940458,West,True
6767,1619473587.8,75.63434230411805,1.565324108838288,59.21405784034954,,,-86.6277232,36.020715700000004,,,0.0,0.0,0.0,0.0,13441.425757825355,-13367.125757825355,357.0480909413074,West,True
6768,1619473587.9,75.90743682577897,1.5553508780420673,59.71558838792685,,,-86.6277078,36.0207022,,,0.0,0.0,0.0,0.0,13443.468211295049,-13369.16821129505,357.02881842982646,West,True
6769,1619473588.0,76.142246243426,1.543975045492598,60.0,,,-86.62769250000001,36.02068870000001,,,0.0,0.0,0.0,0.0,13445.50457711357,-13371.20457711357,357.06707544788105,West,True
6770,1619473588.1,76.47966208240688,1.5316150375495903,60.0,,,-86.627677,36.02067520000001,,,0.0,0.0,0.0,0.0,13447.553140107904,-13373.253140107905,356.9803186591726,West,True
6771,1619473588.2,76.74118727050184,1.5187041383988253,60.21571647405523,,,-86.6276615,36.02066129999999,,,0.0,0.0,0.0,0.0,13449.634515585289,-13375.33451558529,357.04536135529617,West,True
6772,1619473588.3,77.02388590661619,1.5056637829001418,60.71532696298096,,,-86.627646,36.0206477,,,0.0,0.0,0.0,0.0,13451.691240889826,-13377.391240889827,356.9802909846892,West,True
6773,1619473588.4,77.28881772782904,1.492878032455329,61.0,,,-86.62763050000001,36.0206338,,,0.0,0.0,0.0,0.0,13453.772616690996,-13379.472616690997,357.0587855993009,West,True
6774,1619473588.5,77.56995959781462,1.4806760437690574,61.0,,,-86.6276147,36.02062,,,0.0,0.0,0.0,0.0,13455.863986106513,-13381.563986106514,356.98251607676724,West,True
6775,1619473588.6,77.88506054678615,1.4693147649173015,61.0,,,-86.6275993,36.0206062,,,0.0,0.0,0.0,0.0,13457.931081786568,-13383.631081786569,357.0534393330835,West,True
6776,1619473588.7,78.15544282552564,1.4589770311134593,61.0,,,-86.6275833,36.0205922,,,0.0,0.0,0.0,0.0,13460.05099091922,-13385.750990919221,356.98023501264066,West,True
6777,1619473588.8,78.45852321650952,1.4497666038238624,61.21477967038728,,,-86.6275678,36.0205783,,,0.0,0.0,0.0,0.0,13462.132367379387,-13387.832367379388,356.9523607469101,West,True
6778,1619473588.9,78.76975203140692,1.4417217028522369,61.7145258838444,,,-86.62755200000001,36.020564,,,0.0,0.0,0.0,0.0,13464.264865318657,-13389.964865318658,356.9971959797964,West,True
6779,1619473589.0,79.07969200634268,1.4348197957971236,62.0,,,-86.6275363,36.02055,,,0.0,0.0,0.0,0.0,13466.366554390415,-13392.066554390416,357.011365718538,West,True
6780,1619473589.1,79.37514621273358,1.4289993097561504,62.0,,,-86.6275203,36.0205358,,,0.0,0.0,0.0,0.0,13468.502848473236,-13394.202848473236,357.0323606478974,West,True
6781,1619473589.2,79.67248338003407,1.424166294274559,62.0,,,-86.6275043,36.0205217,,,0.0,0.0,0.0,0.0,13470.63093732168,-13396.330937321682,356.93103157600956,West,True
6782,1619473589.3,79.91733597316174,1.4202137488764084,62.0,,,-86.6274885,36.0205073,,,0.0,0.0,0.0,0.0,13472.771739962123,-13398.471739962124,357.02740440220725,West,True
6783,1619473589.4,80.23149481373817,1.4170217906083211,62.21413389694281,,,-86.6274723,36.020493,,,0.0,0.0,0.0,0.0,13474.928376659944,-13400.628376659944,356.95227470552385,West,True
6784,1619473589.5,80.5595004349677,1.4144667359997793,62.71355937248832,,,-86.6274565,36.0204787,,,0.0,0.0,0.0,0.0,13477.060875625597,-13402.760875625598,356.98587725942247,West,True
6785,1619473589.6,80.81955849338988,1.4124112756740936,63.0,,,-86.62744029999999,36.020464200000006,,,0.0,0.0,0.0,0.0,13479.233961409987,-13404.933961409988,357.0249431943832,West,True
6786,1619473589.7,81.08350289397286,1.4107028724396793,63.0,,,-86.627424,36.020449799999994,,,0.0,0.0,0.0,0.0,13481.404872941373,-13407.104872941374,356.9836842164726,West,True
6787,1619473589.8,81.34172555268606,1.409157822133991,63.0,,,-86.6274077,36.0204352,,,0.0,0.0,0.0,0.0,13483.592239091071,-13409.292239091072,357.02252517282426,West,True
6788,1619473589.9,81.62847130623094,1.4075563128526778,63.0,,,-86.6273913,36.0204207,,,0.0,0.0,0.0,0.0,13485.777425637203,-13411.477425637204,356.9997775720617,West,True
6789,1619473590.0,81.88360856042654,1.4056293334424548,63.0,,,-86.6273748,36.020406,,,0.0,0.0,0.0,0.0,13487.985107525932,-13413.685107525933,356.97939083107616,West,True
6790,1619473590.1,82.13363922421192,1.4030609398686338,63.0,,,-86.6273583,36.0203912,,,0.0,0.0,0.0,0.0,13490.20103506675,-13415.90103506675,356.99974830475077,West,True
6791,1619473590.2,82.45152094734337,1.3994860289959001,63.215147744908464,,,-86.6273418,36.020376500000005,,,0.0,0.0,0.0,0.0,13492.408717328297,-13418.108717328298,356.9975244982578,West,True
6792,1619473590.3,82.7192723942724,1.3945067251296501,63.715479963688544,,,-86.6273252,36.0203617,,,0.0,0.0,0.0,0.0,13494.630677950165,-13420.330677950165,356.99532704647726,West,True
6793,1619473590.4,83.05538947949745,1.387702196335948,64.0,,,-86.6273085,36.0203468,,,0.0,0.0,0.0,0.0,13496.866917231402,-13422.566917231403,356.97518384604746,West,True
6794,1619473590.5,83.23051059034299,1.3786579483637866,64.0,,,-86.6272918,36.020331799999994,,,0.0,0.0,0.0,0.0,13499.111407434391,-13424.811407434392,356.99314063881013,West,True
6795,1619473590.6,83.50686279731053,1.366980517604932,64.0,,,-86.627275,36.0203168,,,0.0,0.0,0.0,0.0,13501.361925859226,-13427.061925859227,357.0679879841413,West,True
6796,1619473590.7,83.82000000000001,1.352331496546297,64.0,,,-86.627258,36.020302,,,0.0,0.0,0.0,0.0,13503.608216176364,-13429.308216176365,356.9888731982373,West,True
6797,1619473590.8,84.06219899759725,1.3344358562269854,64.0,,,-86.627241,36.020286799999994,,,0.0,0.0,0.0,0.0,13505.887293362659,-13431.58729336266,357.0433532109097,West,True
6798,1619473590.9,84.27831733833351,1.313111605117769,64.0,,,-86.6272238,36.0202717,,,0.0,0.0,0.0,0.0,13508.170285785056,-13433.870285785057,356.9888427578707,West,True
6799,1619473591.0,84.55122991468102,1.2882634067408307,64.0,,,-86.6272068,36.0202565,,,0.0,0.0,0.0,0.0,13510.449363365135,-13436.149363365135,357.0064046066976,West,True
6800,1619473591.1,84.7960148657949,1.2599041143422194,64.0,,,-86.6271897,36.020241299999995,,,0.0,0.0,0.0,0.0,13512.734484134686,-13438.434484134686,356.9690387797782,West,True
6801,1619473591.2,84.9899724701682,1.228132677496896,64.21528362769314,,,-86.6271727,36.020226,,,0.0,0.0,0.0,0.0,13515.021820483147,-13440.721820483148,357.0554678051732,West,True
6802,1619473591.3,85.26228861112186,1.1931507579254923,64.71432701780437,,,-86.6271552,36.0202107,,,0.0,0.0,0.0,0.0,13517.339455771633,-13443.039455771634,356.98464275270754,West,True
6803,1619473591.4,85.55152370382115,1.1552299103639108,65.0,,,-86.627138,36.0201953,,,0.0,0.0,0.0,0.0,13519.647093630483,-13445.347093630484,356.98259383161974,West,True
6804,1619473591.5,85.75817236659627,1.1147295316839325,65.0,,,-86.6271207,36.020179799999994,,,0.0,0.0,0.0,0.0,13521.969011833084,-13447.669011833084,357.01700040313756,West,True
6805,1619473591.6,85.96750096933218,1.0720589453764064,65.0,,,-86.62710320000001,36.0201643,,,0.0,0.0,0.0,0.0,13524.303021344534,-13450.003021344535,356.9805525695761,West,True
6806,1619473591.7,86.1824304101121,1.0277003367062383,65.0,,,-86.6270858,36.0201487,,,0.0,0.0,0.0,0.0,13526.63922035973,-13452.33922035973,357.0338882273226,West,True
6807,1619473591.8,86.40890084516083,0.982167667433941,65.0,,,-86.6270682,36.020133200000004,,,0.0,0.0,0.0,0.0,13528.979304265611,-13454.679304265612,356.92256499521113,West,True
6808,1619473591.9,86.54389283761618,0.9360332426367763,65.0,,,-86.62705079999999,36.020117299999995,,,0.0,0.0,0.0,0.0,13531.340378286191,-13457.040378286192,357.0482378811031,West,True
6809,1619473592.0,86.68542863775154,0.8898819884307606,65.0,,,-86.627033,36.020101700000005,,,0.0,0.0,0.0,0.0,13533.700826061422,-13459.400826061423,356.9400848986476,West,True
6810,1619473592.1,86.8661808031396,0.8443377615827563,65.0,,,-86.6270155,36.0200858,,,0.0,0.0,0.0,0.0,13536.067870860701,-13461.767870860702,357.03156011494843,West,True
6811,1619473592.2,87.04048456209571,0.8000121969504588,65.0,,,-86.6269978,36.020070200000006,,,0.0,0.0,0.0,0.0,13538.422228912961,-13464.122228912962,356.938306758534,West,True
6812,1619473592.3,87.168050088118,0.7575288124474062,65.0,,,-86.6269802,36.020054200000004,,,0.0,0.0,0.0,0.0,13540.803559549775,-13466.503559549776,356.9895089347666,West,True
6813,1619473592.4,87.24568221955839,0.7174698285351033,65.21450638236044,,,-86.6269623,36.0200382,,,0.0,0.0,0.0,0.0,13543.20290913402,-13468.90290913402,356.99149782096987,West,True
6814,1619473592.5,87.33479831021721,0.6804001104776725,65.71403118888881,,,-86.6269445,36.0200223,,,0.0,0.0,0.0,0.0,13545.587979700693,-13471.287979700694,356.98749462639813,West,True
6815,1619473592.6,87.46923716800956,0.6468189216374587,66.0,,,-86.6269265,36.020006200000005,,,0.0,0.0,0.0,0.0,13548.001609221003,-13473.701609221003,356.968802073529,West,True
6816,1619473592.7,87.5976000575871,0.6171874249704723,66.0,,,-86.6269085,36.01999,,,0.0,0.0,0.0,0.0,13550.423498001604,-13476.123498001605,356.9725633648439,West,True
6817,1619473592.8,87.66201924931528,0.5918913282463175,66.0,,,-86.6268907,36.019974,,,0.0,0.0,0.0,0.0,13552.816823490753,-13478.516823490754,357.0389647761529,West,True
6818,1619473592.9,87.79087850686278,0.5712727747745288,66.0,,,-86.6268725,36.019958,,,0.0,0.0,0.0,0.0,13555.234359757274,-13480.934359757275,356.98353073049503,West,True
6819,1619473593.0,87.83883052415833,0.5556040830364377,66.0,,,-86.62685429999999,36.019941700000004,,,0.0,0.0,0.0,0.0,13557.67654993909,-13483.37654993909,356.93474302511146,West,True
6820,1619473593.1,87.98773646480758,0.5451193135946414,66.0,,,-86.6268365,36.0199255,,,0.0,0.0,0.0,0.0,13560.086453715881,-13485.786453715882,356.99995196277587,West,True
6821,1619473593.2,88.10197831229921,0.5399927329428375,66.0,,,-86.6268182,36.0199092,,,0.0,0.0,0.0,0.0,13562.534681230425,-13488.234681230426,357.0019546938048,West,True
6822,1619473593.3,88.16,0.5403618837628636,66.0,,,-86.6268,36.019893,,,0.0,0.0,0.0,0.0,13564.968631143905,-13490.668631143906,356.9465230184708,West,True
6823,1619473593.4,88.27152276509261,0.5463021994540991,66.21472097249948,,,-86.6267818,36.0198765,,,0.0,0.0,0.0,0.0,13567.42737212099,-13493.127372120991,356.98538903248846,West,True
6824,1619473593.5,88.33591720848358,0.5578359099107728,66.71459285522748,,,-86.6267637,36.0198603,,,0.0,0.0,0.0,0.0,13569.855283418241,-13495.555283418242,356.9796186141066,West,True
6825,1619473593.6,88.48288550094483,0.5748988814541383,67.0,,,-86.6267453,36.0198438,,,0.0,0.0,0.0,0.0,13572.326035739616,-13498.026035739616,356.9296356253438,West,True
6826,1619473593.7,88.5265260917619,0.5973379230868032,67.0,,,-86.6267272,36.0198273,,,0.0,0.0,0.0,0.0,13574.77879935765,-13500.47879935765,357.01613054548505,West,True
6827,1619473593.8,88.65325318013952,0.6248749964228075,67.0,,,-86.6267088,36.019811,,,0.0,0.0,0.0,0.0,13577.233083252644,-13502.933083252645,356.96309542299593,West,True
6828,1619473593.9,88.74916813726821,0.6571046269216769,67.0,,,-86.62669050000001,36.0197945,,,0.0,0.0,0.0,0.0,13579.69782172239,-13505.39782172239,356.99982250082667,West,True
6829,1619473594.0,88.85535104433194,0.6934679920882655,67.21526513556027,,,-86.6266722,36.0197782,,,0.0,0.0,0.0,0.0,13582.146051077636,-13507.846051077637,356.9429942871596,West,True
6830,1619473594.1,89.02682138584706,0.7332656835656024,67.71432633936114,,,-86.6266538,36.0197615,,,0.0,0.0,0.0,0.0,13584.633363236233,-13510.333363236234,357.0321661826376,West,True
6831,1619473594.2,89.24097382755414,0.7756540493599291,68.0,,,-86.6266353,36.0197452,,,0.0,0.0,0.0,0.0,13587.093721044179,-13512.79372104418,356.9262878514996,West,True
6832,1619473594.3,89.3927839554445,0.8196828137104697,68.0,,,-86.62661700000001,36.0197285,,,0.0,0.0,0.0,0.0,13589.57505924932,-13515.275059249321,356.9957846721645,West,True
6833,1619473594.4,89.58836885481465,0.8643171914037453,68.0,,,-86.6265985,36.019712,,,0.0,0.0,0.0,0.0,13592.05184603035,-13517.75184603035,356.9629964241627,West,True
6834,1619473594.5,89.81061061116326,0.908497034561073,68.0,,,-86.6265802,36.019695500000005,,,0.0,0.0,0.0,0.0,13594.516585880758,-13520.216585880758,356.99186429955665,West,True
6835,1619473594.6,90.04453430740583,0.9511753877742375,68.2147461167789,,,-86.6265615,36.019678799999994,,,0.0,0.0,0.0,0.0,13597.021930688185,-13522.721930688185,356.9775613874822,West,True
6836,1619473594.7,90.32074174503704,0.991383161195097,68.71428401287221,,,-86.626543,36.019662200000006,,,0.0,0.0,0.0,0.0,13599.506966324983,-13525.206966324984,356.9957189655053,West,True
6837,1619473594.8,90.57382583161191,1.0282659252053743,69.0,,,-86.6265245,36.019645700000005,,,0.0,0.0,0.0,0.0,13601.983754045503,-13527.683754045504,356.95935473685023,West,True
6838,1619473594.9,90.83496388048236,1.0611334684982467,69.0,,,-86.626506,36.019628999999995,,,0.0,0.0,0.0,0.0,13604.477060607573,-13530.177060607573,356.95933811709557,West,True
6839,1619473595.0,91.0325836111007,1.0894776137086941,69.0,,,-86.6264875,36.0196123,,,0.0,0.0,0.0,0.0,13606.970367404609,-13532.67036740461,357.05689272579065,West,True
6840,1619473595.1,91.3416939394212,1.1129924770261128,69.0,,,-86.6264685,36.0195957,,,0.0,0.0,0.0,0.0,13609.485733501317,-13535.185733501317,356.962879741446,West,True
6841,1619473595.2,91.5938762962963,1.1315664007214,69.21487340149335,,,-86.6264502,36.0195792,,,0.0,0.0,0.0,0.0,13611.950474975092,-13537.650474975093,356.95578912606305,West,True
6842,1619473595.3,91.7978565501317,1.1452721857532118,69.7150779292489,,,-86.6264315,36.0195623,,,0.0,0.0,0.0,0.0,13614.472349105245,-13540.172349105245,357.05684401099086,West,True
6843,1619473595.4,92.0342055910558,1.1543391005982149,70.0,,,-86.6264125,36.0195457,,,0.0,0.0,0.0,0.0,13616.987715938492,-13542.687715938493,356.95575521111664,West,True
6844,1619473595.5,92.2545812844308,1.159124314562295,70.0,,,-86.6263938,36.0195288,,,0.0,0.0,0.0,0.0,13619.509590544843,-13545.209590544844,357.0568112156741,West,True
6845,1619473595.6,92.51867026578071,1.1600782110713268,108.693579371413,,,-86.62637480000001,36.0195122,,,0.0,0.0,0.0,0.0,13622.02495787215,-13547.724957872151,356.9539997574372,West,True
6846,1619473595.7,92.74359711030844,1.1577120005265318,199.89035328748992,,,-86.626356,36.0194952,,,0.0,0.0,0.0,0.0,13624.56111658118,-13550.261116581181,357.00368364836606,West,True
6847,1619473595.8,92.95410025324,1.152567789486647,252.0,,,-86.626337,36.0194783,,,0.0,0.0,0.0,0.0,13627.101064734903,-13552.801064734904,357.0213645853311,West,True
6848,1619473595.9,93.21531325365775,1.145192718787655,252.0,,,-86.62631800000001,36.0194615,,,0.0,0.0,0.0,0.0,13629.632797371714,-13555.332797371715,356.9859527157022,West,True
6849,1619473596.0,93.39735726445662,1.1361178609307774,252.0,,,-86.626299,36.0194445,,,0.0,0.0,0.0,0.0,13632.180983814314,-13557.880983814315,356.9682389814262,West,True
6850,1619473596.1,93.57966104846065,1.1258418544958582,252.0,,,-86.62628000000001,36.0194274,,,0.0,0.0,0.0,0.0,13634.737430119018,-13560.437430119018,356.9682219576874,West,True
6851,1619473596.2,93.7619648324647,1.1148164929273539,252.0,,,-86.626261,36.0194103,,,0.0,0.0,0.0,0.0,13637.293876672422,-13562.993876672423,357.0152451347511,West,True
6852,1619473596.3,94.0120834230935,1.1034387458495658,252.0,,,-86.62624170000001,36.0193932,,,0.0354872514821259,0.0,0.0,0.0,13639.868436411005,-13565.568436411006,357.0479200307126,West,True
6853,1619473596.4,94.23640881520802,1.0920399329456534,252.0,,,-86.6262223,36.0193762,,,0.1743645607592988,0.0,0.0,0.0,13642.440886530407,-13568.140886530407,356.9977879302745,West,True
6854,1619473596.5,94.48878127930968,1.0808855826689172,252.0,,,-86.626203,36.019359,,,0.3132415389276378,0.0,0.0,0.0,13645.023669922697,-13570.723669922698,356.99777080496784,West,True
6855,1619473596.6,94.64458543239066,1.0701677942038896,252.0,,,-86.62618370000001,36.01934179999999,,,0.4521185170959769,0.0,0.0,0.0,13647.60645357018,-13573.306453570181,357.0305349469493,West,True
6856,1619473596.7,94.85303256749718,1.0600141001476229,252.0,,,-86.6261643,36.019324700000006,,,0.5909958263731497,0.0,0.0,0.0,13650.187086416836,-13575.887086416837,356.97673964492986,West,True
6857,1619473596.8,95.04354626115968,1.0504844098075958,252.0,,,-86.62614479999999,36.01930720000001,,,0.7298728045414888,0.0,0.0,0.0,13652.806676821505,-13578.506676821506,357.02845614775674,West,True
6858,1619473596.9,95.24200328738948,1.041589022882742,252.0,,,-86.6261253,36.019290000000005,,,0.8687501138186616,0.0,0.0,0.0,13655.401583901668,-13581.101583901669,356.9767048018091,West,True
6859,1619473597.0,95.43799988973528,1.0332898677367726,252.0,,,-86.62610579999999,36.0192725,,,1.0,0.0,0.0,0.0,13658.021174823916,-13583.721174823917,356.98026146305267,West,True
6860,1619473597.1,95.67085446071778,1.025523978751251,252.0,,,-86.6260865,36.0192552,,,1.0,0.0,0.0,0.0,13660.612204514524,-13586.312204514525,357.00730758730765,West,True
6861,1619473597.2,95.83177138224563,1.0182054780428473,252.0,,,-86.62606679999999,36.019237700000005,,,1.0,0.0,0.0,0.0,13663.243872029852,-13588.943872029853,356.99204929151915,West,True
6862,1619473597.3,96.07640886800164,1.011247790212232,252.0,,,-86.6260472,36.01922020000001,,,1.0,0.0,0.0,0.0,13665.869493308634,-13591.569493308634,356.94214749247095,West,True
6863,1619473597.4,96.26705073995772,1.0045619135602175,252.0,,,-86.6260277,36.019202500000006,,,1.0,0.0,0.0,0.0,13668.505647099399,-13594.2056470994,357.0710797514177,West,True
6864,1619473597.5,96.4671986946931,0.998071749603928,252.0,,,-86.6260078,36.0191852,,,1.0,0.0,0.0,0.0,13671.133133400204,-13596.833133400205,356.9543911613973,West,True
6865,1619473597.6,96.63830559574367,0.9917073438962689,252.0,,,-86.625988,36.01916729999999,,,1.0,0.0,0.0,0.0,13673.803846445422,-13599.503846445423,357.02230816630794,West,True
6866,1619473597.7,96.83662051671294,0.9854124779494788,252.0,,,-86.6259682,36.019149799999994,,,1.0,0.0,0.0,0.0,13676.441578603903,-13602.141578603903,357.02032758414833,West,True
6867,1619473597.8,97.02824038029988,0.9791362707310977,252.0,,,-86.6259483,36.0191322,,,1.0,0.0,0.0,0.0,13679.093585937273,-13604.793585937274,356.98473757865634,West,True
6868,1619473597.9,97.22336956819365,0.9728366360166871,252.0,,,-86.6259283,36.0191143,,,1.0,0.0,0.0,0.0,13681.776326675308,-13607.476326675309,356.9713028282643,West,True
6869,1619473598.0,97.39805123090176,0.9664756394264158,252.0,,,-86.6259085,36.0190965,,,1.0,0.0,0.0,0.0,13684.438764144381,-13610.138764144382,357.0183314615515,West,True
6870,1619473598.1,97.56717212269018,0.9600228033589293,252.0,,,-86.6258885,36.0190788,,,1.0,0.0,0.0,0.0,13687.10504749123,-13612.80504749123,356.9712672093042,West,True
6871,1619473598.2,97.81491957116916,0.9534569033601399,252.0,,,-86.6258687,36.019061,,,1.0,0.0,0.0,0.0,13689.767485497423,-13615.467485497424,356.99781845810656,West,True
6872,1619473598.3,98.02746593956893,0.9467693767729831,252.0,,,-86.6258485,36.019043,,,1.0,0.0,0.0,0.0,13692.47054380756,-13618.17054380756,357.0014633694769,West,True
6873,1619473598.4,98.18271820956257,0.9399700718173628,252.0,,,-86.6258285,36.0190252,,,1.0,0.0,0.0,0.0,13695.145046489271,-13620.845046489272,356.9644868704106,West,True
6874,1619473598.5,98.36892396730484,0.933086938815008,252.0,,,-86.6258083,36.019007,,,1.0,0.0,0.0,0.0,13697.86461352336,-13623.56461352336,357.0163189119057,West,True
6875,1619473598.6,98.57412773616367,0.9261701873667466,252.0,,,-86.6257882,36.01898920000001,,,1.0,0.0,0.0,0.0,13700.545173730143,-13626.245173730144,356.9941559894184,West,True
6876,1619473598.7,98.76961287584533,0.919284133168174,252.0,,,-86.62576779999999,36.018971,,,1.0,0.0,0.0,0.0,13703.276790051152,-13628.976790051152,356.98281989481023,West,True
6877,1619473598.8,98.8733759321455,0.9125060731103152,252.0,,,-86.6257477,36.018953,,,1.0,0.0,0.0,0.0,13705.973813314753,-13631.673813314754,356.9923507543039,West,True
6878,1619473598.9,99.0840739375622,0.9059103701792808,252.0,,,-86.6257272,36.0189347,,,1.0,0.0,0.0,0.0,13708.719709010009,-13634.41970901001,356.99410181076144,West,True
6879,1619473599.0,99.29486796983728,0.8995636430888581,252.0,,,-86.6257068,36.0189165,,,1.0,0.0,0.0,0.0,13711.4513261818,-13637.1513261818,356.97930367022707,West,True
6880,1619473599.1,99.48724975340664,0.8935065851707333,252.0,,,-86.6256865,36.0188983,,,1.0,0.0,0.0,0.0,13714.1769110845,-13639.8769110845,356.9508748585962,West,True
6881,1619473599.2,99.6116568014191,0.8877513552832325,252.0,,,-86.62566650000001,36.018880200000005,,,1.0,0.0,0.0,0.0,13716.876196196556,-13642.576196196556,356.97587338228647,West,True
6882,1619473599.3,99.6872130679726,0.8822688278402167,252.0,,,-86.625646,36.0188618,,,1.0,0.0,0.0,0.0,13719.63034333831,-13645.33034333831,356.9626828656145,West,True
6883,1619473599.4,99.88911310157484,0.8769938576515695,252.0,,,-86.6256257,36.0188435,,,1.0,0.0,0.0,0.0,13722.364195460941,-13648.064195460942,356.9445555344093,West,True
6884,1619473599.5,100.16158716883648,0.8718228961594021,252.0,,,-86.62560529999999,36.018825,,,1.0,0.0,0.0,0.0,13725.120619095911,-13650.820619095912,357.0355273788337,West,True
6885,1619473599.6,100.32473359160068,0.8666283043039761,222.76266176743567,,,-86.6255845,36.018806700000006,,,1.0,0.0,0.0,0.0,13727.884705384235,-13653.584705384235,356.9887183186445,West,True
6886,1619473599.7,100.44,0.8612656233342346,153.88926516294543,,,-86.6255638,36.0187882,,,1.0,0.0,0.0,0.0,13730.659161714828,-13656.359161714829,356.9757816165678,West,True
6887,1619473599.8,100.63643471321876,0.8555926489527726,113.78890952513642,,,-86.62554329999999,36.018769799999994,,,1.0,0.0,0.0,0.0,13733.413310298038,-13659.113310298038,357.0316227418551,West,True
6888,1619473599.9,100.81388618067356,0.8494808901123831,113.28730400381735,,,-86.6255223,36.0187513,,,1.0,0.0,0.0,0.0,13736.20594359976,-13661.90594359976,356.95774630607843,West,True
6889,1619473600.0,100.9856869365259,0.8428321415824087,113.0,,,-86.6255017,36.01873270000001,,,1.0,0.0,0.0486508350368494,0.0,13738.98264633212,-13664.682646332121,356.98864464891057,West,True
6890,1619473600.1,101.14617721657076,0.8355872939820622,113.0,,,-86.62548100000001,36.018714200000005,,,1.0,0.0,0.8802773476303116,0.0,13741.75710383489,-13667.457103834891,356.9707383054861,West,True
6891,1619473600.2,101.3996825543388,0.8277339253479989,112.78586193820942,,,-86.6254602,36.0186955,,,0.7860226928021063,0.0,1.0,0.0,13744.554097701695,-13670.254097701696,357.03154985942166,West,True
6892,1619473600.3,101.51766911952724,0.8193077101084437,112.2872889626406,,,-86.6254392,36.018677000000004,,,0.5360609829574541,0.0,1.0,0.0,13747.346732208567,-13673.046732208568,356.99949821592674,West,True
6893,1619473600.4,101.60774683730376,0.8103882037666402,112.0,,,-86.6254182,36.0186583,,,0.2860986771570767,0.0,1.0,0.0,13750.155788928585,-13675.855788928586,356.9690573395879,West,True
6894,1619473600.5,101.84595632297813,0.8010921798220968,112.0,,,-86.6253973,36.0186395,,,0.0361369673124244,0.0,1.0,0.0,13752.967065468416,-13678.667065468417,356.9994610745586,West,True
6895,1619473600.6,102.00656539563091,0.7915595149792938,112.0,,,-86.62537629999999,36.0186208,,,0.0,0.0,1.0,0.0,13755.77612279297,-13681.47612279297,357.029578392297,West,True
6896,1619473600.7,102.17,0.7819420476518122,112.0,,,-86.6253552,36.018602200000004,,,0.0,0.0,1.0,0.0,13758.583032016013,-13684.283032016014,356.96739161042507,West,True
6897,1619473600.8,102.31258305982097,0.7723853997557957,111.78883374216602,,,-86.62533420000001,36.0185833,,,0.0,0.0,1.0,0.0,13761.408591439185,-13687.108591439186,357.0396723916472,West,True
6898,1619473600.9,102.54699784692956,0.7630196214242921,111.28890049036085,,,-86.6253128,36.018564500000004,,,0.0,0.0,1.0,0.0,13764.250133142317,-13689.950133142318,356.9513380648083,West,True
6899,1619473601.0,102.65602638223132,0.7539441646173541,110.78869062182603,,,-86.6252918,36.0185455,,,0.0,0.0,1.0,0.0,13767.083973331544,-13692.783973331545,357.04155409958867,West,True
6900,1619473601.1,102.76314970567373,0.7452262156017954,110.28810043550855,,,-86.6252705,36.0185268,,,0.0,0.0,1.0,0.0,13769.911243693652,-13695.611243693653,356.9800076174925,West,True
6901,1619473601.2,102.9548329650906,0.7368939025344472,110.0,,,-86.62524930000001,36.018507799999995,,,0.0,0.0,1.0,0.0,13772.757104309594,-13698.457104309595,357.0257245196829,West,True
6902,1619473601.3,103.12722692544048,0.72894463569586,110.0,,,-86.625228,36.018489,,,0.0,0.0,1.0,0.0,13775.592563245833,-13701.292563245834,356.9799696995207,West,True
6903,1619473601.4,103.28370119348536,0.7213468134389818,109.78900986880105,,,-86.6252068,36.01847,,,0.0,0.0,1.0,0.0,13778.438424475355,-13704.138424475355,357.02201435546164,West,True
6904,1619473601.5,103.42270426560916,0.7140554487045625,109.28952015976812,,,-86.6251853,36.018451,,,0.0,0.0,1.0,0.0,13781.30243300858,-13707.00243300858,357.0532873192473,West,True
6905,1619473601.6,103.66449787166955,0.7070177433990414,109.0,,,-86.6251638,36.01843220000001,,,0.0,0.0,1.0,0.0,13784.150076327338,-13709.850076327339,356.9940650810032,West,True
6906,1619473601.7,103.67757770202526,0.7001896222124665,109.0,,,-86.62514250000001,36.018413200000005,,,0.0,0.0,1.0,0.0,13787.001971946975,-13712.701971946975,356.96246349544305,West,True
6907,1619473601.8,103.84010937902129,0.6935383060463575,108.78632437934134,,,-86.62512120000001,36.018394,,,0.0,0.0,1.0,0.0,13789.870381567589,-13715.57038156759,357.0493377076523,West,True
6908,1619473601.9,103.9454986826216,0.6870530397948484,108.287022564536,,,-86.6250995,36.018375,,,0.0,0.0,1.0,0.0,13792.746566383295,-13718.446566383296,356.99400798391883,West,True
6909,1619473602.0,104.06521519615958,0.6807392059527588,108.0,,,-86.6250782,36.018356,,,0.0,0.0,1.0,0.0,13795.598462937767,-13721.298462937768,356.99673049405897,West,True
6910,1619473602.1,104.23648577896412,0.6746194093123818,107.89456279904306,,,-86.6250566,36.01833675,,,0.0,0.0,1.0,0.0,13798.48907742007,-13724.189077420071,356.99671132644835,West,True
6911,1619473602.2,104.40775636176868,0.668717765268159,107.78912559808612,,,-86.625035,36.0183175,,,0.0,0.0,1.0,0.0,13801.379692221006,-13727.079692221007,357.0319110435478,West,True
6912,1619473602.3,104.4704060716016,0.6630521032064552,107.28741507177034,,,-86.6250132,36.0182983,,,0.0,0.0,1.0,0.0,13804.27832915451,-13729.97832915451,356.96079775546514,West,True
6913,1619473602.4,104.609849150072,0.6576121082377424,107.0,,,-86.62499179999999,36.018279,,,0.0,0.0,1.0,0.0,13807.161023415847,-13732.861023415848,357.0318731647563,West,True
6914,1619473602.5,104.76069474331386,0.6523480589392767,107.0,,,-86.62496999999999,36.0182598,,,0.0,0.0,1.0,0.0,13810.059660996647,-13735.759660996648,356.9855616420164,West,True
6915,1619473602.6,104.89274312740172,0.6471507819548603,106.78661687830292,,,-86.6249482,36.0182403,,,0.0,0.0,1.0,0.0,13812.98295560516,-13738.682955605162,357.03000279390284,West,True
6916,1619473602.7,104.98839011751645,0.6418453473419687,106.28750638121656,,,-86.6249263,36.018221000000004,,,0.0,0.0,1.0,0.0,13815.895867256244,-13741.595867256245,357.01638429703013,West,True
6917,1619473602.8,105.16,0.6361823453232662,106.0,,,-86.6249045,36.018201700000006,,,0.0,0.0,1.0,0.0,13818.802705416276,-13744.502705416277,356.9716375180364,West,True
6918,1619473602.9,105.25632072039296,0.6298442959123718,106.0,,,-86.6248828,36.018182200000005,,,0.0,0.0,1.0,0.0,13821.719976522385,-13747.419976522386,356.98548399445355,West,True
6919,1619473603.0,105.4393154924776,0.622454617890673,105.78700590856891,,,-86.624861,36.018162700000005,,,0.0,0.0,1.0,0.0,13824.643272426594,-13750.343272426595,357.01281941354154,West,True
6920,1619473603.1,105.5646577462388,0.6135989347362073,105.28753155777514,,,-86.62483900000001,36.018143200000004,,,0.0,0.0,1.0,0.0,13827.578663186632,-13753.278663186633,357.0128000002303,West,True
6921,1619473603.2,105.69,0.6028503015464005,104.78805720698136,,,-86.62481700000001,36.018123700000004,,,0.0,0.0,1.0,0.0,13830.514054277543,-13756.214054277543,357.0008564627512,West,True
6922,1619473603.3,105.8,0.5897989644779246,104.28734092591266,,,-86.62479520000001,36.0181043,,,0.0,0.0,1.0,0.0,13833.429113020695,-13759.129113020696,356.92503678495444,West,True
6923,1619473603.4,106.01790827326772,0.5740837560780452,104.0,,,-86.6247735,36.0180845,,,0.0,0.0,1.0,0.0,13836.371264507172,-13762.071264507173,357.01624961869857,West,True
6924,1619473603.5,106.1796193232821,0.5554175496186364,104.0,,,-86.6247517,36.0180652,,,0.0,0.0,1.0,0.0,13839.278104957742,-13764.978104957743,356.95155990656116,West,True
6925,1619473603.6,106.29852083735555,0.5336112451764001,103.78618726288391,,,-86.6247297,36.0180453,,,0.0,0.0,0.856707938201116,0.0,13842.246503546376,-13767.946503546376,356.98976645009054,West,True
6926,1619473603.7,106.36796725291012,0.5085834052212698,103.39309363144196,,,-86.6247077,36.01802565,,,0.0,0.0,0.690137642824436,0.0,13845.194238271637,-13770.894238271638,356.98974688821914,West,True
6927,1619473603.8,106.43741366846469,0.4803681793793906,103.0,,,-86.6246857,36.018006,,,0.0,0.0,0.523567347447756,0.0,13848.141973328055,-13773.841973328055,356.94043836986816,West,True
6928,1619473603.9,106.54147559622346,0.4491064708294368,103.0,,,-86.624664,36.0179863,,,0.0,0.0,0.3569968535038575,0.0,13851.07581480949,-13776.77581480949,357.0243556295624,West,True
6929,1619473604.0,106.69776782444576,0.41503920410874184,102.78869498335108,,,-86.62464179999999,36.0179667,,,0.0,0.0,0.1904267566943959,0.0,13854.031552687815,-13779.731552687816,356.9956733580438,West,True
6930,1619473604.1,106.71,0.3784875716849176,102.2877586313974,,,-86.62461970000001,36.017947,,,0.0,0.0,0.0238566598849342,0.0,13856.98944830442,-13782.689448304422,356.93615077273387,West,True
6931,1619473604.2,106.7836676199142,0.3398404626585025,101.78737291012727,,,-86.62459770000001,36.017927,,,0.0,0.0,0.0,0.0,13859.966147068233,-13785.666147068234,356.9820032985417,West,True
6932,1619473604.3,106.94216974931076,0.2995352327708192,101.2877332586826,,,-86.6245757,36.0179073,,,0.0,0.0,0.0,0.0,13862.918007254115,-13788.618007254116,356.94850842311945,West,True
6933,1619473604.4,106.97079937897956,0.25804735315756844,100.78785385219928,,,-86.6245535,36.017887200000004,,,0.0,0.0,0.0,0.0,13865.91497672421,-13791.614976724211,356.9513814436292,West,True
6934,1619473604.5,107.02176380453044,0.21587852850123854,100.28765171057135,,,-86.62453149999999,36.01786729999999,,,0.0,0.0,0.0,0.0,13868.883378293178,-13794.583378293179,356.9939296662884,West,True
6935,1619473604.6,107.09658370916792,0.17354943713490675,100.0,,,-86.6245093,36.017847499999995,,,0.0,0.0,0.0,0.0,13871.855554133686,-13797.555554133687,356.94988856591175,West,True
6936,1619473604.7,107.17620418030076,0.13159402004750237,100.0,,,-86.6244872,36.0178275,,,0.0,0.0,0.0,0.0,13874.838240405661,-13800.538240405662,356.99064277102605,West,True
6937,1619473604.8,107.20506499019952,0.09054980739166574,99.78752828286557,,,-86.6244648,36.0178075,,,0.0,0.0,0.0,0.0,13877.838974664122,-13803.538974664123,356.9194054184769,West,True
6938,1619473604.9,107.17877426019544,0.05095330958147398,99.2883084793251,,,-86.6244427,36.017787299999995,,,0.0,0.0,0.0,0.0,13880.838279665588,-13806.538279665589,357.02064269191663,West,True
6939,1619473605.0,107.02938731295328,0.013322737572881922,98.78878316186962,,,-86.6244203,36.0177675,,,0.0,0.0,0.0,0.0,13883.822570250944,-13809.522570250945,356.9498083883735,West,True
6940,1619473605.1,107.06959183088088,-0.021847422664185375,98.2888385880973,,,-86.6243982,36.0177475,,,0.0,0.0,0.0,0.0,13886.80525786806,-13812.50525786806,356.96052544752956,West,True
6941,1619473605.2,107.04157014050986,-0.054110223198353416,98.0,,,-86.6243758,36.0177273,,,0.0,0.0,0.0,0.0,13889.822512150935,-13815.522512150936,356.98894157169246,West,True
6942,1619473605.3,106.9819202228904,-0.08306813697445353,98.0,,,-86.6243533,36.017707200000004,,,0.0,0.0,0.0,0.0,13892.837527326457,-13818.537527326458,356.97705340284125,West,True
6943,1619473605.4,106.9140246294983,-0.10839633818656416,97.78908650133526,,,-86.62433100000001,36.017687200000005,,,0.0,0.0,0.0,0.0,13895.83223282523,-13821.532232825231,356.9331341505076,West,True
6944,1619473605.5,106.7780691996736,-0.12983395537082265,97.28770103593124,,,-86.6243088,36.017667,,,0.0,0.0,0.0,0.0,13898.837507599283,-13824.537507599283,356.97392907256494,West,True
6945,1619473605.6,106.7621086145474,-0.14719982641612916,96.78736205762384,,,-86.6242863,36.0176468,,,0.0,0.0,0.0,0.0,13901.860775857413,-13827.560775857413,356.9619068031205,West,True
6946,1619473605.7,106.6768993993994,-0.1603701167029788,96.28843086197853,,,-86.624264,36.01762670000001,,,0.0,0.0,0.0,0.0,13904.863749065316,-13830.563749065317,356.946800325199,West,True
6947,1619473605.8,106.66887777363416,-0.169286002966044,96.0,,,-86.6242417,36.0176065,,,0.0,0.0,0.0,0.0,13907.87500766069,-13833.575007660691,356.9738691047467,West,True
6948,1619473605.9,106.6493983305634,-0.17392265839442522,96.0,,,-86.6242192,36.0175863,,,0.0,0.0,0.0,0.0,13910.89827695863,-13836.59827695863,356.9888023020351,West,True
6949,1619473606.0,106.59,-0.17429593798233897,95.78726978351698,,,-86.62419670000001,36.017566200000005,,,0.0,0.0,0.0,0.0,13913.913294563286,-13839.613294563287,357.0152644862579,West,True
6950,1619473606.1,106.52460577965192,-0.17043326013743604,95.28757148770748,,,-86.62417400000001,36.017546100000004,,,0.0,0.0,0.0,0.0,13916.940414862282,-13842.640414862282,357.0152444755386,West,True
6951,1619473606.2,106.45921155930382,-0.16238891295393432,94.787873191898,,,-86.6241513,36.017526000000004,,,0.0,0.0,0.0,0.0,13919.967535513319,-13845.66753551332,356.97378831030795,West,True
6952,1619473606.3,106.45875371655104,-0.1502257826794734,94.28816329837362,,,-86.6241288,36.017505799999995,,,0.0,0.0,0.0,0.0,13922.990806195392,-13848.690806195393,356.96176548476205,West,True
6953,1619473606.4,106.37207057772756,-0.1340440650896113,94.0,,,-86.6241065,36.0174857,,,0.0,0.0,0.0,0.0,13925.99378179985,-13851.693781799851,357.00036219730845,West,True
6954,1619473606.5,106.32,-0.11397484383122264,94.0,,,-86.6240838,36.0174655,,,0.0,0.0,0.0,0.0,13929.029122637667,-13854.729122637667,357.0036362002006,West,True
6955,1619473606.6,106.25946682628114,-0.09021801664843183,93.78854125201714,,,-86.62406130000001,36.0174455,,,0.0,0.0,0.0,0.0,13932.035908765392,-13857.735908765393,356.95875429009027,West,True
6956,1619473606.7,106.12147958480054,-0.06303980270124575,93.2886604327213,,,-86.6240388,36.017425200000005,,,0.0,0.0,0.0,0.0,13935.067451186178,-13860.767451186179,357.01855130096243,West,True
6957,1619473606.8,106.12534572206565,-0.032808708897316845,92.78855778672046,,,-86.6240163,36.01740529999999,,,0.0,0.0,0.0,0.0,13938.066023081028,-13863.766023081029,356.93422069163677,West,True
6958,1619473606.9,106.11986830545166,1.4947650830283293e-05,92.28814916181187,,,-86.6239942,36.0173852,,,0.0,0.0,0.0,0.0,13941.057016666316,-13866.757016666317,357.02990964051315,West,True
6959,1619473607.0,106.0930267861288,0.03485676225091124,92.0,,,-86.6239715,36.0173652,,,0.0,0.0,0.0,0.0,13944.075939579277,-13869.775939579278,356.97671252807453,West,True
6960,1619473607.1,106.15052255189244,0.07105540704414025,92.0,,,-86.62394920000001,36.01734520000001,,,0.0,0.0,0.0,0.0,13947.070650906424,-13872.770650906425,356.99016456910005,West,True
6961,1619473607.2,106.19,0.1078599800636261,91.78808836510248,,,-86.62392679999999,36.0173252,,,0.0,0.0,0.0,0.0,13950.071393443755,-13875.771393443756,356.9766726183291,West,True
6962,1619473607.3,106.1471624497734,0.14447453433793545,91.28777822840377,,,-86.62390450000001,36.0173052,,,0.0,0.0,0.0,0.0,13953.066105453237,-13878.766105453238,357.00347753709724,West,True
6963,1619473607.4,106.33145612212638,0.18007264470778425,91.0,,,-86.623882,36.0172852,,,0.0,0.0,0.0,0.0,13956.072894352845,-13881.772894352845,357.0184132345602,West,True
6964,1619473607.5,106.38395514424492,0.21385181292731004,91.0,,,-86.6238595,36.0172653,,,0.0,0.0,0.0,0.0,13959.071468673093,-13884.771468673094,357.0067911553653,West,True
6965,1619473607.6,106.57416832417184,0.245056262878557,90.78848394174668,,,-86.6238372,36.0172455,,,0.0,0.0,0.0,0.0,13962.049704091422,-13887.749704091422,356.96299919687004,West,True
6966,1619473607.7,106.530710163411,0.27302907769821405,90.2888675006492,,,-86.62381500000001,36.0172255,,,0.0,0.0,0.0,0.0,13965.038401477583,-13890.738401477583,357.00339833590726,West,True
6967,1619473607.8,106.67654267761318,0.29723172061763525,89.78902783524701,,,-86.62379250000001,36.0172055,,,0.0,0.0,0.0,0.0,13968.04519175363,-13893.745191753631,356.9765527149079,West,True
6968,1619473607.9,106.74615840980287,0.31728176157375554,89.28887937582651,,,-86.62377020000001,36.0171855,,,0.0,0.0,0.0,0.0,13971.03990580468,-13896.739905804681,357.0350742113892,West,True
6969,1619473608.0,106.89655446187714,0.33295923490909474,89.0,,,-86.6237478,36.0171658,,,0.0,0.0,0.0,0.0,13974.016012866943,-13899.716012866944,356.97651280816865,West,True
6970,1619473608.1,106.99081395348838,0.3442217928554061,89.0,,,-86.6237255,36.0171458,,,0.0,0.0,0.0,0.0,13977.01072759404,-13902.710727594042,357.006672706233,West,True
6971,1619473608.2,107.07201032802384,0.35119274617239726,88.78821293997127,,,-86.6237032,36.017126,,,0.0,0.0,0.0,0.0,13979.988965061799,-13905.6889650618,357.0332126011213,West,True
6972,1619473608.3,107.13561841435944,0.3541520665794179,88.28917726873064,,,-86.62368070000001,36.0171062,,,0.0,0.0,0.0,0.0,13982.979346001805,-13908.679346001805,356.98992591309906,West,True
6973,1619473608.4,107.23266601234133,0.3535074161029609,87.78940525128739,,,-86.6236583,36.0170862,,,0.0,0.0,0.0,0.0,13985.98009263948,-13911.68009263948,356.9948005912098,West,True
6974,1619473608.5,107.32140912142503,0.3497667301864524,87.28862141467881,,,-86.6236362,36.0170665,,,0.0,0.0,0.0,0.0,13988.938003179384,-13914.638003179385,357.0032401128404,West,True
6975,1619473608.6,107.41078101113534,0.343499691293227,87.0,,,-86.62361369999999,36.0170465,,,0.0,0.0,0.0,0.0,13991.944796203978,-13917.644796203978,357.0331341885051,West,True
6976,1619473608.7,107.41301826682,0.3353030871720903,87.0,,,-86.6235912,36.0170267,,,0.0,0.0,0.0,0.0,13994.935178525362,-13920.635178525363,356.959801011514,West,True
6977,1619473608.8,107.4890307028673,0.3257634623476815,86.78833185981287,,,-86.6235688,36.0170065,,,0.0,0.0,0.0,0.0,13997.952445111128,-13923.652445111129,357.0610913290063,West,True
6978,1619473608.9,107.56207157146032,0.3154276141162576,86.28924155541884,,,-86.6235462,36.0169868,,,0.0,0.0,0.0,0.0,14000.9407612269,-13926.640761226901,356.99305482619667,West,True
6979,1619473609.0,107.62971592817948,0.30477586326329,85.78984535781487,,,-86.623524,36.016967,,,0.0,0.0,0.0,0.0,14003.912952053692,-13929.612952053692,356.97322767994206,West,True
6980,1619473609.1,107.7115894515701,0.29420636194052,85.29002589484999,,,-86.6235015,36.0169468,,,0.0,0.0,0.0,0.0,14006.936232342616,-13932.636232342616,356.9881640377664,West,True
6981,1619473609.2,107.77205691019718,0.2840233253643339,85.0,,,-86.623479,36.016926700000006,,,0.0,0.0,0.0,0.0,14009.951260969194,-13935.651260969194,357.04428403103867,West,True
6982,1619473609.3,107.83473923893838,0.27443748338586405,85.0,,,-86.6234563,36.016906799999994,,,0.0,0.0,0.0,0.0,14012.962010120216,-13938.662010120217,356.98812384047665,West,True
6983,1619473609.4,107.93446156996332,0.26556776075764943,84.79199029126214,,,-86.6234338,36.0168867,,,0.0,0.0,0.0,0.0,14015.977039436146,-13941.677039436147,356.97314706725643,West,True
6984,1619473609.5,107.9503781410539,0.25745475512531885,84.29049571954661,,,-86.6234113,36.0168665,,,0.0,0.0,0.0,0.0,14019.000321105164,-13944.700321105165,356.97312695925314,West,True
6985,1619473609.6,108.03144397748731,0.2500708075989113,83.78969540745614,,,-86.62338879999999,36.0168463,,,0.0,0.0,0.0,0.0,14022.02360312221,-13947.723603122211,357.01625804577515,West,True
6986,1619473609.7,108.10479550392856,0.24334102821383397,83.2898497356162,,,-86.6233662,36.0168263,,,0.0,0.0,0.0,0.0,14025.036460398193,-13950.736460398193,357.0145323761279,West,True
6987,1619473609.8,108.14573623058877,0.23715623292405533,82.78997171589072,,,-86.6233435,36.016806200000005,,,0.0,0.0,0.0,0.0,14028.063593623741,-13953.763593623742,357.0293388684791,West,True
6988,1619473609.9,108.20422551884178,0.23139624936931175,82.29004621048955,,,-86.6233208,36.016786200000006,,,0.0,0.0,0.0,0.0,14031.082526680142,-13956.782526680143,356.9431327964258,West,True
6989,1619473610.0,108.27615701446751,0.22594127413478954,82.0,,,-86.6232983,36.0167658,,,0.0,0.0,0.0,0.0,14034.122368899225,-13959.822368899226,357.01617831535424,West,True
6990,1619473610.1,108.30371237022209,0.22069303748578922,82.0,,,-86.6232757,36.016745799999995,,,0.0,0.0,0.0,0.0,14037.135227578201,-13962.835227578202,356.95804872155253,West,True
6991,1619473610.2,108.47508885060756,0.21558103653478622,81.789498173419,,,-86.62325320000001,36.0167255,,,0.0,0.0,0.0,0.0,14040.166781990069,-13965.86678199007,357.0292596594547,West,True
6992,1619473610.3,108.39811809353722,0.21057761512027554,81.28909133859395,,,-86.6232305,36.0167055,,,0.0,0.0,0.0,0.0,14043.185716460235,-13968.885716460236,356.984759967566,West,True
6993,1619473610.4,108.47,0.2056961750848476,80.78906281633849,,,-86.6232078,36.016685200000005,,,0.0,0.0,0.0,0.0,14046.229308416023,-13971.929308416024,356.94303081272653,West,True
6994,1619473610.5,108.54180437891958,0.20099709627167184,80.28955466686357,,,-86.6231853,36.0166648,,,0.0,0.0,0.0,0.0,14049.269152361505,-13974.969152361506,356.9714026508533,West,True
6995,1619473610.6,108.58,0.19657658152281576,80.0,,,-86.6231627,36.0166445,,,0.0,0.0,0.0,0.0,14052.306719241675,-13978.006719241675,356.95794723744996,West,True
6996,1619473610.7,108.64433539694102,0.19256272444850517,80.0,,,-86.6231402,36.0166242,,,0.0,0.0,0.0,0.0,14055.338275390655,-13981.038275390656,356.9995061609338,West,True
6997,1619473610.8,108.7239102768056,0.1890966288635943,79.7884929109216,,,-86.6231175,36.016604,,,0.0,0.0,0.0,0.0,14058.373631238486,-13984.073631238487,356.9550072116037,West,True
6998,1619473610.9,108.74945261070356,0.18632154761439318,79.28977113287326,,,-86.6230948,36.0165835,,,0.0,0.0,0.0,0.0,14061.433754687778,-13987.133754687778,356.9578862561149,West,True
6999,1619473611.0,108.82686407518467,0.1843611794871221,78.79029977291196,,,-86.6230723,36.01656320000001,,,0.0,0.0,0.0,0.0,14064.465311882283,-13990.165311882283,357.0092446005203,West,True
7000,1619473611.1,108.80820415549104,0.18330787427262019,78.28978724369064,,,-86.6230493,36.0165428,,,0.0,0.0,0.0,0.0,14067.535278012634,-13993.235278012635,356.9279305552386,West,True
7001,1619473611.2,108.85162332982205,0.18320461055709064,77.78909634215816,,,-86.62302679999999,36.0165223,,,0.0,0.0,0.0,0.0,14070.58343090529,-13996.28343090529,356.9712609261773,West,True
7002,1619473611.3,108.94742361155018,0.18403902402385902,77.28816298159434,,,-86.6230042,36.016502,,,0.0,0.0,0.0,0.0,14073.621000243314,-13999.321000243315,357.01084609032466,West,True
7003,1619473611.4,108.9688427213831,0.1857344414360568,76.78810707816297,,,-86.62298129999999,36.01648170000001,,,0.0,0.0,0.0,0.0,14076.676691110762,-14002.376691110763,356.9414364247834,West,True
7004,1619473611.5,108.99580651918508,0.18815452131209193,76.28924234837393,,,-86.62295870000001,36.0164612,,,0.0,0.0,0.0,0.0,14079.730823480793,-14005.430823480794,356.96969102347197,West,True
7005,1619473611.6,109.07898453293215,0.1911053238387363,76.0,,,-86.622936,36.0164408,,,0.0,0.0,0.0,0.0,14082.782675475522,-14008.482675475523,356.99448990676166,West,True
7006,1619473611.7,109.10321717206266,0.1943515494405335,76.0,,,-86.622913,36.0164203,,,0.0,0.0,0.0,0.0,14085.86086899937,-14011.560868999371,356.96815434645595,West,True
7007,1619473611.8,109.1671212886054,0.19762729142016727,75.78982965931864,,,-86.6228902,36.016399799999995,,,0.0,0.0,0.0,0.0,14088.927003491042,-14014.627003491043,357.0141127708816,West,True
7008,1619473611.9,109.25698008951431,0.2006605571425525,75.28950639373986,,,-86.6228675,36.0163797,,,0.0,0.0,0.0,0.0,14091.954144168098,-14017.654144168098,356.9681136225976,West,True
7009,1619473612.0,109.30263927933106,0.203186431031062,74.7890174618012,,,-86.6228447,36.016359200000004,,,0.0,0.0,0.0,0.0,14095.020279365677,-14020.720279365678,356.994408895268,West,True
7010,1619473612.1,109.36797887025824,0.20497305172512081,74.28829938745811,,,-86.6228217,36.016338700000006,,,0.0,0.0,0.0,0.0,14098.098474328835,-14023.798474328836,356.9695684582403,West,True
7011,1619473612.2,109.3654736031178,0.20582864501074305,73.78802272082878,,,-86.622799,36.016318299999995,,,0.0,0.0,0.0,0.0,14101.150328446192,-14026.850328446193,356.95329012077144,West,True
7012,1619473612.3,109.50993690153318,0.20562078582514226,73.28834795081283,,,-86.6227762,36.0162977,,,0.0,0.0,0.0,0.0,14104.224740410333,-14029.924740410333,356.99594589556386,West,True
7013,1619473612.4,109.66469742692357,0.20426946259513826,73.0,,,-86.6227533,36.0162773,,,0.0,0.0,0.0,0.0,14107.288658070465,-14032.988658070466,356.9680114069143,West,True
7014,1619473612.5,109.63,0.2017536606503864,73.0,,,-86.6227305,36.016256799999994,,,0.0,0.0,0.0,0.0,14110.354795050527,-14036.054795050528,356.95465931059226,West,True
7015,1619473612.6,109.69234394347733,0.19808721298519938,72.78940047311029,,,-86.6227078,36.0162363,,,0.0,0.0,0.0,0.0,14113.414924499855,-14039.114924499856,356.9679706837703,West,True
7016,1619473612.7,109.72382924412948,0.19331286115244625,72.29031313809205,,,-86.622685,36.0162158,,,0.0,0.0,0.0,0.0,14116.48106219337,-14042.181062193371,357.0235384248366,West,True
7017,1619473612.8,109.80924497793856,0.187465344791944,71.79048255931981,,,-86.622662,36.0161955,,,0.0,0.0,0.0,0.0,14119.542827535035,-14045.242827535036,356.91011660828946,West,True
7018,1619473612.9,109.8328833168104,0.18056109457379937,71.28961560048243,,,-86.62263929999999,36.0161747,,,0.0,0.0,0.0,0.0,14122.627887109706,-14048.327887109706,356.99422664172664,West,True
7019,1619473613.0,109.80214568975828,0.1725604433255084,70.7892637101347,,,-86.62261629999999,36.0161542,,,0.0,0.0,0.0,0.0,14125.706085327178,-14051.406085327179,356.9942062319415,West,True
7020,1619473613.1,109.90750115830116,0.16336655559076024,70.28961632112379,,,-86.62259329999999,36.016133700000005,,,0.0,0.0,0.0,0.0,14128.78428390624,-14054.48428390624,356.94108609033594,West,True
7021,1619473613.2,109.93231420278325,0.15280103527728633,69.78948725786115,,,-86.62257070000001,36.01611320000001,,,0.0,0.0,0.0,0.0,14131.838422248944,-14057.538422248945,356.99416577145035,West,True
7022,1619473613.3,110.0114828043302,0.14062418154928139,69.28869684407596,,,-86.62254770000001,36.0160927,,,0.0,0.0,0.0,0.0,14134.916621551769,-14060.61662155177,356.9648745188105,West,True
7023,1619473613.4,110.0572408450944,0.1265327003888643,69.0,,,-86.6225247,36.016071999999994,,,0.0,0.0,0.0,0.0,14138.01132591889,-14063.71132591889,356.9941249553585,West,True
7024,1619473613.5,110.05326579020657,0.11020406307758523,69.0,,,-86.6225017,36.0160515,,,0.0,0.0,0.0,0.0,14141.08952594725,-14066.789525947252,356.99410454698483,West,True
7025,1619473613.6,110.13492493349412,0.09131339569989197,68.79259950843503,,,-86.6224787,36.016031,,,0.0,0.0,0.0,0.0,14144.167726338372,-14069.867726338372,356.99408413984963,West,True
7026,1619473613.7,110.29741550983496,0.06959203704296639,68.29119486630198,,,-86.6224557,36.0160105,,,0.0,0.0,0.0,0.0,14147.245927090496,-14072.945927090497,356.95156294571956,West,True
7027,1619473613.8,110.30597833298496,0.04484941053374021,67.79001056861539,,,-86.6224328,36.0159898,,,0.0,0.0,0.0,0.0,14150.334628164115,-14076.034628164116,356.95296076273155,West,True
7028,1619473613.9,110.36312172624254,0.017027220258189226,67.28912865647223,,,-86.62241,36.0159692,,,0.0,0.0,0.0,0.0,14153.409045829774,-14079.109045829775,357.01988968503105,West,True
7029,1619473614.0,110.39704481487534,-0.013791885813535937,66.78888628281128,,,-86.6223868,36.0159487,,,0.0,0.0,0.0,0.0,14156.499364818177,-14082.199364818178,356.9647303666723,West,True
7030,1619473614.1,110.35999772884378,-0.0473523495604225,66.28951616560893,,,-86.62236379999999,36.015928,,,0.0,0.0,0.0,0.0,14159.594071711104,-14085.294071711105,356.96470975780414,West,True
7031,1619473614.2,110.3229506428122,-0.08324263955803307,65.79014604840658,,,-86.62234079999999,36.015907299999995,,,0.0,0.0,0.0,0.0,14162.688778966934,-14088.388778966935,356.9939617798982,West,True
7032,1619473614.3,110.28702381285764,-0.12089380672197504,65.29078122265388,,,-86.62231779999999,36.0158868,,,0.0,0.0,0.0,0.0,14165.766981900937,-14091.466981900938,356.99235721274704,West,True
7033,1619473614.4,110.28494447352678,-0.1596223753331245,64.79120639456933,,,-86.6222947,36.0158662,,,0.0,0.0,0.0,0.0,14168.859463828649,-14094.55946382865,356.99076620239896,West,True
7034,1619473614.5,110.16345364002844,-0.19865494115578838,64.2913416606383,,,-86.6222715,36.015845500000005,,,0.0,0.0,0.0,0.0,14171.966224966436,-14097.666224966437,356.99074559176313,West,True
7035,1619473614.6,110.01875057158011,-0.23718594829444123,64.0,,,-86.6222483,36.0158248,,,0.0,0.0,0.0,0.0,14175.072986473473,-14100.772986473474,356.99229551327034,West,True
7036,1619473614.7,109.99101391703825,-0.27441457867446095,64.0,,,-86.6222252,36.0158042,,,0.0,0.0,0.0,0.0,14178.165469499205,-14103.865469499206,357.0163780960066,West,True
7037,1619473614.8,109.81603921709528,-0.30960096138743076,63.790721826698565,,,-86.6222018,36.015783500000005,,,0.0,0.0,0.0,0.0,14181.28434172228,-14106.98434172228,356.94992830256086,West,True
7038,1619473614.9,109.784550035863,-0.34209934044168,63.29003304253988,,,-86.6221788,36.0157627,,,0.0,0.0,0.0,0.0,14184.387330698484,-14110.087330698485,356.9776600099411,West,True
7039,1619473615.0,109.66537895711872,-0.37139807476310904,62.790009733946725,,,-86.62215570000001,36.015742,,,0.0,0.0,0.0,0.0,14187.488060077201,-14113.188060077202,357.01631688741327,West,True
7040,1619473615.1,109.6208058892256,-0.39713703721084637,62.29090102075544,,,-86.6221323,36.0157213,,,0.0,0.0,0.0,0.0,14190.606933421652,-14116.306933421653,356.94986573634174,West,True
7041,1619473615.2,109.45,-0.41912334941819535,61.791691221553535,,,-86.6221093,36.0157005,,,0.0,0.0,0.0,0.0,14193.709923486202,-14119.409923486202,356.9630243031456,West,True
7042,1619473615.3,109.2719615433088,-0.4373280269061627,61.29234304218679,,,-86.62208620000001,36.0156797,,,0.0,0.0,0.0,0.0,14196.818917116434,-14122.518917116435,356.9615587162918,West,True
7043,1619473615.4,109.15661646770177,-0.45187737382495013,60.79195089411244,,,-86.622063,36.0156588,,,0.0,0.0,0.0,0.0,14199.942193676006,-14125.642193676007,356.94980335198795,West,True
7044,1619473615.5,109.09223756830224,-0.46303107352744666,60.29008728739029,,,-86.62204,36.015638,,,0.0,0.0,0.0,0.0,14203.045184833562,-14128.745184833562,357.0195641946726,West,True
7045,1619473615.6,108.93299674984851,-0.47115609057833785,60.0,,,-86.6220168,36.0156175,,,0.0,0.0,0.0,0.0,14206.135509743124,-14131.835509743125,356.9497617626303,West,True
7046,1619473615.7,108.901993381351,-0.47669386245593576,60.0,,,-86.6219938,36.0155967,,,0.0,0.0,0.0,0.0,14209.238501623326,-14134.938501623326,356.9378006469589,West,True
7047,1619473615.8,108.707763681086,-0.48012796021412485,59.79007115888174,,,-86.621971,36.015576,,,0.0,0.0,0.0,0.0,14212.32121966809,-14138.021219668091,356.9759668466847,West,True
7048,1619473615.9,108.64979354175084,-0.4819505609855621,59.289715066238,,,-86.6219478,36.0155552,,,0.0,0.0,0.0,0.0,14215.436233108454,-14141.136233108455,356.96433705636383,West,True
7049,1619473616.0,108.61,-0.4826359014214946,58.78943401716516,,,-86.6219248,36.015534499999994,,,0.0,0.0,0.0,0.0,14218.530946904808,-14144.230946904809,356.9377382905772,West,True
7050,1619473616.1,108.48601954043784,-0.4826149194979053,58.289254542614174,,,-86.621902,36.0155138,,,0.0,0.0,0.0,0.0,14221.613666025512,-14147.313666025513,357.0049299028249,West,True
7051,1619473616.2,108.45332015882434,-0.4822631368912156,57.78901575516981,,,-86.62187879999999,36.0154932,,,0.0,0.1192167058483498,0.0,0.0,14224.712204245056,-14150.412204245056,356.9642752381277,West,True
7052,1619473616.3,108.30371008733424,-0.48188741135946866,57.28869845692855,,,-86.62185579999999,36.015472499999994,,,0.0,0.25791953364262,0.0,0.0,14227.806919129154,-14153.506919129155,356.9788928371984,West,True
7053,1619473616.4,108.22256025193093,-0.48173031703716285,57.14434922846428,,,-86.62183279999999,36.0154519,,,0.0,0.3966225267837035,0.0,0.0,14230.893373055751,-14156.593373055752,356.9788723301154,West,True
7054,1619473616.5,108.14141041652763,-0.48196643570373315,57.0,,,-86.6218098,36.0154313,,,0.0,0.535325519924787,0.0,0.0,14233.979827345313,-14159.679827345313,356.9671669281553,West,True
7055,1619473616.6,107.94076611350508,-0.4827185449267972,56.792295257976505,,,-86.621787,36.0154108,,,0.0,0.6740283477190572,0.0,0.0,14237.045979046774,-14162.745979046775,356.99347038846355,West,True
7056,1619473616.7,107.84900989093192,-0.4840563194425787,56.29081987675665,,,-86.621764,36.0153903,,,0.0,0.812731506206954,0.0,0.0,14240.124190738226,-14165.824190738227,356.99666051531716,West,True
7057,1619473616.8,107.76765906680804,-0.48601623645496006,55.79034135126837,,,-86.6217412,36.015370000000004,,,0.0,0.951434334001224,0.0,0.0,14243.17384610112,-14168.87384610112,356.9934297487846,West,True
7058,1619473616.9,107.67752852304332,-0.4885957347782469,55.29123619946547,,,-86.6217182,36.0153495,,,0.0,1.0,0.0,0.0,14246.2520585128,-14171.952058512801,356.9803044604453,West,True
7059,1619473617.0,107.54,-0.4917703483841044,55.0,,,-86.6216953,36.015329,,,0.0,1.0,0.0,0.0,14249.324234213562,-14175.024234213563,356.99659962213036,West,True
7060,1619473617.1,107.41379258648476,-0.49548108729127605,55.0,,,-86.6216725,36.015308700000006,,,0.0,1.0,0.0,0.0,14252.373890648907,-14178.073890648908,356.953708201497,West,True
7061,1619473617.2,107.32887521886956,-0.4996472170095826,54.79060066707709,,,-86.6216498,36.01528820000001,,,0.0,1.0,0.0,0.0,14255.434036484568,-14181.13403648457,356.98179130400905,West,True
7062,1619473617.3,107.3,-0.5041505440946792,54.29115021380523,,,-86.621627,36.0152678,,,0.0,1.0,0.0,0.0,14258.491933063771,-14184.191933063772,357.02260876387095,West,True
7063,1619473617.4,107.24457473625246,-0.5088465639524987,53.7912212378396,,,-86.621604,36.0152475,,,0.0,1.0,0.0,0.0,14261.553715216374,-14187.253715216375,356.9565473437475,West,True
7064,1619473617.5,107.04268340464068,-0.5135523380986546,53.29062627183681,,,-86.62158149999999,36.015227200000005,,,0.0,1.0,0.0,0.0,14264.585295310178,-14190.28529531018,357.03367549602166,West,True
7065,1619473617.6,106.8964491318776,-0.5180593181772908,53.0,,,-86.6215583,36.015206799999994,,,0.0,1.0,0.0,0.0,14267.667434728075,-14193.367434728076,356.96994784436356,West,True
7066,1619473617.7,106.7605526249686,-0.5221297888525431,53.0,,,-86.62153570000001,36.0151865,,,0.0,1.0,0.0,0.0,14270.705026769012,-14196.405026769013,356.9980847564457,West,True
7067,1619473617.8,106.65492441637068,-0.5255116201854242,52.78953039386013,,,-86.62151300000001,36.0151663,,,0.0,1.0,0.0,0.0,14273.74040766786,-14199.44040766786,356.9832309676777,West,True
7068,1619473617.9,106.64737996399838,-0.5279436001016549,52.28905429656923,,,-86.62149029999999,36.015146,,,0.0,1.0,0.0,0.0,14276.784026370602,-14202.484026370603,356.96988703954264,West,True
7069,1619473618.0,106.46573465892166,-0.5291687309842366,51.78875281370417,,,-86.6214677,36.015125700000006,,,0.0,1.0,0.0,0.0,14279.821619460814,-14205.521619460815,356.99720941309994,West,True
7070,1619473618.1,106.41416084532159,-0.5289449509362992,51.39437640685209,,,-86.62144495000001,36.01510545000001,,,0.0,1.0,0.0,0.0,14282.86414040736,-14208.564140407361,356.9971892517279,West,True
7071,1619473618.2,106.3625870317215,-0.5270527637938912,51.0,,,-86.62142220000001,36.0150852,,,0.0,1.0,0.0,0.0,14285.906661708903,-14211.606661708904,356.997984211765,West,True
7072,1619473618.3,106.15600874005418,-0.5233074654584277,51.0,,,-86.6213995,36.015065,,,0.0,1.0,0.0,0.0,14288.942044373614,-14214.642044373615,356.9291186856291,West,True
7073,1619473618.4,105.81120761311468,-0.5175596974995844,50.79466250334253,,,-86.6213772,36.015044700000004,,,0.0,1.0,0.0,0.0,14291.96164952817,-14217.66164952817,357.0276141008651,West,True
7074,1619473618.5,105.79834365922711,-0.5097077211477737,50.291718078683466,,,-86.62135450000001,36.015024700000005,,,0.0,1.0,0.0,0.0,14294.980613442618,-14220.680613442619,356.9712887605604,West,True
7075,1619473618.6,105.74,-0.4996933972260489,50.0,,,-86.621332,36.0150045,,,0.0,1.0,0.0,0.0,14298.003927113667,-14223.703927113667,357.02757445120267,West,True
7076,1619473618.7,105.63305132088476,-0.4875150708952431,50.0,,,-86.6213093,36.0149845,,,0.0,1.0,0.0,0.0,14301.022891733797,-14226.722891733798,356.9712483621089,West,True
7077,1619473618.8,105.5284288049384,-0.4732227896468097,49.78978368417795,,,-86.62128680000001,36.014964299999995,,,0.0,1.0,0.0,0.0,14304.046206094019,-14229.74620609402,357.0011610883982,West,True
7078,1619473618.9,105.32569494180842,-0.45693121603410736,49.29050148321326,,,-86.62126429999999,36.0149443,,,0.0,1.0,0.0,0.1024236762491796,14307.053035445511,-14232.753035445512,356.9861744545908,West,True
7079,1619473619.0,105.26730776652197,-0.4388151520808182,49.0,,,-86.62124179999999,36.0149242,,,0.0,1.0,0.0,0.258654470063866,14310.068098582735,-14235.768098582736,356.97427542398856,West,True
7080,1619473619.1,105.18464964595232,-0.4191182219972431,49.0,,,-86.6212195,36.014904200000004,,,0.0,1.0,0.0,0.4148852638785524,14313.062851514125,-14238.762851514126,356.9711681081992,West,True
7081,1619473619.2,105.05875163271546,-0.39814559281722584,48.791292018752586,,,-86.621197,36.014884,,,0.0,1.0,0.0,0.5711164301768329,14316.086167255251,-14241.786167255252,357.00108161937294,West,True
7082,1619473619.3,104.89341159977349,-0.37626199126153215,48.29322997563304,,,-86.6211745,36.014864,,,0.0,1.0,0.0,0.7273472239915193,14319.092997994081,-14244.792997994082,357.0044177977941,West,True
7083,1619473619.4,104.80435450781457,-0.3538776184241551,48.0,,,-86.6211522,36.014844200000006,,,0.0,1.0,0.0,0.8835783902897997,14322.071274564962,-14247.771274564962,356.9876784623488,West,True
7084,1619473619.5,104.67334418612997,-0.33143219606158825,48.0,,,-86.62112979999999,36.0148242,,,0.0,0.9601716485490368,0.0,1.0,14325.072060023507,-14250.772060023508,357.0010221540429,West,True
7085,1619473619.6,104.61834507855824,-0.3093747270203166,47.79091301270119,,,-86.62110729999999,36.0148042,,,0.0,0.8038656326512359,0.0,1.0,14328.078891795703,-14253.778891795704,356.974155339621,West,True
7086,1619473619.7,104.67,-0.2881380253221649,47.29107508455145,,,-86.621085,36.0147842,,,0.0,0.6475592440904975,0.0,1.0,14331.07364677225,-14256.773646772252,356.9482583406957,West,True
7087,1619473619.8,104.5912301938053,-0.2681199872480181,47.0,,,-86.621063,36.0147643,,,0.0,0.4912532281926965,0.0,1.0,14334.042100266704,-14259.742100266705,357.05701259363667,West,True
7088,1619473619.9,104.60008264154465,-0.24965973050112136,47.0,,,-86.62104029999999,36.0147445,,,0.0,0.334946839631958,0.0,1.0,14337.044724594976,-14262.744724594977,356.9467635297444,West,True
7089,1619473620.0,104.61695519412288,-0.23303088199383695,46.79033599130896,,,-86.62101820000001,36.0147245,,,0.0,0.1786408237341571,0.0,1.0,14340.027463017219,-14265.72746301722,357.0051281308093,West,True
7090,1619473620.1,104.54970504854867,-0.21842988479343273,46.290820857652214,,,-86.62099595000001,36.01470475,,,0.0,0.08932041186707855,0.0,1.0,14342.99860349272,-14268.698603492721,357.00510846965614,West,True
7091,1619473620.2,104.48245490297448,-0.2059865636136967,45.79130572399547,,,-86.62097370000001,36.014685,,,0.0,0.0,0.0,1.0,14345.969744305976,-14271.669744305977,356.99077072932425,West,True
7092,1619473620.3,104.36453751121664,-0.19576668834734054,45.29221720340032,,,-86.6209515,36.0146652,,,0.0,0.0,0.0,1.0,14348.94197430655,-14274.64197430655,356.98198329263784,West,True
7093,1619473620.4,104.4700971196762,-0.1877947309893621,45.0,,,-86.6209297,36.0146457,,,0.0,0.0,0.0,1.0,14351.865328893802,-14277.565328893803,357.0210732821225,West,True
7094,1619473620.5,104.39035121502289,-0.1820626131112419,44.895474755612014,,,-86.6209075,36.0146261,,,0.0,0.0,0.0,1.0,14354.821123942183,-14280.521123942184,357.02105377165776,West,True
7095,1619473620.6,104.31060531036958,-0.1785520576544092,44.79094951122403,,,-86.6208853,36.0146065,,,0.0,0.0,0.0,1.0,14357.776919325981,-14283.476919325982,356.9587517936903,West,True
7096,1619473620.7,104.29307744359863,-0.17723767309360292,44.395474755612014,,,-86.6208635,36.01458685,,,0.0,0.0,0.0,1.0,14360.71266747528,-14286.41266747528,356.9587322320874,West,True
7097,1619473620.8,104.27554957682769,-0.17809771600937535,44.0,,,-86.6208417,36.0145672,,,0.0,0.0,0.0,1.0,14363.648415951056,-14289.348415951057,357.0905872207786,West,True
7098,1619473620.9,104.28525085550282,-0.18110519436267683,44.0,,,-86.6208192,36.014547799999995,,,0.0,0.0,0.0,1.0,14366.606248207398,-14292.306248207398,357.02856206938674,West,True
7099,1619473621.0,104.2343169008353,-0.18622501931999513,43.646097520920804,,,-86.62079700000001,36.01452825,,,0.0,0.0,0.0,1.0,14369.55794790796,-14295.257947907961,357.02854261131137,West,True
7100,1619473621.1,104.18338294616775,-0.19339689951903122,43.2921950418416,,,-86.6207748,36.01450870000001,,,0.0,0.0,0.0,1.0,14372.50964794383,-14298.209647943831,357.0245234097842,West,True
7101,1619473621.2,104.1949339202869,-0.20252641595600174,43.0,,,-86.62075279999999,36.0144893,,,0.0,0.0,0.0,0.0,14375.436896615201,-14301.136896615202,357.001539507295,West,True
7102,1619473621.3,104.13893371073382,-0.21347003310706425,42.895571051191126,,,-86.62073079999999,36.01446975,,,0.0,0.0,0.0,0.0,14378.376458691553,-14304.076458691554,357.00152004230955,West,True
7103,1619473621.4,104.08293350118076,-0.22603051055713533,42.79114210238225,,,-86.6207088,36.014450200000006,,,0.0,0.0,0.0,0.0,14381.316021097418,-14307.016021097419,356.99218318677464,West,True
7104,1619473621.5,104.06,-0.23995292027421938,42.29204645517504,,,-86.62068670000001,36.0144305,,,0.0,0.0,0.0,0.0,14384.273976310087,-14309.973976310088,357.0397566217723,West,True
7105,1619473621.6,104.0235476893,-0.25493003308865714,42.0,,,-86.6206647,36.014411200000005,,,0.0,0.0,0.0,0.0,14387.193041683275,-14312.893041683275,357.00911652124665,West,True
7106,1619473621.7,103.83865072370274,-0.2706112303916678,42.0,,,-86.6206427,36.014391700000004,,,0.0,0.0,0.0,0.0,14390.128495930974,-14315.828495930975,356.9954650741096,West,True
7107,1619473621.8,103.75865034996212,-0.28661616126214073,41.79049089585545,,,-86.6206208,36.014372200000004,,,0.0,0.0,0.0,0.0,14393.057895230677,-14318.757895230678,357.024388209492,West,True
7108,1619473621.9,103.71794694465476,-0.302552088608102,41.290777429489495,,,-86.6205988,36.0143528,,,0.0,0.0,0.0,0.0,14395.98514621758,-14321.68514621758,357.03967984878824,West,True
7109,1619473622.0,103.6079885245137,-0.3180300844700601,41.0,,,-86.6205768,36.0143335,,,0.0,0.0,0.0,0.0,14398.904212913027,-14324.604212913027,357.0090389588901,West,True
7110,1619473622.1,103.5613316633868,-0.33268470630748276,40.8958395381474,,,-86.6205548,36.014314,,,0.0,0.0,0.0,0.0,14401.839668475604,-14327.539668475605,357.0090195450997,West,True
7111,1619473622.2,103.51467480225988,-0.34618781514646885,40.79167907629479,,,-86.62053279999999,36.0142945,,,0.0,0.0,0.0,0.0,14404.77512436817,-14330.475124368171,357.0753496593478,West,True
7112,1619473622.3,103.42426256475508,-0.35826644116469797,40.29200192518007,,,-86.6205103,36.014275,,,0.0,0.0,0.0,0.0,14407.741080734126,-14333.441080734126,357.043531559065,West,True
7113,1619473622.4,103.3106738183652,-0.36871192162407346,40.0,,,-86.6204877,36.0142552,,,0.0,0.0,0.0,0.0,14410.737605159275,-14336.437605159275,357.08138091135584,West,True
7114,1619473622.5,103.24355973738592,-0.3773935820682548,40.0,,,-86.62046550000001,36.014236,,,0.0,0.0,0.0,0.0,14413.6607660736,-14339.360766073602,357.0491783091215,West,True
7115,1619473622.6,103.11557461644458,-0.38426190502574875,39.79169717740346,,,-86.62044399999999,36.014217200000004,,,0.0,0.0,0.0,0.0,14416.508479617552,-14342.208479617553,357.05978504705195,West,True
7116,1619473622.7,103.02028167457061,-0.3893554278791187,39.395848588701725,,,-86.62042224999999,36.01419825,,,0.0,0.0,0.0,0.0,14419.383711133316,-14345.083711133317,357.05976617707813,West,True
7117,1619473622.8,102.92498873269663,-0.39279615021004133,39.0,,,-86.6204005,36.014179299999995,,,0.0,0.0,0.0,0.0,14422.258942968208,-14347.95894296821,357.02146377866023,West,True
7118,1619473622.9,102.8059763457739,-0.3947868035322804,39.0,,,-86.6203792,36.0141605,,,0.0,0.0,0.0,0.0,14425.094472988445,-14350.794472988446,357.3521513284331,West,True
7119,1619473623.0,102.6635091889177,-0.3955975493173482,38.79149736079394,,,-86.620356,36.0141423,,,0.0,0.0,0.0,0.0,14428.001313846284,-14353.701313846284,357.2178628639888,West,True
7120,1619473623.1,102.60068488498044,-0.39555329383552473,38.2918529477984,,,-86.6203338,36.014124,,,0.0,0.0,0.0,0.0,14430.852205915484,-14356.552205915485,356.9080632756162,West,True
7121,1619473623.2,102.59720023266766,-0.39501439742274314,38.0,,,-86.62031230000001,36.01410429999999,,,0.1904232124055609,0.0,0.0,0.0,14433.774175541888,-14359.474175541889,356.64290347192264,West,True
7122,1619473623.3,102.46367335494112,-0.3943584643684945,38.0,,,-86.62029220000001,36.0140843,,,0.6074316444407326,0.0,0.0,0.0,14436.640187731178,-14362.340187731179,356.27868377931367,West,True
7123,1619473623.4,102.40353647712035,-0.3939616983956904,37.789814278322616,,,-86.6202738,36.014064000000005,,,1.0,0.0,0.0,0.0,14439.43912394582,-14365.13912394582,357.31095615769567,West,True
7124,1619473623.5,102.35685648280244,-0.3941824445455108,37.289767782332,,,-86.6202497,36.0140448,,,1.0,0.0,0.0,0.0,14442.48157964454,-14368.18157964454,356.933631048779,West,True
7125,1619473623.6,102.27970737429229,-0.395349626132357,37.144883891166,,,-86.62022834999999,36.0140254,,,1.0,0.0,0.0,0.0,14445.369638559174,-14371.069638559175,356.9336117349394,West,True
7126,1619473623.7,102.20255826578214,-0.39775280790703627,37.0,,,-86.620207,36.014006,,,1.0,0.0,0.0,0.0,14448.257697787216,-14373.957697787217,356.9105954682484,West,True
7127,1619473623.8,102.15486910994764,-0.40163878279146253,37.0,,,-86.62018570000001,36.0139865,,,1.0,0.0,0.0,0.0,14451.151092655413,-14376.851092655414,357.05463227867983,West,True
7128,1619473623.9,102.09978257870486,-0.40720670867319775,37.0,,,-86.62016369999999,36.0139673,,,1.0,0.0,0.0,0.0,14454.062000446338,-14379.762000446339,356.909225891809,West,True
7129,1619473624.0,101.92136076537248,-0.41460780441248835,36.79207179988237,,,-86.6201423,36.0139477,,,1.0,0.0,0.0,0.0,14456.969684210793,-14382.669684210794,357.0276209103082,West,True
7130,1619473624.1,101.81537277761052,-0.423940132981538,36.29473026428124,,,-86.6201205,36.0139285,,,1.0,0.0,0.0,0.0,14459.868394676605,-14385.568394676606,356.9363129259349,West,True
7131,1619473624.2,101.6566903133799,-0.4352455871416051,36.0,,,-86.62009880000001,36.0139088,,,1.0,0.0,0.0,0.0,14462.80230332639,-14388.502303326391,356.94212363840165,West,True
7132,1619473624.3,101.62392039601431,-0.4485015168959281,36.0,,,-86.62007750000001,36.013889500000005,,,1.0,0.0,0.0,0.0,14465.67907162623,-14391.37907162623,356.9078295256844,West,True
7133,1619473624.4,101.5669662253746,-0.46361507122796386,35.79220026274863,,,-86.620056,36.013869799999995,,,1.0,0.0,0.0,0.0,14468.601045060948,-14394.301045060949,356.97371406392523,West,True
7134,1619473624.5,101.53715766957907,-0.4804158700217551,35.2908141979891,,,-86.6200347,36.013850700000006,,,1.0,0.0,0.0,0.0,14471.461262107827,-14397.161262107827,356.9905668002027,West,True
7135,1619473624.6,101.45269323122989,-0.49865480934213874,35.14540709899455,,,-86.620013,36.013831350000004,,,1.0,0.0,0.0,0.0,14474.366229964151,-14400.066229964152,356.99054753611665,West,True
7136,1619473624.7,101.36822879288071,-0.5180060754457243,35.0,,,-86.6199913,36.013812,,,1.0,0.0,0.0,0.0,14477.271198142398,-14402.971198142399,356.9578412597017,West,True
7137,1619473624.8,101.2177818702114,-0.5380783363194146,35.0,,,-86.61997,36.0137928,,,1.0,0.0,0.0,0.0,14480.139682457126,-14405.839682457126,357.04292421070284,West,True
7138,1619473624.9,101.11,-0.5584303389079872,35.0,,,-86.61994820000001,36.0137737,,,1.0,0.0,0.0,0.0,14483.030215651486,-14408.730215651487,356.93977584889944,West,True
7139,1619473625.0,100.9538119389119,-0.5785951054619141,34.64650235946507,,,-86.61992675,36.013754250000005,,,1.0,0.0,0.0,0.0,14485.928413599286,-14411.628413599286,356.9397564862601,West,True
7140,1619473625.1,100.7976238778238,-0.5981034667303198,34.293004718930135,,,-86.6199053,36.0137348,,,1.0,0.0,0.0,0.0,14488.826611864586,-14414.526611864587,356.94494735600114,West,True
7141,1619473625.2,100.7217836040344,-0.6165122967669137,34.0,,,-86.6198842,36.0137157,,,1.0,0.0,0.0,0.0,14491.674813617192,-14417.374813617193,356.97815815335775,West,True
7142,1619473625.3,100.52669783253053,-0.633422769551279,33.89653552687494,,,-86.6198627,36.01369645,,,0.9965082492481185,0.0,0.0,0.0,14494.559467798385,-14420.259467798385,356.9781389929203,West,True
7143,1619473625.4,100.33161206102666,-0.6485001556102561,33.793071053749884,,,-86.6198412,36.013677200000004,,,0.993016498496237,0.0,0.0,0.0,14497.444122295587,-14423.144122295587,357.03107767093604,West,True
7144,1619473625.5,100.20122591058589,-0.6614749984621084,33.39653552687494,,,-86.6198196,36.01365820000001,,,0.8680713107760942,0.0,0.0,0.0,14500.314290659531,-14426.014290659532,357.0310587529428,West,True
7145,1619473625.6,100.07083976014512,-0.6721479087509367,33.0,,,-86.619798,36.01363920000001,,,0.7431261230559514,0.0,0.0,0.0,14503.184459341046,-14428.884459341047,356.9751251519923,West,True
7146,1619473625.7,99.91203099211444,-0.6803715606974174,33.0,,,-86.6197768,36.013620200000005,,,0.6181806374429832,0.0,0.0,0.0,14506.030399180692,-14431.730399180693,357.14381954184864,West,True
7147,1619473625.8,99.74144589353648,-0.686044829713991,33.0,,,-86.6197547,36.0136015,,,0.4932354497228405,0.0,0.0,0.0,14508.906993109851,-14434.606993109852,357.0485594946046,West,True
7148,1619473625.9,99.66620427238706,-0.6890843306214092,33.0,,,-86.6197332,36.01358270000001,,,0.3682899641098723,0.0,0.0,0.0,14511.75471722363,-14437.45471722363,357.0171986766968,West,True
7149,1619473626.0,99.50151042006316,-0.6894199711827129,32.791904727322084,,,-86.61971170000001,36.013563700000006,,,0.2433447763897296,0.0,0.0,0.0,14514.618806715514,-14440.318806715515,357.004151712307,West,True
7150,1619473626.1,99.31313824487816,-0.6869691170040426,32.39595236366104,,,-86.61969035,36.01354475,,,0.1216723881948648,0.0,0.0327954485755904,0.0,14517.469692925282,-14443.169692925283,357.00413284522284,West,True
7151,1619473626.2,99.12476606969318,-0.6816448724126223,32.0,,,-86.61966899999999,36.0135258,,,0.0,0.0,0.0655908971511808,0.0,14520.32057944602,-14446.02057944602,357.07982934655996,West,True
7152,1619473626.3,99.03760074262088,-0.673341585286746,32.0,,,-86.6196475,36.01350720000001,,,0.0,0.0,0.9206012891804816,0.0,14523.152019846932,-14448.852019846932,356.99002255712526,West,True
7153,1619473626.4,98.89469891637347,-0.6619590833328016,32.0,,,-86.61962625000001,36.01348825,,,0.0,0.0,0.6075749988245576,0.0,14525.996856399574,-14451.696856399574,356.99000369399914,West,True
7154,1619473626.5,98.75179709012606,-0.6473990839684646,32.0,,,-86.619605,36.0134693,,,0.0,0.0,0.2945487084686335,0.0,14528.84169326179,-14454.54169326179,356.9782828456257,West,True
7155,1619473626.6,98.53987340140502,-0.6295991578211214,32.0,,,-86.619584,36.0134505,,,0.0,0.0,0.0,0.0,14531.659074538256,-14457.359074538257,356.9749342256046,West,True
7156,1619473626.7,98.42196876829624,-0.6085321836081691,32.0,,,-86.6195628,36.0134315,,,0.0,0.0,0.0,0.0,14534.505017435811,-14460.205017435812,357.00850790085957,West,True
7157,1619473626.8,98.31782858522006,-0.5842389439989428,31.79311636473819,,,-86.6195417,36.0134128,,,0.0,0.0,0.0,0.0,14537.320214148482,-14463.020214148482,356.9461404300666,West,True
7158,1619473626.9,98.16391626602564,-0.5568213267170422,31.29276803160765,,,-86.61952070000001,36.0133938,,,0.0,0.0,0.0,0.0,14540.154136619201,-14465.854136619202,356.97820771960704,West,True
7159,1619473627.0,98.02831881205832,-0.5264643025506772,31.0,,,-86.61949969999999,36.013375,,,0.0,0.0,0.0,0.0,14542.971519109438,-14468.671519109439,357.02253776092925,West,True
7160,1619473627.1,97.98598477613878,-0.4934178863345706,31.0,,,-86.6194785,36.0133563,,,0.0,0.0,0.0,0.0,14545.792787895329,-14471.49278789533,357.0263035511454,West,True
7161,1619473627.2,97.8954307365426,-0.45800562719953153,31.0,,,-86.6194575,36.013337799999995,,,0.0,0.0,0.0,0.0,14548.5855089387,-14474.285508938701,356.98069085088133,West,True
7162,1619473627.3,97.76642924690913,-0.42059689111637233,31.0,,,-86.61943665,36.01331915,,,0.0,0.0,0.0,0.0,14551.381471892262,-14477.081471892263,356.9806722839592,West,True
7163,1619473627.4,97.63742775727566,-0.3816057929999057,31.0,,,-86.6194158,36.0133005,,,0.0,0.0,0.0,0.0,14554.177435144022,-14479.877435144022,357.036418060681,West,True
7164,1619473627.5,97.5289153047388,-0.3414602254449625,31.0,,,-86.6193945,36.013281799999994,,,0.0,0.0,0.0,0.0,14557.004791890004,-14482.704791890004,357.00396621494644,West,True
7165,1619473627.6,97.50358835572473,-0.30059902563699004,30.645904217622686,,,-86.61937359999999,36.013263249999994,,,0.0,0.0,0.0,0.0,14559.795545570027,-14485.495545570027,357.0039477469624,West,True
7166,1619473627.7,97.47826140671066,-0.25944511414154436,30.29180843524537,,,-86.6193527,36.0132447,,,0.0,0.0,0.0,0.0,14562.586299546596,-14488.286299546597,356.9941025976135,West,True
7167,1619473627.8,97.39513098313748,-0.21840828155822067,30.0,,,-86.6193317,36.013226,,,0.0,0.0,0.0,0.0,14565.395443795223,-14491.095443795224,356.9940839805243,West,True
7168,1619473627.9,97.37,-0.17786673707388698,30.0,,,-86.61931070000001,36.0132073,,,0.0,0.0,0.0,0.0,14568.204588345732,-14493.904588345733,356.9831365140888,West,True
7169,1619473628.0,97.39771408853206,-0.13817888037160947,30.0,,,-86.61929,36.013188799999995,,,0.0,0.0,0.0,0.0,14570.979133432733,-14496.679133432734,356.9831181012439,West,True
7170,1619473628.1,97.3847782903714,-0.09967222093106534,30.0,,,-86.6192693,36.0131703,,,0.0,0.0,0.0,0.0,14573.753678812378,-14499.453678812379,357.0299775136788,West,True
7171,1619473628.2,97.39040825553872,-0.06266212130882162,30.0,,,-86.6192485,36.013152000000005,,,0.0,0.0,0.0,0.0,14576.517855942131,-14502.217855942132,356.98308117696314,West,True
7172,1619473628.3,97.3134626516854,-0.02744237315410071,30.0,,,-86.61922779999999,36.0131335,,,0.0,0.0,0.0,0.0,14579.292401905654,-14504.992401905654,356.953684572047,West,True
7173,1619473628.4,97.26157088546856,0.005694777964399581,30.0,,,-86.6192073,36.013115,,,0.0,0.0,0.0,0.0,14582.054909196882,-14507.754909196883,356.9569049032074,West,True
7174,1619473628.5,97.43484311564252,0.03647323554515888,30.0,,,-86.619187,36.0130967,,,0.0,0.0,0.0,0.0,14584.788850227005,-14510.488850227006,356.9975044480441,West,True
7175,1619473628.6,97.54575430362806,0.06461717840107224,29.79514759411201,,,-86.6191662,36.0130782,,,0.0,0.0,0.0,0.0,14587.569440647208,-14513.26944064721,356.95524068855315,West,True
7176,1619473628.7,97.50344374309178,0.08987433984359836,29.293928696903283,,,-86.6191458,36.0130598,,,0.0,0.0,0.0,0.0,14590.317665427852,-14516.017665427853,356.9864838141176,West,True
7177,1619473628.8,97.45860136833672,0.11200591202161217,29.0,,,-86.61912530000001,36.0130415,,,0.0,0.0,0.0,0.0,14593.063653692174,-14518.763653692175,356.9864656001902,West,True
7178,1619473628.9,97.6408891438267,0.13081635514554082,29.0,,,-86.61910479999999,36.0130232,,,0.0,0.0,0.0,0.0,14595.809642245653,-14521.509642245654,357.0028847736623,West,True
7179,1619473629.0,97.789961140975,0.1461463626725954,29.0,,,-86.6190843,36.013005,,,0.0,0.0,0.0,0.0,14598.54740135895,-14524.24740135895,356.95516715765154,West,True
7180,1619473629.1,97.82214745656165,0.15790293033337605,29.0,,,-86.6190639,36.012986600000005,,,0.0,0.0,0.0,0.0,14601.29562727665,-14526.99562727665,356.95514883849614,West,True
7181,1619473629.2,97.8543337721483,0.1660509925434192,29.0,,,-86.6190435,36.0129682,,,0.0,0.0,0.0,0.0,14604.043853480904,-14529.743853480904,356.94015968666605,West,True
7182,1619473629.3,97.90346119778016,0.17063727169049261,29.0,,,-86.6190232,36.012949799999994,,,0.0,0.0,0.0,0.0,14606.786083049286,-14532.486083049287,356.9716297165722,West,True
7183,1619473629.4,97.9345275888823,0.17177784117377104,29.0,,,-86.61900279999999,36.0129315,,,0.0,0.0,0.0,0.0,14609.52604169606,-14535.22604169606,356.9863567359493,West,True
7184,1619473629.5,98.0174065994518,0.16967211070566918,29.0,,,-86.6189823,36.01291320000001,,,0.0,0.0,0.0,0.0,14612.272031975019,-14537.97203197502,356.94010447013716,West,True
7185,1619473629.6,98.0209610495271,0.1645863700123243,28.792926526242677,,,-86.618962,36.0128948,,,0.0,0.0,0.0,0.0,14615.01426239168,-14540.71426239168,356.9534457993765,West,True
7186,1619473629.7,98.11217825051084,0.15685734177533917,28.292347095266567,,,-86.6189415,36.012876299999995,,,0.0,0.0,0.0,0.0,14617.776773409776,-14543.476773409777,356.9863022625322,West,True
7187,1619473629.8,98.17601218221324,0.14687326079775992,28.0,,,-86.618921,36.012858,,,0.0,0.0,0.0,0.0,14620.522764556625,-14546.222764556625,356.94161051000077,West,True
7188,1619473629.9,98.12418057450428,0.13506798484723734,28.0,,,-86.61890079999999,36.01283970000001,,,0.0,0.0,0.0,0.0,14623.250710882934,-14548.950710882935,356.96982820632076,West,True
7189,1619473630.0,98.17388827428654,0.12190107866167879,28.0,,,-86.6188803,36.0128213,,,0.0,0.0,0.0,0.0,14626.004952623662,-14551.704952623662,356.9400124407898,West,True
7190,1619473630.1,98.2196505097206,0.10784413808239805,28.0,,,-86.61886,36.0128029,,,0.0,0.0,0.0,0.0,14628.747184457126,-14554.447184457127,356.93999412824974,West,True
7191,1619473630.2,98.26541274515463,0.09336127075354042,28.0,,,-86.6188397,36.012784499999995,,,0.0,0.0,0.0,0.0,14631.489416574379,-14557.18941657438,356.9384297407819,West,True
7192,1619473630.3,98.29970260189148,0.07889049772357998,28.0,,,-86.6188193,36.012766,,,0.0,0.0,0.0,0.0,14634.245934095747,-14559.945934095747,356.9565567208468,West,True
7193,1619473630.4,98.2369935283795,0.06482700414239931,27.79509938682572,,,-86.618799,36.0127477,,,0.0,0.0,0.0,0.0,14636.979880524892,-14562.679880524893,356.9532993737076,West,True
7194,1619473630.5,98.21367177644406,0.051504160231762165,27.29376665909661,,,-86.6187785,36.0127292,,,0.0,0.0,0.0,0.0,14639.742393839093,-14565.442393839094,356.9308664842772,West,True
7195,1619473630.6,98.20004221440277,0.03918293437580933,27.146883329548306,,,-86.61875815,36.0127107,,,0.0,0.0,0.0,0.0,14642.495920728112,-14568.195920728112,356.93084806844126,West,True
7196,1619473630.7,98.18641265236148,0.028037463606550295,27.0,,,-86.6187378,36.012692200000004,,,0.0,0.0,0.0,0.0,14645.2494479021,-14570.949447902101,356.9696825685674,West,True
7197,1619473630.8,98.14568585059703,0.018153216516457564,27.0,,,-86.6187173,36.012673799999995,,,0.0,0.0,0.0,0.0,14648.003691953534,-14573.703691953535,356.95322598265614,West,True
7198,1619473630.9,98.1629646800519,0.009519919059172674,27.0,,,-86.6186968,36.0126553,,,0.0,0.0,0.0,0.0,14650.766206422397,-14576.466206422398,356.960606725015,West,True
7199,1619473631.0,98.20421891569039,0.002038245612052185,27.0,,,-86.61867625,36.012636799999996,,,0.0,0.0,0.0,0.0,14653.531724893532,-14579.231724893532,356.9605883073226,West,True
7200,1619473631.1,98.24547315132888,-0.004480487993725913,27.0,,,-86.6186557,36.01261829999999,,,0.0,0.0,0.0,0.0,14656.297243653751,-14581.997243653752,356.98604828004085,West,True
7201,1619473631.2,98.22,-0.010301899152293098,26.791995219459945,,,-86.61863520000001,36.0126,,,0.0,0.0,0.0,0.0,14659.04323885216,-14584.743238852161,356.9367140656656,West,True
7202,1619473631.3,98.17320135032523,-0.01576444957714738,26.395997609729974,,,-86.61861470000001,36.0125814,,,0.0,0.0,0.0,0.0,14661.814044539711,-14587.514044539712,356.9366955489805,West,True
7203,1619473631.4,98.12640270065046,-0.02126391786572829,26.0,,,-86.6185942,36.0125628,,,0.0,0.0,0.0,0.0,14664.584850517385,-14590.284850517386,357.0150613682937,West,True
7204,1619473631.5,98.18031157883138,-0.027245914983457267,26.0,,,-86.6185735,36.012544500000004,,,0.0,0.0,0.0,0.0,14667.342957799408,-14593.04295779941,356.9678598382305,West,True
7205,1619473631.6,98.12744929095228,-0.03418712181074762,26.0,,,-86.6185529,36.012526,,,0.0,0.0,0.0,0.0,14670.111485772852,-14595.811485772852,356.9678414219958,West,True
7206,1619473631.7,98.07458700307318,-0.04258265154068293,26.0,,,-86.6185323,36.0125075,,,0.0,0.0,0.0,0.0,14672.880014037328,-14598.580014037329,357.0005431118267,West,True
7207,1619473631.8,98.06771862387085,-0.052921717261396314,26.0,,,-86.61851170000001,36.012489200000005,,,0.0,0.0,0.0,0.0,14675.632058551999,-14601.332058552,356.9987069632067,West,True
7208,1619473631.9,98.08787557185455,-0.0656676718889166,26.0,,,-86.618491,36.0124708,,,0.0,0.0,0.0,0.0,14678.39838089126,-14604.09838089126,357.0059075003313,West,True
7209,1619473632.0,98.10071661008118,-0.08122749169279617,25.646685988745904,,,-86.61847025,36.0124524,,,0.0,0.0,0.0,0.0,14681.167732332471,-14606.867732332472,357.0058891842562,West,True
7210,1619473632.1,98.1135576483078,-0.09992631109515676,25.29337197749181,,,-86.6184495,36.012434000000006,,,0.0,0.0,0.0,0.0,14683.937084066702,-14609.637084066702,356.96942497519865,West,True
7211,1619473632.2,98.1517788241539,-0.1219757872396281,25.146685988745904,,,-86.61842899999999,36.012415600000004,,,0.0,0.0,0.0,0.0,14686.691332160948,-14612.391332160949,356.96940665582963,West,True
7212,1619473632.3,98.19,-0.14745121891280877,25.0,,,-86.6184085,36.0123972,,,0.0,0.0,0.0,0.0,14689.44558054248,-14615.145580542481,356.99861563592333,West,True
7213,1619473632.4,98.1,-0.17626945087421744,25.0,,,-86.61838780000001,36.01237879999999,,,0.0,0.0,0.0,0.0,14692.211904344014,-14617.911904344015,356.96769382599274,West,True
7214,1619473632.5,98.09957815654604,-0.20818014828894052,25.0,,,-86.61836720000001,36.0123603,,,0.0,0.0,0.0,0.0,14694.98043492358,-14620.68043492358,356.9822970894605,West,True
7215,1619473632.6,97.9502424468482,-0.24276426839392162,25.0,,,-86.6183465,36.012341799999994,,,0.0,0.0,0.0,0.0,14697.754993435688,-14623.45499343569,356.98577350672656,West,True
7216,1619473632.7,98.01858141695912,-0.27944778986554564,25.0,,,-86.618326,36.0123235,,,0.0,0.0,0.0,0.0,14700.500992977935,-14626.200992977936,356.99128856460067,West,True
7217,1619473632.8,97.93157249838325,-0.3175249816288799,24.646533541430937,,,-86.61830535,36.012305100000006,,,0.0,0.0,0.0,0.0,14703.264293131053,-14628.964293131054,356.99127024528275,West,True
7218,1619473632.9,97.84456357980736,-0.3561935122661501,24.293067082861874,,,-86.6182847,36.012286700000004,,,0.0,0.0,0.0,0.0,14706.027593576173,-14631.727593576174,357.00215994171714,West,True
7219,1619473633.0,97.74089917382624,-0.3945959995859832,24.0,,,-86.6182642,36.0122685,,,0.0,0.0,0.0,0.0,14708.765364293913,-14634.465364293914,357.0057072840183,West,True
7220,1619473633.1,97.64288283498026,-0.43186517616104003,24.0,,,-86.61824345,36.0122501,,,0.0,0.0,0.0,0.0,14711.534718962575,-14637.234718962576,357.00568896440376,West,True
7221,1619473633.2,97.54486649613428,-0.46716885394594604,24.0,,,-86.6182227,36.0122317,,,0.0,0.0,0.0,0.0,14714.304073924563,-14640.004073924563,357.0065927520208,West,True
7222,1619473633.3,97.38361345535569,-0.4997489221889214,24.0,,,-86.618202,36.012213349999996,,,0.0,0.0,0.0,0.0,14717.066290880053,-14642.766290880054,357.0065744823857,West,True
7223,1619473633.4,97.22236041457708,-0.5289539784516086,24.0,,,-86.6181813,36.012195,,,0.0,0.0,0.0,0.0,14719.828508126247,-14645.528508126248,356.95274448181476,West,True
7224,1619473633.5,97.13110052861413,-0.5542593185608602,24.0,,,-86.6181608,36.0121765,,,0.0,0.0,0.0,0.0,14722.591030070633,-14648.291030070633,356.98472834371023,West,True
7225,1619473633.6,96.98360655513832,-0.5752784800993234,23.646398868552573,,,-86.61814025000001,36.012158150000005,,,0.0,0.0,0.0,0.0,14725.34417194344,-14651.04417194344,356.98471007723,West,True
7226,1619473633.7,96.83611258166252,-0.5917608788680131,23.292797737105143,,,-86.61811970000001,36.0121398,,,0.0,0.0,0.0,0.0,14728.097314106568,-14653.797314106569,357.04316063780624,West,True
7227,1619473633.8,96.6090804662372,-0.6035841049856427,23.0,,,-86.6180988,36.0121215,,,0.0,0.0,0.0,0.0,14730.867603308812,-14656.567603308813,356.9674354652718,West,True
7228,1619473633.9,96.49115358643458,-0.6107358752448709,23.0,,,-86.6180782,36.012103,,,0.0,0.0,0.0,0.0,14733.636137936079,-14659.33613793608,357.030891573495,West,True
7229,1619473634.0,96.41537957708704,-0.6132971211506142,23.0,,,-86.61805749999999,36.0120848,,,0.0,0.0,0.0,0.0,14736.386059113873,-14662.086059113873,356.9855166809133,West,True
7230,1619473634.1,96.21252514838244,-0.6114200919659412,23.0,,,-86.618037,36.0120665,,,0.0,0.0,0.0,0.0,14739.132062691937,-14664.832062691938,357.0145709634344,West,True
7231,1619473634.2,96.12253234004294,-0.6053140321695369,23.0,,,-86.6180163,36.0120482,,,0.0,0.0,0.0,0.0,14741.890177887839,-14667.59017788784,356.9724398760933,West,True
7232,1619473634.3,95.98160927226124,-0.5952294817283077,23.0,,,-86.61799599999999,36.01203,,,0.0,0.0,0.0,0.0,14744.615869369265,-14670.315869369266,357.0145348764445,West,True
7233,1619473634.4,95.9108612470836,-0.581453605215432,23.0,,,-86.6179753,36.0120117,,,0.0,0.0,0.0,0.0,14747.373985146278,-14673.073985146279,357.0018864843519,West,True
7234,1619473634.5,95.78581397253542,-0.5643039285595935,23.0,,,-86.61795479999999,36.0119935,,,0.0,0.0,0.0,0.0,14750.111760195812,-14675.811760195813,356.9854254141044,West,True
7235,1619473634.6,95.6550989395731,-0.5441326397018871,23.0,,,-86.6179343,36.0119752,,,0.0,0.0,0.0,0.0,14752.857765208499,-14678.5577652085,356.93915891547493,West,True
7236,1619473634.7,95.4726929664673,-0.5213256090060762,23.0,,,-86.617914,36.0119568,,,0.0,0.0,0.0,0.0,14755.600010091443,-14681.300010091443,356.9557443310498,West,True
7237,1619473634.8,95.38034753514476,-0.49630895373080164,22.79385002542792,,,-86.61789370000001,36.0119385,,,0.0,0.0,0.0,0.0,14758.33396903792,-14684.03396903792,356.9871444757213,West,True
7238,1619473634.9,95.2664179146785,-0.4695454709232052,22.29313374606941,,,-86.6178733,36.0119203,,,0.0,0.0,0.0,0.0,14761.06569560459,-14686.76569560459,356.98891719998716,West,True
7239,1619473635.0,95.15729480846304,-0.4415357216153285,22.0,,,-86.617853,36.01190220000001,,,0.0,0.0,0.0,0.0,14763.783143379833,-14689.483143379834,356.95733367128366,West,True
7240,1619473635.1,95.12179380940776,-0.41280576525392587,22.0,,,-86.6178328,36.011884,,,0.0,0.0,0.0,0.0,14766.502820101938,-14692.202820101938,356.9556714676026,West,True
7241,1619473635.2,95.0124854311835,-0.38389916327382506,22.0,,,-86.6178125,36.0118657,,,0.0,0.0,0.0,0.0,14769.236780175464,-14694.936780175465,356.9606348838064,West,True
7242,1619473635.3,94.95212052137887,-0.3553557180586752,22.0,,,-86.61779250000001,36.011847700000004,,,0.0,0.0,0.0,0.0,14771.92789191362,-14697.62789191362,357.00172491839663,West,True
7243,1619473635.4,94.86537572094056,-0.32769732976943466,22.0,,,-86.617772,36.0118295,,,0.0,0.0,0.0,0.0,14774.665669547401,-14700.365669547402,356.92689185070316,West,True
7244,1619473635.5,94.80992062544212,-0.3014036183727934,22.0,,,-86.617752,36.0118113,,,0.0,0.0,0.0,0.0,14777.373362844304,-14703.073362844305,356.96728869609615,West,True
7245,1619473635.6,94.77269725690138,-0.2768993900954622,22.0,,,-86.6177319,36.01179325,,,0.0,0.0,0.0,0.0,14780.07462457396,-14705.77462457396,356.9672707290389,West,True
7246,1619473635.7,94.73547388836064,-0.25453572648418765,22.0,,,-86.6177118,36.0117752,,,0.0,0.0,0.0,0.0,14782.775886580093,-14708.475886580094,356.9756381049711,West,True
7247,1619473635.8,94.65788332033108,-0.23458687630562247,22.0,,,-86.6176917,36.011757200000005,,,0.0,0.0,0.0,0.0,14785.473020475554,-14711.173020475555,356.9605266582479,West,True
7248,1619473635.9,94.64710532370128,-0.21724290677838132,22.0,,,-86.6176717,36.01173920000001,,,0.0,0.0,0.0,0.0,14788.164133868868,-14713.864133868869,356.9622027447152,West,True
7249,1619473636.0,94.66494313852483,-0.20261900910494246,22.0,,,-86.61765179999999,36.0117213,,,0.0,0.0,0.0,0.0,14790.840965063826,-14716.540965063827,356.9604909127813,West,True
7250,1619473636.1,94.63106661886508,-0.19075965622186442,22.0,,,-86.6176318,36.0117033,,,0.0,0.0,0.0,0.0,14793.53207900479,-14719.23207900479,356.9941832369227,West,True
7251,1619473636.2,94.48823274792534,-0.18165660951297685,22.0,,,-86.6176118,36.0116855,,,0.0,0.0,0.0,0.0,14796.206694349694,-14721.906694349695,356.9621491099472,West,True
7252,1619473636.3,94.46224636464369,-0.17525862457997687,21.89754541799828,,,-86.61759190000001,36.0116676,,,0.0,0.0,0.0,0.0,14798.883526357966,-14724.583526357967,356.9621312923923,West,True
7253,1619473636.4,94.43625998136204,-0.1714901011654648,21.79509083599656,,,-86.617572,36.01164970000001,,,0.0,0.0,0.0,0.0,14801.560358638873,-14727.260358638874,357.0109864541309,West,True
7254,1619473636.5,94.4612406923374,-0.170258349579137,21.29473832385547,,,-86.617552,36.011632,,,0.0,0.0,0.0,0.0,14804.226756646663,-14729.926756646664,356.9638067421039,West,True
7255,1619473636.6,94.4302257598736,-0.1714653169008273,21.0,,,-86.6175322,36.011614200000004,,,0.0,0.0,0.0,0.0,14806.889307193214,-14732.589307193215,356.96207783434573,West,True
7256,1619473636.7,94.3427758769786,-0.17500704142750703,21.0,,,-86.6175123,36.0115963,,,0.0,0.0,0.0,0.0,14809.566140284644,-14735.266140284644,356.92972118794444,West,True
7257,1619473636.8,94.3322194336196,-0.18077529310424884,21.0,,,-86.61749250000001,36.0115783,,,0.0,0.0,0.0,0.0,14812.245264538067,-14737.945264538068,356.9978058634948,West,True
7258,1619473636.9,94.2417451002104,-0.18864875188858393,21.0,,,-86.61747270000001,36.011560700000004,,,0.0,0.0,0.0,0.0,14814.891325837109,-14740.59132583711,356.9771861019709,West,True
7259,1619473637.0,94.268570609952,-0.19848654126278273,21.0,,,-86.6174527,36.011542799999994,,,0.0,0.0,0.0,0.0,14817.574182440914,-14743.274182440915,356.9789471541019,West,True
7260,1619473637.1,94.19652966297636,-0.21011469292015444,21.0,,,-86.6174328,36.011525,,,0.0,0.0,0.0,0.0,14820.242758953342,-14745.942758953342,356.9637000683282,West,True
7261,1619473637.2,94.1118992670995,-0.223316797811458,21.0,,,-86.617413,36.011507200000004,,,0.0,0.0,0.0,0.0,14822.905311116843,-14748.605311116844,356.98070866185594,West,True
7262,1619473637.3,94.06354080195672,-0.23782099723571642,21.0,,,-86.61739320000001,36.0114895,,,0.0,0.0,0.0,0.0,14825.559608037538,-14751.259608037539,356.97889417306226,West,True
7263,1619473637.4,94.06496267074677,-0.253293879091619,21.0,,,-86.6173733,36.0114717,,,0.0,0.0,0.0,0.0,14828.22818536318,-14753.92818536318,356.9806733318502,West,True
7264,1619473637.5,94.01934175062858,-0.2693331146926059,21.0,,,-86.61735350000001,36.011454,,,0.0,0.0,0.0,0.0,14830.882482822006,-14756.582482822007,356.96277130665294,West,True
7265,1619473637.6,93.94994991859447,-0.2854701276236553,21.0,,,-86.61733365,36.011436149999994,,,0.0,0.0,0.0,0.0,14833.552177176414,-14759.252177176415,356.9627535419419,West,True
7266,1619473637.7,93.88055808656036,-0.30117238895620857,21.0,,,-86.61731379999999,36.011418299999995,,,0.0,0.0,0.0,0.0,14836.221871801472,-14761.921871801473,356.99764772692384,West,True
7267,1619473637.8,93.7080543485192,-0.3158585605569346,21.0,,,-86.617294,36.0114007,,,0.0,0.0,0.0,0.0,14838.867935532588,-14764.567935532588,356.980602763098,West,True
7268,1619473637.9,93.66061713113922,-0.32891211640766393,21.0,,,-86.61727420000001,36.011383,,,0.0,0.0,0.0,0.0,14841.52223406768,-14767.22223406768,356.9481738788874,West,True
7269,1619473638.0,93.61223040857335,-0.33970905048155575,21.0,,,-86.6172545,36.0113652,,,0.0,0.0,0.0,0.0,14844.178780531738,-14769.878780531739,356.9900082343142,West,True
7270,1619473638.1,93.49365367514011,-0.3476404201765707,21.0,,,-86.61723475,36.0113476,,,0.0,0.0,0.0,0.0,14846.821820287063,-14772.521820287064,356.98999071154964,West,True
7271,1619473638.2,93.37507694170688,-0.35214754619038724,21.0,,,-86.617215,36.01133,,,0.0,0.0,0.0,0.0,14849.464860308106,-14775.164860308107,356.9481206341735,West,True
7272,1619473638.3,93.28055138719246,-0.3527464039503864,21.0,,,-86.61719529999999,36.011312200000006,,,0.0,0.0,0.0,0.0,14852.121407566216,-14777.821407566216,356.9805149263779,West,True
7273,1619473638.4,93.18022783769136,-0.3490608659699582,21.0,,,-86.6171755,36.0112945,,,0.0,0.0,0.0,0.0,14854.775707443432,-14780.475707443433,356.96519855554516,West,True
7274,1619473638.5,93.0048789354106,-0.3408395863428778,21.0,,,-86.61715579999999,36.0112768,,,0.0,0.0,0.0,0.0,14857.42398100456,-14783.12398100456,356.9514024724497,West,True
7275,1619473638.6,92.91241267704338,-0.32797750705841644,20.79485435873943,,,-86.6171363,36.0112592,,,0.0,0.0,0.0,0.0,14860.051961369274,-14785.751961369275,356.9804624249677,West,True
7276,1619473638.7,92.83700531270388,-0.3105184868504589,20.294473792208287,,,-86.61711650000001,36.0112415,,,0.0,0.0,0.0,0.0,14862.70626204931,-14788.406262049311,356.9340783400672,West,True
7277,1619473638.8,92.72073799190342,-0.28866014115310007,20.0,,,-86.617097,36.0112238,,,0.0,0.0,0.0,0.0,14865.3425339584,-14791.0425339584,356.96339955995666,West,True
7278,1619473638.9,92.59308763172491,-0.2627420876440395,20.0,,,-86.6170772,36.011206,,,0.0,0.0,0.0,0.0,14868.005090674113,-14793.705090674113,356.93404282869216,West,True
7279,1619473639.0,92.5339132645375,-0.23323632592972243,20.0,,,-86.6170577,36.0111883,,,0.0,0.0,0.0,0.0,14870.641363108456,-14796.341363108457,356.99932289956956,West,True
7280,1619473639.1,92.46427094438114,-0.20072716154184872,20.0,,,-86.617038,36.011170799999995,,,0.0,0.0,0.0,0.0,14873.273152718992,-14798.973152718992,356.91671875059006,West,True
7281,1619473639.2,92.49857916288784,-0.16589360714145862,20.0,,,-86.6170185,36.011153,,,0.0,0.0,0.0,0.0,14875.917737450729,-14801.61773745073,356.9685689920096,West,True
7282,1619473639.3,92.52197838777064,-0.1294882212937336,20.0,,,-86.61699899999999,36.011135499999995,,,0.0,0.0,0.0,0.0,14878.537449596952,-14804.237449596953,356.9339721754874,West,True
7283,1619473639.4,92.50187357132778,-0.0923164588530565,20.0,,,-86.6169795,36.011117799999994,,,0.0,0.0,0.0,0.0,14881.173723074926,-14806.873723074927,356.916665596708,West,True
7284,1619473639.5,92.468246978977,-0.05521739657196894,20.0,,,-86.61695999999999,36.0111,,,0.0,0.0,0.0,0.0,14883.818308589618,-14809.518308589619,356.95635978843256,West,True
7285,1619473639.6,92.45563848460468,-0.01903985467847684,20.0,,,-86.6169408,36.0110827,,,0.0,0.0,0.0,0.0,14886.403441506802,-14812.103441506802,356.93391959182605,West,True
7286,1619473639.7,92.41661661295048,0.015377116904272653,20.0,,,-86.6169213,36.011065,,,0.0,0.0,0.0,0.0,14889.039715766387,-14814.739715766387,356.96848215679364,West,True
7287,1619473639.8,92.5111828160314,0.04723436074394723,20.0,,,-86.6169018,36.0110475,,,0.0,0.0,0.0,0.0,14891.65942922353,-14817.35942922353,356.93710955465434,West,True
7288,1619473639.9,92.8368364474021,0.07579481093087241,20.0,,,-86.61688249999999,36.01103,,,0.0,0.0,0.0,0.0,14894.267133074822,-14819.967133074822,356.9720312796053,West,True
7289,1619473640.0,92.6453741585762,0.10041953121902619,20.0,,,-86.6168632,36.0110127,,,0.0,0.0,0.0,0.0,14896.858284380993,-14822.558284380993,356.95283306929923,West,True
7290,1619473640.1,92.6353856710246,0.1205894440985666,20.0,,,-86.6168438,36.0109952,,,0.0,0.0,0.0,0.0,14899.471985100572,-14825.171985100573,356.9838514788665,West,True
7291,1619473640.2,92.76851443645432,0.135939546152134,20.0,,,-86.61682420000001,36.0109777,,,0.0,0.0,0.0,0.0,14902.09773015318,-14827.797730153181,356.9211173005886,West,True
7292,1619473640.3,92.82678130519534,0.14627036794125803,20.0,,,-86.616805,36.0109602,,,0.0,0.0,0.0,0.0,14904.69945594122,-14830.39945594122,356.9856697747256,West,True
7293,1619473640.4,92.9073836334244,0.15156780603239878,20.0,,,-86.61678549999999,36.010942799999995,,,0.0,0.0,0.0,0.0,14907.310922066783,-14833.010922066784,356.9719447251491,West,True
7294,1619473640.5,92.92,0.1519935164938058,20.0,,,-86.6167662,36.0109255,,,0.0,0.0,0.0,0.0,14909.902074659472,-14835.602074659473,356.9527459685654,West,True
7295,1619473640.6,92.9503870630045,0.14788086094097552,20.0,,,-86.6167468,36.010908,,,0.0,0.0,0.0,0.0,14912.515776667722,-14838.215776667723,356.94026256327055,West,True
7296,1619473640.7,93.01199052047934,0.13970053302799654,20.0,,,-86.6167277,36.0108907,,,0.0,0.0,0.0,0.0,14915.094912345672,-14840.794912345673,356.9527113976243,West,True
7297,1619473640.8,93.03165679812312,0.1280332494992316,20.0,,,-86.6167083,36.0108732,,,0.0,0.0,0.0,0.0,14917.708614868206,-14843.408614868207,356.9369349051293,West,True
7298,1619473640.9,93.09063311448806,0.11351815318952321,20.0,,,-86.61668900000001,36.0108557,,,0.0,0.0,0.0,0.0,14920.316321273884,-14846.016321273884,356.9526766491548,West,True
7299,1619473641.0,93.10861632225033,0.09681395398176426,20.0,,,-86.6166696,36.0108382,,,0.0,0.0,0.0,0.0,14922.930024314512,-14848.630024314512,356.9526592250999,West,True
7300,1619473641.1,93.12659953001258,0.07854610680983709,20.0,,,-86.6166502,36.010820700000004,,,0.0,0.0,0.0,0.0,14925.543727612907,-14851.243727612908,356.9682399652771,West,True
7301,1619473641.2,93.100211098494,0.05927364368860821,20.0,,,-86.6166307,36.0108032,,,0.0,0.0,0.0,0.0,14928.16344470848,-14853.86344470848,356.96911164433226,West,True
7302,1619473641.3,93.11084339870146,0.039452114172073185,20.0,,,-86.61661125,36.01078575,,,0.0,0.0,0.0,0.0,14930.77602130421,-14856.47602130421,356.9690942774675,West,True
7303,1619473641.4,93.12147569890894,0.01942082575110108,20.0,,,-86.6165918,36.010768299999995,,,0.0,0.0,0.0,0.0,14933.388598160118,-14859.088598160119,356.9368297556392,West,True
7304,1619473641.5,93.14761427660017,-0.0006079173185638276,20.0,,,-86.6165725,36.0107508,,,0.0,0.0,0.0,0.0,14935.996306103625,-14861.696306103626,356.9368123381057,West,True
7305,1619473641.6,93.0929362969666,-0.020535128719908594,20.0,,,-86.6165532,36.0107333,,,0.0,0.0,0.0,0.0,14938.604014304532,-14864.304014304533,356.96815330788405,West,True
7306,1619473641.7,93.00327180769662,-0.04035952078070009,20.0,,,-86.6165337,36.0107158,,,0.0,0.0,0.0,0.0,14941.223732701494,-14866.923732701494,356.9351562308352,West,True
7307,1619473641.8,92.99158048312034,-0.06014207114535893,20.0,,,-86.61651429999999,36.0106982,,,0.0,0.0,0.0,0.0,14943.84572681488,-14869.54572681488,357.0007638577834,West,True
7308,1619473641.9,92.9907548075114,-0.07997404853915524,20.0,,,-86.6164947,36.0106808,,,0.0,0.0,0.0,0.0,14946.463246450967,-14872.163246450968,356.95080851324616,West,True
7309,1619473642.0,92.96803260177975,-0.09993313505567313,20.0,,,-86.6164752,36.0106632,,,0.0,0.0,0.0,0.0,14949.091235667083,-14874.791235667084,356.93836252387945,West,True
7310,1619473642.1,92.95960969258726,-0.12005117419445564,20.0,,,-86.616456,36.0106458,,,0.0,0.0,0.0,0.0,14951.684659932424,-14877.384659932424,356.9680664728382,West,True
7311,1619473642.2,92.94836396426548,-0.1402784374693536,20.0,,,-86.6164365,36.0106283,,,0.0,0.0,0.0,0.0,14954.304379632847,-14880.004379632848,356.8842782917319,West,True
7312,1619473642.3,92.88591254978084,-0.1604668846645523,20.0,,,-86.6164172,36.0106105,,,0.0,0.0,0.0,0.0,14956.937075874566,-14882.637075874567,356.95587293414985,West,True
7313,1619473642.4,92.87278057075262,-0.1803557630469277,19.79666959435593,,,-86.616398,36.0105932,,,0.0,0.0,0.0,0.0,14959.522215955636,-14885.222215955637,356.96450316210456,West,True
7314,1619473642.5,92.80731838145968,-0.19957956975177166,19.29614213294892,,,-86.6163783,36.0105755,,,0.0,0.0,0.0,0.0,14962.170500064276,-14887.870500064277,356.93663705687476,West,True
7315,1619473642.6,92.7119970379468,-0.21767942912494584,19.0,,,-86.616359,36.010558,,,0.0,0.0,0.0,0.0,14964.778210834216,-14890.478210834217,356.9558207314603,West,True
7316,1619473642.7,92.61522917655998,-0.23413481402616731,19.0,,,-86.61633979999999,36.0105407,,,0.0,0.0,0.0,0.0,14967.363351685068,-14893.063351685068,356.94899288680875,West,True
7317,1619473642.8,92.55010978732678,-0.2483948794459804,19.0,,,-86.6163202,36.010523,,,0.0,0.0,0.0,0.0,14970.005626780568,-14895.70562678057,356.98711128342865,West,True
7318,1619473642.9,92.40168916287509,-0.2599237209479657,19.0,,,-86.61630079999999,36.0105057,,,0.0,0.0,0.0,0.0,14972.602820201955,-14898.302820201956,356.9679278226517,West,True
7319,1619473643.0,92.38084789742126,-0.2682384044840009,19.0,,,-86.6162813,36.010488200000005,,,0.0,0.0,0.0,0.0,14975.222541989406,-14900.922541989406,356.96791040388933,West,True
7320,1619473643.1,92.31998925592744,-0.27295275138542263,19.0,,,-86.6162618,36.010470700000006,,,0.0,0.0,0.0,0.0,14977.842264037548,-14903.54226403755,356.95400438203245,West,True
7321,1619473643.2,92.16921631024724,-0.2738067930078507,19.0,,,-86.6162425,36.0104533,,,0.0,0.0,0.0,0.0,14980.441689363981,-14906.141689363982,356.9678757394253,West,True
7322,1619473643.3,92.11975207504366,-0.27069500345734326,19.0,,,-86.616223,36.0104358,,,0.0,0.0,0.0,0.0,14983.061411932018,-14908.761411932019,356.93649688867754,West,True
7323,1619473643.4,92.00575503310242,-0.2636753948613397,19.0,,,-86.6162037,36.0104183,,,0.0,0.0,0.0,0.0,14985.669124751383,-14911.369124751383,356.95224087497724,West,True
7324,1619473643.5,91.84860855033106,-0.25297380819010856,19.0,,,-86.6161843,36.0104008,,,0.0,0.0,0.0,0.0,14988.282834255158,-14913.98283425516,357.0024136272978,West,True
7325,1619473643.6,91.72840998445643,-0.23896824701076347,19.0,,,-86.61616479999999,36.0103835,,,0.0,0.0,0.0,0.0,14990.886081231012,-14916.586081231013,356.96780632593345,West,True
7326,1619473643.7,91.67937789802592,-0.22216924185192977,19.0,,,-86.6161453,36.010366,,,0.0,0.0,0.0,0.0,14993.505804839422,-14919.205804839423,356.9695719468977,West,True
7327,1619473643.8,91.68738636302615,-0.2031839443855737,19.0,,,-86.6161259,36.0103486,,,0.0,0.0,0.0,0.0,14996.111247212257,-14921.811247212258,356.9695546237352,West,True
7328,1619473643.9,91.6953948280264,-0.1826810928235421,19.0,,,-86.6161065,36.0103312,,,0.0,0.0,0.0,0.0,14998.716689843048,-14924.416689843049,356.93639174050065,West,True
7329,1619473644.0,91.6626336637346,-0.16134689503333424,19.0,,,-86.6160872,36.010313700000005,,,0.0,0.0,0.0,0.0,15001.324404195244,-14927.024404195245,356.96862624210434,West,True
7330,1619473644.1,91.65100925881458,-0.13984858481584467,19.0,,,-86.61606775,36.010296249999996,,,0.0,0.0,0.0,0.0,15003.936988065972,-14929.636988065973,356.96860887147227,West,True
7331,1619473644.2,91.63938485389458,-0.11879697641880022,19.0,,,-86.6160483,36.010278799999995,,,0.0,0.0,0.0,0.0,15006.549572195436,-14932.249572195436,356.9712869140102,West,True
7332,1619473644.3,91.72721110668502,-0.09872221563720625,19.0,,,-86.616029,36.0102615,,,0.0,0.0,0.0,0.0,15009.14073458534,-14934.840734585341,356.9555247455532,West,True
7333,1619473644.4,91.76409854423292,-0.08005418789541503,19.0,,,-86.6160098,36.0102442,,,0.0,0.0,0.0,0.0,15011.725879774027,-14937.425879774028,356.98872745092353,West,True
7334,1619473644.5,91.72644340379485,-0.06311742682447491,19.0,,,-86.61599050000001,36.010227,,,0.0,0.0,0.0,0.0,15014.308798335489,-14940.00879833549,356.9362870433084,West,True
7335,1619473644.6,91.76702433288104,-0.04813171621043198,19.0,,,-86.6159712,36.010209499999995,,,0.0,0.0,0.0,0.0,15016.916514215827,-14942.616514215828,357.00418697372214,West,True
7336,1619473644.7,91.8,-0.035223489541810926,19.0,,,-86.61595179999999,36.01019229999999,,,0.0,0.0,0.0,0.0,15019.505487180108,-14945.205487180108,356.93954578966355,West,True
7337,1619473644.8,91.79204440889976,-0.024439753431824217,19.0,,,-86.6159327,36.010175,,,0.0,0.0,0.0,0.0,15022.084633246202,-14947.784633246203,356.9730041654494,West,True
7338,1619473644.9,91.77882389913852,-0.015766186880184455,19.0,,,-86.6159135,36.010157799999995,,,0.0,0.0,0.0,0.0,15024.661516114153,-14950.361516114153,357.00611797342384,West,True
7339,1619473645.0,91.77118216824914,-0.00914322445513134,19.0,,,-86.6158942,36.0101407,,,0.0,0.0,0.0,0.0,15027.236213243717,-14952.936213243718,357.0291484913865,West,True
7340,1619473645.1,91.81217489358782,-0.004480479591675373,19.0,,,-86.61587474999999,36.0101236,,,0.0,0.0,0.0,0.0,15029.82002679413,-14955.52002679413,357.02913146323925,West,True
7341,1619473645.2,91.8531676189265,-0.0016665100791083043,19.0,,,-86.61585529999999,36.0101065,,,0.0,0.0,0.0,0.0,15032.403840600628,-14958.103840600628,356.97111469570166,West,True
7342,1619473645.3,91.90056713785688,-0.0005747420218558326,19.0,,,-86.615836,36.0100892,,,0.0,0.0,0.0,0.0,15034.995005531695,-14960.695005531696,357.00805223552936,West,True
7343,1619473645.4,91.92587870672946,-0.0010653917606314811,19.0,,,-86.61581679999999,36.0100722,,,0.0,0.0,0.0,0.0,15037.555427354579,-14963.25542735458,356.9536050166016,West,True
7344,1619473645.5,91.91599291012318,-0.0029852515502620325,19.0,,,-86.6157975,36.01005479999999,,,0.0,0.0,0.0,0.0,15040.15485854131,-14965.85485854131,357.0234927587287,West,True
7345,1619473645.6,91.96462806710404,-0.006166136978756511,19.0,,,-86.6157782,36.0100378,,,0.0,0.0,0.0,0.0,15042.721356325614,-14968.421356325614,357.0366511467571,West,True
7346,1619473645.7,92.02,-0.010424594431357771,19.0,,,-86.6157587,36.010020700000005,,,0.0,0.0,0.0,0.0,15045.308218647351,-14971.008218647352,357.00399941595816,West,True
7347,1619473645.8,91.97,-0.0155622262974416,19.0,,,-86.61573929999999,36.0100035,,,0.0,0.0,0.0,0.0,15047.8971944284,-14973.597194428401,357.05391628601416,West,True
7348,1619473645.9,91.96729569882794,-0.02136968110767098,19.0,,,-86.6157198,36.0099865,,,0.0,0.0,0.0,0.0,15050.475895079386,-14976.175895079386,356.97099378762084,West,True
7349,1619473646.0,91.94816635667787,-0.027630630167062555,19.0,,,-86.6157005,36.0099692,,,0.0,0.0,0.0,0.0,15053.067061780863,-14978.767061780864,357.02340769729847,West,True
7350,1619473646.1,91.8902109365837,-0.03412970547005678,19.0,,,-86.6156812,36.00995220000001,,,0.0,0.0,0.0,0.0,15055.633560840197,-14981.333560840198,357.05386585669373,West,True
7351,1619473646.2,91.81642936932316,-0.04065757889786252,19.0,,,-86.6156617,36.0099352,,,0.0,0.0,0.0,0.0,15058.212262267534,-14983.912262267535,356.95175419301125,West,True
7352,1619473646.3,91.80655313850436,-0.04701917217061356,19.0,,,-86.61564229999999,36.0099177,,,0.0,0.0,0.0,0.0,15060.825978911475,-14986.525978911475,357.00990520605046,West,True
7353,1619473646.4,91.81128955529736,-0.05303605279322595,19.0,,,-86.6156232,36.0099008,,,0.0,0.0,0.0,0.0,15063.372127217706,-14989.072127217707,356.9517196191345,West,True
7354,1619473646.5,91.80604637202671,-0.05855180259109767,19.0,,,-86.61560379999999,36.0098833,,,0.0,0.0,0.0,0.0,15065.985844370012,-14991.685844370013,357.00584479757606,West,True
7355,1619473646.6,91.8298038121804,-0.06343043450075225,19.0,,,-86.6155845,36.0098662,,,0.0,0.0,0.0,0.0,15068.56054557501,-14994.26054557501,356.93755903257977,West,True
7356,1619473646.7,91.75060986195504,-0.06755907264652823,19.0,,,-86.6155653,36.00984879999999,,,0.0,0.0,0.0,0.0,15071.153981467156,-14996.853981467157,356.9745162023296,West,True
7357,1619473646.8,91.75,-0.0708445300167207,19.0,,,-86.61554620000001,36.00983170000001,,,0.0,0.0,0.0,0.0,15073.716588279705,-14999.416588279706,356.93752448354365,West,True
7358,1619473646.9,91.68547077713552,-0.07321593149132835,19.0,,,-86.615527,36.009814299999995,,,0.0,0.0,0.0,0.0,15076.31002467658,-15002.010024676581,356.97082174998116,West,True
7359,1619473647.0,91.7173230286132,-0.07462257862366267,19.0,,,-86.61550770000001,36.009797,,,0.0,0.0,0.0,0.0,15078.90119391859,-15004.60119391859,356.98638999653116,West,True
7360,1619473647.1,91.69657154534308,-0.07503845038448981,19.0,,,-86.6154883,36.0097797,,,0.0,0.0,0.0,0.0,15081.498398137112,-15007.198398137112,356.95678744412095,West,True
7361,1619473647.2,91.70939386503068,-0.07446218782848407,19.0,,,-86.6154692,36.0097625,,,0.0,0.0,0.0,0.0,15084.069267338255,-15009.769267338255,356.98635581669504,West,True
7362,1619473647.3,91.6012724879333,-0.0729223955851048,19.0,,,-86.61544980000001,36.009745200000005,,,0.0,0.0,0.0,0.0,15086.666472069,-15012.366472069001,356.9052625462951,West,True
7363,1619473647.4,91.52648813534292,-0.07047734505406392,19.0,,,-86.6154308,36.0097278,,,0.0,0.0,0.0,0.0,15089.247965259778,-15014.947965259778,357.0056922045981,West,True
7364,1619473647.5,91.53100201063155,-0.06721773792684183,19.0,,,-86.6154115,36.0097107,,,0.0,0.0,0.0,0.0,15091.822668774457,-15017.522668774458,356.95324128526835,West,True
7365,1619473647.6,91.51550053821312,-0.06326266377850491,19.0,,,-86.6153922,36.009693299999995,,,0.0,0.0,0.0,0.0,15094.422105276984,-15020.122105276985,356.94240520851275,West,True
7366,1619473647.7,91.49264405285534,-0.05875720087047541,19.0,,,-86.6153733,36.0096762,,,0.0,0.0,0.0,0.0,15096.972688950491,-15022.672688950492,356.9566843578865,West,True
7367,1619473647.8,91.45342760974242,-0.053863224479096763,19.0,,,-86.6153542,36.009659,,,0.0,0.0,0.0,0.0,15099.543559659784,-15025.243559659784,356.9862537269937,West,True
7368,1619473647.9,91.41023818030249,-0.04875228718378569,19.0,,,-86.6153348,36.0096417,,,0.0,0.0,0.0,0.0,15102.140765929778,-15027.840765929779,356.92132973816706,West,True
7369,1619473648.0,91.40819632909908,-0.043593193336096965,19.0,,,-86.6153157,36.0096243,,,0.0,0.0,0.0,0.0,15104.728224109696,-15030.428224109697,356.9900234932605,West,True
7370,1619473648.1,91.4255397950397,-0.03854339111253198,19.0,,,-86.6152965,36.009607200000005,,,0.0,0.0,0.0,0.0,15107.296873051908,-15032.996873051909,356.94062813747274,West,True
7371,1619473648.2,91.40875458352724,-0.03373713354739706,19.0,,,-86.6152775,36.00959,,,0.0,0.0,0.0,0.0,15109.861742691823,-15035.561742691823,356.9705991193785,West,True
7372,1619473648.3,91.42381553210832,-0.029279083406977883,19.0,,,-86.6152582,36.0095727,,,0.0,0.0,0.0,0.0,15112.452915244445,-15038.152915244445,356.90508789445215,West,True
7373,1619473648.4,91.3569204439565,-0.02523635404648745,19.0,,,-86.6152392,36.009555299999995,,,0.0,0.0,0.0,0.0,15115.034410910066,-15040.734410910067,356.97608478849526,West,True
7374,1619473648.5,91.343999488108,-0.021636397127771184,19.0,,,-86.61522020000001,36.0095383,,,0.0,0.0,0.0,0.0,15117.582741385488,-15043.282741385488,356.9861347692316,West,True
7375,1619473648.6,91.30931017763066,-0.018464429810605778,19.0,,,-86.6152008,36.009521,,,0.0,0.0,0.0,0.0,15120.179949451971,-15045.879949451972,356.9227884433668,West,True
7376,1619473648.7,91.26485516830282,-0.01566574591180763,19.0,,,-86.6151818,36.0095037,,,0.0,0.0,0.0,0.0,15122.75312249971,-15048.45312249971,356.98799286954187,West,True
7377,1619473648.8,91.31264334447548,-0.013148751237070258,19.0,,,-86.6151625,36.0094865,,,0.0,0.0,0.0,0.0,15125.33605202177,-15051.036052021771,356.9405073895498,West,True
7378,1619473648.9,91.27363644937375,-0.010790960554493707,19.0,,,-86.6151435,36.0094693,,,0.0,0.0,0.0,0.0,15127.900923405175,-15053.600923405176,356.9227365134352,West,True
7379,1619473649.0,91.26034933350844,-0.008447575820755506,19.0,,,-86.6151245,36.009452,,,0.0,0.0,0.0,0.0,15130.47409719815,-15056.17409719815,356.9722834327348,West,True
7380,1619473649.1,91.27618273506026,-0.00596030885951853,19.0,,,-86.6151053,36.0094348,,,0.0,0.0,0.0,0.0,15133.05099068103,-15058.75099068103,356.9227018868291,West,True
7381,1619473649.2,91.22777825879128,-0.0031711475035922313,19.0,,,-86.6150863,36.0094175,,,0.0,0.0,0.0,0.0,15135.624164970483,-15061.324164970483,356.9879081429227,West,True
7382,1619473649.3,91.16870221505197,6.744170306833999e-05,19.0,,,-86.61506700000001,36.0094003,,,0.0,0.0,0.0,0.0,15138.207095766891,-15063.907095766892,356.9581760818366,West,True
7383,1619473649.4,91.14115013692108,0.003875266056028695,19.0,,,-86.615048,36.0093832,,,0.0,0.0,0.0,0.0,15140.763687641178,-15066.463687641179,356.95291506827897,West,True
7384,1619473649.5,91.16845470528362,0.008335781537164277,19.0,,,-86.6150287,36.0093658,,,0.0,0.0,0.0,0.0,15143.363128960897,-15069.063128960897,356.9897690313019,West,True
7385,1619473649.6,91.16954575074666,0.013479144371919181,19.0,,,-86.6150095,36.009348700000004,,,0.0,0.0,0.0,0.0,15145.931781710506,-15071.631781710506,356.9078832748367,West,True
7386,1619473649.7,91.12330535359618,0.019279487003950345,19.0,,,-86.6149907,36.0093315,,,0.0,0.0,0.0,0.0,15148.484703616921,-15074.184703616922,356.94035257810236,West,True
7387,1619473649.8,91.06,0.025643193460940607,19.0,,,-86.61497170000001,36.0093143,,,0.0,0.0,0.0,0.0,15151.04957723927,-15076.74957723927,356.9580907025174,West,True
7388,1619473649.9,91.03410353593712,0.03241596549846376,19.0,,,-86.6149527,36.0092972,,,0.0,0.0,0.0,0.0,15153.606170359832,-15079.306170359832,356.97213022660435,West,True
7389,1619473650.0,91.02659972877582,0.03938004347858151,19.0,,,-86.61493349999999,36.00928,,,0.0,0.0,0.0,0.0,15156.18306611629,-15081.88306611629,356.97211310570117,West,True
7390,1619473650.1,91.07043009866162,0.0462721641686374,19.0,,,-86.6149143,36.009262799999995,,,0.0,0.0,0.0,0.0,15158.759962124415,-15084.459962124416,356.92573992521426,West,True
7391,1619473650.2,91.11213341897596,0.052790113927554685,19.0,,,-86.61489549999999,36.00924570000001,,,0.0,0.0,0.0,0.0,15161.304565609636,-15087.004565609637,356.94026678934364,West,True
7392,1619473650.3,91.1428830626871,0.05861875303637404,19.0,,,-86.61487650000001,36.0092285,,,0.0,0.0,0.0,0.0,15163.869440471084,-15089.569440471085,356.9720622754059,West,True
7393,1619473650.4,91.21234683927528,0.0634425283945311,19.0,,,-86.6148573,36.0092113,,,0.0,0.0,0.0,0.0,15166.446337236172,-15092.146337236172,356.97388520509793,West,True
7394,1619473650.5,91.25537501729148,0.0669736709801643,19.0,,,-86.6148382,36.0091942,,,0.0,0.0,0.0,0.0,15169.00895336413,-15094.70895336413,356.9597562094937,West,True
7395,1619473650.6,91.27389552867103,0.06896490542223548,19.0,,,-86.6148193,36.0091772,,,0.0,0.0,0.0,0.0,15171.551265572649,-15097.25126557265,356.9798615448165,West,True
7396,1619473650.7,91.3225590368107,0.06923299987479402,19.0,,,-86.61480004999999,36.009159999999994,,,0.0,0.0,0.0,0.0,15174.131179355247,-15099.831179355248,356.979844422791,West,True
7397,1619473650.8,91.37122254495038,0.06766565472552047,19.0,,,-86.61478079999999,36.00914279999999,,,0.0,0.0,0.0,0.0,15176.711093389946,-15102.411093389946,356.97567649631,West,True
7398,1619473650.9,91.4369827694856,0.06423486297951668,19.0,,,-86.6147618,36.0091258,,,0.0,0.0,0.0,0.0,15179.259429862512,-15104.959429862512,356.9579026523126,West,True
7399,1619473651.0,91.45699697873891,0.05899368781801799,19.0,,,-86.6147428,36.009108700000006,,,0.0,0.0,0.0,0.0,15181.816025713286,-15107.516025713287,356.93929027696254,West,True
7400,1619473651.1,91.49349848936946,0.05207683325723517,19.0,,,-86.61472375,36.00909145,,,0.0,0.0,0.0,0.0,15184.388045009297,-15110.088045009297,356.9392731072189,West,True
7401,1619473651.2,91.53,0.04368631018635568,19.0,,,-86.6147047,36.0090742,,,0.0,0.0,0.0,0.0,15186.960064553656,-15112.660064553656,356.9719090664898,West,True
7402,1619473651.3,91.57694579562931,0.03408057986982414,19.0,,,-86.6146855,36.009057,,,0.0,0.0,0.0,0.0,15189.536963584116,-15115.236963584117,356.97189194353274,West,True
7403,1619473651.4,91.51,0.02355228191191476,19.0,,,-86.6146663,36.0090398,,,0.0,0.0,0.0,0.0,15192.113862866245,-15117.813862866245,356.9223040164227,West,True
7404,1619473651.5,91.46940479296336,0.012411247064751255,19.0,,,-86.6146473,36.0090225,,,0.0,0.0,0.0,0.0,15194.687042842375,-15120.387042842376,356.92228679845147,West,True
7405,1619473651.6,91.51832842382942,0.0009610619724753026,19.0,,,-86.61462829999999,36.009005200000004,,,0.0,0.0,0.0,0.0,15197.260223068442,-15122.960223068443,357.0224674600652,West,True
7406,1619473651.7,91.51538568730632,-0.010516596071363706,19.0,,,-86.614609,36.008988200000005,,,0.0,0.0,0.0,0.0,15199.826736486342,-15125.526736486343,356.90751856250347,West,True
7407,1619473651.8,91.43720279783312,-0.021778751370974785,19.0,,,-86.6145902,36.008971,,,0.0,0.0,0.0,0.0,15202.379663515749,-15128.07966351575,356.9736471520287,West,True
7408,1619473651.9,91.43126277942807,-0.032629212168132915,19.0,,,-86.6145711,36.008953899999995,,,0.0,0.0,0.0,0.0,15204.942283154815,-15130.642283154815,356.97363013459875,West,True
7409,1619473652.0,91.425322761023,-0.04292350615525995,19.0,,,-86.614552,36.008936799999994,,,0.0,0.0,0.0,0.0,15207.504903043982,-15133.204903043983,356.97269059895655,West,True
7410,1619473652.1,91.4304401484133,-0.05256745555231361,19.0,,,-86.61453285,36.008919649999996,,,0.0,0.0,0.0,0.0,15210.07466360714,-15135.77466360714,356.9726735286434,West,True
7411,1619473652.2,91.4355575358036,-0.0615100273084262,19.0,,,-86.6145137,36.008902500000005,,,0.0,0.0,0.0,0.0,15212.644424420885,-15138.344424420886,356.9541656229074,West,True
7412,1619473652.3,91.4002689256666,-0.06973553367492939,19.0,,,-86.61449449999999,36.0088852,,,0.0,0.0,0.0,0.0,15215.229589499699,-15140.9295894997,356.97172161263137,West,True
7413,1619473652.4,91.37312065497076,-0.07724860640799304,19.0,,,-86.61447530000001,36.008868,,,0.0,0.0,0.0,0.0,15217.806491303263,-15143.506491303264,356.93821457623466,West,True
7414,1619473652.5,91.32628700039665,-0.08406596003690145,19.0,,,-86.6144562,36.0088507,,,0.0,0.0,0.0,0.0,15220.385656594312,-15146.085656594312,356.93987093967655,West,True
7415,1619473652.6,91.27145383572189,-0.09019925480902503,19.0,,,-86.6144372,36.0088335,,,0.0,0.0,0.0,0.0,15222.950537162531,-15148.650537162532,356.95409700577824,West,True
7416,1619473652.7,91.23026648159724,-0.09565177126024749,19.0,,,-86.614418,36.0088162,,,0.0,0.0,0.0,0.0,15225.53570325028,-15151.23570325028,356.9365067512428,West,True
7417,1619473652.8,91.26403335370016,-0.1004036700798058,19.0,,,-86.6143988,36.008798799999994,,,0.0,0.0,0.0,0.0,15228.129154459806,-15153.829154459807,356.92527320218613,West,True
7418,1619473652.9,91.17475941258458,-0.10441631242739113,19.0,,,-86.61438000000001,36.00878170000001,,,0.0,0.0,0.0,0.0,15230.673764558434,-15156.373764558435,356.93647247321474,West,True
7419,1619473653.0,91.09911412446216,-0.10762226931424168,19.0,,,-86.6143608,36.0087643,,,0.0,0.0,0.0,0.0,15233.267216272094,-15158.967216272094,356.9252387956687,West,True
7420,1619473653.1,91.08,-0.10993755632572408,19.0,,,-86.61434200000001,36.0087472,,,0.0,0.0,0.0,0.0,15235.811826863694,-15161.511826863694,356.9042527574759,West,True
7421,1619473653.2,91.0407675711868,-0.111257221775384,19.0,,,-86.614323,36.0087298,,,0.0,0.0,0.0,0.0,15238.393334377493,-15164.093334377494,356.92199287790805,West,True
7422,1619473653.3,91.04455813323705,-0.111474258878884,19.0,,,-86.614304,36.0087125,,,0.0,0.0,0.0,0.0,15240.966518817022,-15166.666518817023,356.9072408157619,West,True
7423,1619473653.4,90.99183729273908,-0.11048047577592143,19.20224685601159,,,-86.61428520000001,36.0086953,,,0.0,0.0,0.0,0.0,15243.519449762829,-15169.21944976283,356.95747566791835,West,True
7424,1619473653.5,90.97016647818914,-0.10818946812590105,19.70245854228657,,,-86.6142662,36.0086782,,,0.0,0.0,0.0,0.0,15246.076051853617,-15171.776051853618,356.8878358878891,West,True
7425,1619473653.6,90.9024570130358,-0.10454066014139414,20.0,,,-86.6142473,36.008660799999994,,,0.0,0.0,0.0,0.0,15248.651614344495,-15174.351614344496,356.9380090116977,West,True
7426,1619473653.7,90.82918660657292,-0.09952172846023669,20.0,,,-86.6142282,36.0086435,,,0.0,0.0,0.0,0.0,15251.230782643308,-15176.930782643309,356.94050895981485,West,True
7427,1619473653.8,90.77291336556196,-0.09317126976718701,20.0,,,-86.61420924999999,36.00862635,,,0.0,0.0,0.0,0.0,15253.788523781306,-15179.488523781307,356.9404918876662,West,True
7428,1619473653.9,90.716640124551,-0.0855944157122208,20.0,,,-86.61419029999999,36.0086092,,,0.0,0.0,0.0,0.0,15256.346265165563,-15182.046265165563,356.90411447605305,West,True
7429,1619473654.0,90.72774171648406,-0.07695838079259537,20.0,,,-86.6141713,36.0085918,,,0.0,0.0,0.0,0.0,15258.927774659034,-15184.627774659035,356.95473040569067,West,True
7430,1619473654.1,90.7359827142118,-0.06749580300771399,20.0,,,-86.61415215,36.00857455,,,0.0,0.0,0.0,0.0,15261.505802695614,-15187.205802695615,356.9547132344639,West,True
7431,1619473654.2,90.74422371193954,-0.05748945048219495,20.0,,,-86.614133,36.0085573,,,0.0,0.0,0.0,0.0,15264.083830984022,-15189.783830984023,356.9250325513478,West,True
7432,1619473654.3,90.68,-0.04726209230184912,20.0,,,-86.6141142,36.0085402,,,0.0,0.0,0.0,0.0,15266.62844452636,-15192.328444526362,356.92340108674523,West,True
7433,1619473654.4,90.71708265309996,-0.03715177490946475,20.0,,,-86.6140953,36.008523,,,0.0,0.0,0.0,0.0,15269.187344918546,-15194.887344918547,356.91602452025245,West,True
7434,1619473654.5,90.72854132654999,-0.027493146679456463,20.0,,,-86.61407650000001,36.008505850000006,,,0.0,0.0,0.0,0.0,15271.73611608315,-15197.43611608315,356.9160074497425,West,True
7435,1619473654.6,90.74,-0.01859021033728435,20.0,,,-86.6140577,36.00848870000001,,,0.0,0.0,0.0,0.0,15274.284887493262,-15199.984887493263,356.8905089708028,West,True
7436,1619473654.7,90.82954141151043,-0.010698486220411972,20.0,,,-86.614039,36.008471500000006,,,0.0,0.0,0.0,0.0,15276.831872402316,-15202.531872402316,356.9713154146634,West,True
7437,1619473654.8,90.86594774895306,-0.0040044818665735255,20.0,,,-86.6140198,36.0084543,,,0.0,0.0,0.0,0.0,15279.408780281916,-15205.108780281917,356.9249300641711,West,True
7438,1619473654.9,90.86370903016106,0.0013819925570029445,20.0,,,-86.614001,36.0084372,,,0.0,0.0,0.0,0.0,15281.953395291903,-15207.653395291904,356.93946075448963,West,True
7439,1619473655.0,90.8626661553492,0.005434920125460143,20.0,,,-86.613982,36.00842,,,0.0,0.0,0.0,0.0,15284.518281832967,-15210.218281832967,356.97496501120247,West,True
7440,1619473655.1,90.84572257949269,0.008205036409263256,20.0,,,-86.613963,36.008403,,,0.0,0.0,0.0,0.0,15287.06662881447,-15212.76662881447,356.93942651243395,West,True
7441,1619473655.2,90.90029042329196,0.009812812109082377,20.0,,,-86.61394399999999,36.00838579999999,,,0.0,0.0,0.0,0.0,15289.631515850127,-15215.331515850128,357.0063845044454,West,True
7442,1619473655.3,90.87017257219712,0.01042884660598014,20.0,,,-86.6139248,36.0083688,,,0.0,0.0,0.0,0.0,15292.191962840201,-15217.891962840202,356.9571527874743,West,True
7443,1619473655.4,90.93725034856556,0.010258208408385532,20.0,,,-86.6139058,36.008351700000006,,,0.0,0.0,0.0,0.0,15294.748569661831,-15220.448569661832,356.90996628178715,West,True
7444,1619473655.5,90.94796173246226,0.009515505795379046,20.0,,,-86.6138872,36.0083347,,,0.0,0.0,0.0,0.0,15297.27292923436,-15222.97292923436,356.97488057404314,West,True
7445,1619473655.6,90.88709861865418,0.008409125493117498,20.0,,,-86.6138682,36.0083177,,,0.0,0.0,0.0,0.0,15299.821277455978,-15225.521277455979,356.9393410855499,West,True
7446,1619473655.7,91.02287180146114,0.007119350705142509,20.0,,,-86.6138492,36.0083005,,,0.0,0.0,0.0,0.0,15302.386165722313,-15228.086165722314,356.9588706871696,West,True
7447,1619473655.8,90.91458834304596,0.005789931900593646,20.0,,,-86.61383029999999,36.008283500000005,,,0.0,0.0,0.0,0.0,15304.928490818107,-15230.628490818108,356.94270814472446,West,True
7448,1619473655.9,91.0478871765425,0.004514998350506459,20.0,,,-86.6138115,36.0082665,,,0.0,0.0,0.0,0.0,15307.464810127412,-15233.164810127413,356.90679232894445,West,True
7449,1619473656.0,90.888347302109,0.0033414046841972944,20.0,,,-86.6137927,36.0082493,,,0.0,0.0,0.0,0.0,15310.01774740952,-15235.71774740952,357.0062511454781,West,True
7450,1619473656.1,90.89,0.0022659230230468582,20.0,,,-86.6137735,36.0082323,,,0.0,0.0,0.0,0.0,15312.578196418797,-15238.278196418798,356.9247070695629,West,True
7451,1619473656.2,90.8973025849528,0.0012473239246727455,20.0,,,-86.6137547,36.0082152,,,0.0,0.0,0.0,0.0,15315.122814593917,-15240.822814593917,356.97106187974634,West,True
7452,1619473656.3,90.92985537038396,0.0002117424320568456,20.0,,,-86.6137355,36.008198,,,0.0,0.0,0.0,0.0,15317.699726234921,-15243.399726234922,356.90672312142044,West,True
7453,1619473656.4,90.96380563688248,-0.0009297735758713591,20.0,,,-86.6137167,36.0081808,,,0.0,0.0,0.0,0.0,15320.25266449173,-15245.952664491731,356.9569663494111,West,True
7454,1619473656.5,90.97216516656506,-0.0022717084174164364,20.0,,,-86.6136977,36.008163700000004,,,0.0,0.0,0.0,0.0,15322.809274036872,-15248.509274036873,356.97101104978225,West,True
7455,1619473656.6,90.98363775237884,-0.0038969399891445006,20.0,,,-86.6136785,36.0081465,,,0.0,0.0,0.0,0.0,15325.386186433967,-15251.086186433968,356.9066712107525,West,True
7456,1619473656.7,91.08417941509366,-0.005867381388868697,20.0,,,-86.61365970000001,36.00812929999999,,,0.0,0.0,0.0,0.0,15327.939125422243,-15253.639125422244,356.95691528646654,West,True
7457,1619473656.8,90.97801576271978,-0.008213472033166847,20.0,,,-86.6136407,36.00811220000001,,,0.0,0.0,0.0,0.0,15330.49573571395,-15256.19573571395,356.97466102173735,West,True
7458,1619473656.9,91.02500233672691,-0.010928719495647563,20.0,,,-86.61362170000001,36.00809520000001,,,0.0,0.0,0.0,0.0,15333.04408717033,-15258.744087170331,356.93911896599576,West,True
7459,1619473657.0,90.97978397865069,-0.013970983620083012,20.0,,,-86.6136027,36.008078000000005,,,0.0,0.0,0.0,0.0,15335.608978651419,-15261.30897865142,356.9391018397,West,True
7460,1619473657.1,90.93497222375008,-0.01726255941328679,20.0,,,-86.6135837,36.0080608,,,0.0,0.0,0.0,0.0,15338.1738703801,-15263.873870380101,356.97461025468834,West,True
7461,1619473657.2,90.97714703518902,-0.02070524856359373,20.0,,,-86.6135647,36.0080438,,,0.0,0.0,0.0,0.0,15340.722222584602,-15266.422222584602,356.94075933925427,West,True
7462,1619473657.3,90.9341860422624,-0.024183836404490525,20.0,,,-86.6135458,36.0080267,,,0.0,0.0,0.0,0.0,15343.272829967062,-15268.972829967062,356.93905057100307,West,True
7463,1619473657.4,90.99701221930538,-0.027591790080292552,20.0,,,-86.61352679999999,36.0080095,,,0.0,0.0,0.0,0.0,15345.837722437596,-15271.537722437597,356.9390334490162,West,True
7464,1619473657.5,90.9420558878522,-0.030831662370461733,20.0,,,-86.6135078,36.0079923,,,0.0,0.0,0.0,0.0,15348.402615155723,-15274.102615155723,356.94241786209284,West,True
7465,1619473657.6,90.9803564309358,-0.03384342982723909,20.0,,,-86.613489,36.0079753,,,0.0,0.0,0.0,0.0,15350.938938628973,-15276.638938628974,356.95676235360327,West,True
7466,1619473657.7,91.0186128673794,-0.03659360029352616,20.0,,,-86.61346999999999,36.007958200000004,,,0.0,0.0,0.0,0.0,15353.49555115292,-15279.195551152921,356.93898226402536,West,True
7467,1619473657.8,90.86677735404182,-0.03909732343849017,20.0,,,-86.613451,36.007940999999995,,,0.0,0.0,0.0,0.0,15356.060444612636,-15281.760444612637,356.9707910496519,West,True
7468,1619473657.9,90.76413727278712,-0.04139157149189148,20.0,,,-86.6134318,36.00792379999999,,,0.0,0.0,0.0,0.0,15358.637360279266,-15284.337360279267,356.95671110954066,West,True
7469,1619473658.0,90.75367819072828,-0.043546966183368827,20.0,,,-86.6134128,36.00790670000001,,,0.0,0.0,0.0,0.0,15361.19397354807,-15286.89397354807,356.9064292591118,West,True
7470,1619473658.1,90.8792372648508,-0.04562860390339554,20.0,,,-86.613394,36.007889500000005,,,0.0,0.0,0.0,0.0,15363.74691594372,-15289.446915943721,356.9389137810822,West,True
7471,1619473658.2,90.8875134736065,-0.04770142620835283,20.0,,,-86.613375,36.0078723,,,0.0,0.0,0.0,0.0,15366.31181039518,-15292.01181039518,356.9883028331473,West,True
7472,1619473658.3,90.81429353062003,-0.049790126538606684,20.0,,,-86.6133558,36.0078552,,,0.0,0.0,0.0,0.0,15368.880485143387,-15294.580485143388,356.95487583758865,West,True
7473,1619473658.4,90.82800102137594,-0.05188715380594244,20.0,,,-86.6133367,36.007838,,,0.0,0.0,0.0,0.0,15371.451382371059,-15297.15138237106,356.92269679325716,West,True
7474,1619473658.5,90.74179791725302,-0.05392495069735735,20.0,,,-86.61331779999999,36.0078208,,,0.0,0.0,0.0,0.0,15374.010292824003,-15299.710292824004,356.92429449244537,West,True
7475,1619473658.6,90.74,-0.05579414767252614,20.0,,,-86.613299,36.007803700000004,,,0.0,0.0,0.0,0.0,15376.554916864308,-15302.254916864309,356.9706554993382,West,True
7476,1619473658.7,90.6967015307512,-0.05733544039870489,20.0,,,-86.6132798,36.0077865,,,0.0,0.0,0.0,0.0,15379.13183454668,-15304.831834546681,356.93881087593996,West,True
7477,1619473658.8,90.70116515262652,-0.058368194640120524,20.0,,,-86.6132608,36.0077693,,,0.0,0.0,0.0,0.0,15381.696730485914,-15307.396730485914,356.990134599719,West,True
7478,1619473658.9,90.65102605377152,-0.05869941950185448,20.0,,,-86.6132417,36.0077523,,,0.0,0.0,0.0,0.0,15384.251128084397,-15309.951128084398,356.94046844248095,West,True
7479,1619473659.0,90.61023243993866,-0.05815512920292172,20.0,,,-86.6132228,36.0077352,,,0.0,0.0,0.0,0.0,15386.801739656537,-15312.501739656538,356.91941461970924,West,True
7480,1619473659.1,90.55046721988784,-0.056596307212890135,20.0,,,-86.6132037,36.007717799999995,,,0.0,0.0,0.0,0.0,15389.389225422807,-15315.089225422807,356.9404342205481,West,True
7481,1619473659.2,90.53143601663368,-0.053942091851757135,20.0,,,-86.6131848,36.0077007,,,0.0,0.0,0.0,0.0,15391.939837490218,-15317.639837490218,356.9742549610379,West,True
7482,1619473659.3,90.53735504701794,-0.05018120509295672,20.0,,,-86.61316579999999,36.00768370000001,,,0.0,0.0,0.0,0.0,15394.488194929327,-15320.188194929327,356.9547055158743,West,True
7483,1619473659.4,90.50979911834769,-0.04537874942929238,20.0,,,-86.6131467,36.0076665,,,0.0,0.0,0.0,0.0,15397.0590946551,-15322.7590946551,356.9582416858121,West,True
7484,1619473659.5,90.4880374625928,-0.03967583788300196,20.0,,,-86.61312779999999,36.0076495,,,0.0,0.0,0.0,0.0,15399.601428893537,-15325.301428893537,356.93867390800654,West,True
7485,1619473659.6,90.48754478484248,-0.03327823937433286,20.0,,,-86.61310879999999,36.0076323,,,0.0,0.0,0.0,0.0,15402.16632681165,-15327.86632681165,356.95642173221614,West,True
7486,1619473659.7,90.45682464454976,-0.026443737546524952,20.0,,,-86.6130898,36.007615200000004,,,0.0,0.0,0.0,0.0,15404.722944305218,-15330.422944305219,356.98998308550546,West,True
7487,1619473659.8,90.41761554562426,-0.019457599525429234,20.0,,,-86.61307070000001,36.007598200000004,,,0.0,0.0,0.0,0.0,15407.277344161457,-15332.977344161458,356.9224558372428,West,True
7488,1619473659.9,90.38699320110328,-0.012613257788077276,20.0,,,-86.6130518,36.007581,,,0.0,0.0,0.0,0.0,15409.836258049814,-15335.536258049815,356.98994941368835,West,True
7489,1619473660.0,90.43172041972758,-0.006184005218054572,20.0,,,-86.6130327,36.007564,,,0.0,0.0,0.0,0.0,15412.390658407316,-15338.090658407316,356.97411948363776,West,True
7490,1619473660.1,90.48229728554384,-0.00040581260750434823,20.0,,,-86.61301370000001,36.007547,,,0.0,0.0,0.0,0.0,15414.939017833514,-15340.639017833515,356.9741025636457,West,True
7491,1619473660.2,90.53287415136008,0.004544594654733756,20.0,,,-86.6129947,36.00753,,,0.0,0.0,0.0,0.0,15417.487377507718,-15343.187377507718,356.9581055905554,West,True
7492,1619473660.3,90.55999564712712,0.008556613202123538,20.0,,,-86.61297579999999,36.007513,,,0.0,0.0,0.0,0.0,15420.029713714424,-15345.729713714425,356.9060313081788,West,True
7493,1619473660.4,90.51635235458085,0.011594362793294894,20.0,,,-86.612957,36.0074958,,,0.0,0.0,0.0,0.0,15422.582661702952,-15348.282661702953,356.97405205864965,West,True
7494,1619473660.5,90.53721325677633,0.01368941198922866,20.0,,,-86.612938,36.007478799999994,,,0.0,0.0,0.0,0.0,15425.131022121233,-15350.831022121234,356.9740351356982,West,True
7495,1619473660.6,90.53127020163498,0.014935227358763776,20.0,,,-86.61291899999999,36.007461799999994,,,0.0,0.0,0.0,0.0,15427.679382786933,-15353.379382786934,356.9239334346658,West,True
7496,1619473660.7,90.53475429189383,0.015468140237713018,20.0,,,-86.6129002,36.00744470000001,,,0.0,0.0,0.0,0.0,15430.224011944025,-15355.924011944026,356.9740014646559,West,True
7497,1619473660.8,90.53913460390356,0.015453210761301567,20.0,,,-86.6128812,36.0074277,,,0.0,0.0,0.0,0.0,15432.772373105201,-15358.472373105202,356.9580039638274,West,True
7498,1619473660.9,90.57639993400429,0.015060924015914157,20.0,,,-86.6128623,36.0074107,,,0.0,0.0,0.0,0.0,15435.31471078617,-15361.01471078617,356.8558539566004,West,True
7499,1619473661.0,90.58971468038042,0.014453539386741886,20.0,,,-86.6128438,36.0073935,,,0.0,0.0,0.0,0.0,15437.849866058998,-15363.549866058998,356.97395123431585,West,True
7500,1619473661.1,90.57583171466374,0.013766205580918576,20.0,,,-86.6128248,36.0073765,,,0.0,0.0,0.0,0.0,15440.398227963937,-15366.098227963937,356.9058938023336,West,True
7501,1619473661.2,90.59483758743862,0.013101647078939415,20.0,,,-86.612806,36.0073593,,,0.0,0.0,0.0,0.0,15442.951177891862,-15368.651177891863,356.97391756845707,West,True
7502,1619473661.3,90.57180890272404,0.012521101253481413,20.0,,,-86.612787,36.0073423,,,0.0,0.0,0.0,0.0,15445.499540294859,-15371.19954029486,356.89227284315587,West,True
7503,1619473661.4,90.59825025927763,0.012050125509632735,20.0,,,-86.6127685,36.0073253,,,0.0,0.0,0.0,0.0,15448.01796145859,-15373.717961458591,357.0053483504048,West,True
7504,1619473661.5,90.57982790411802,0.011679088761533275,20.0,,,-86.6127493,36.0073083,,,0.0,0.0,0.0,0.0,15450.578424119722,-15376.278424119722,356.972006486749,West,True
7505,1619473661.6,90.62270958425172,0.011377065265252246,20.0,,,-86.6127302,36.007291200000004,,,0.0,0.0,0.0,0.0,15453.141068050181,-15378.841068050182,356.93831562912334,West,True
7506,1619473661.7,90.57882938061248,0.011096972091251952,20.0,,,-86.6127112,36.007274,,,0.0,0.0,0.0,0.0,15455.705971143694,-15381.405971143695,356.95785175284163,West,True
7507,1619473661.8,90.5816000073252,0.010791225977982407,20.0,,,-86.61269229999999,36.007257,,,0.0,0.0,0.0,0.0,15458.248311041794,-15383.948311041795,356.9382814761021,West,True
7508,1619473661.9,90.58240732982384,0.010415461795137568,20.0,,,-86.6126733,36.0072398,,,0.0,0.0,0.0,0.0,15460.813214629301,-15386.513214629302,356.94166672155063,West,True
7509,1619473662.0,90.57648612164137,0.009940244072935464,20.0,,,-86.6126545,36.007222799999994,,,0.0,0.0,0.0,0.0,15463.349548864762,-15389.049548864763,356.96489860538344,West,True
7510,1619473662.1,90.58506344579608,0.00934966143155359,20.0,,,-86.61263550000001,36.00720575,,,0.0,0.0,0.0,0.0,15465.902040057319,-15391.60204005732,356.96488163610974,West,True
7511,1619473662.2,90.5936407699508,0.008646768176269734,20.0,,,-86.6126165,36.00718870000001,,,0.0,0.0,0.0,0.0,15468.454531497617,-15394.154531497617,356.95957223778845,West,True
7512,1619473662.3,90.61,0.007847160056297204,20.0,,,-86.61259770000001,36.0071718,,,0.0,0.0,0.0,0.0,15470.982590049187,-15396.682590049188,356.9559638413162,West,True
7513,1619473662.4,90.62709596949162,0.006979446943817465,20.0,,,-86.6125787,36.0071547,,,0.0,0.0,0.0,0.0,15473.539214217344,-15399.239214217345,356.95773311301986,West,True
7514,1619473662.5,90.58199703250337,0.006076674768237539,20.0,,,-86.6125598,36.0071377,,,0.0,0.0,0.0,0.0,15476.081555834831,-15401.781555834832,356.9736982831636,West,True
7515,1619473662.6,90.59201885897716,0.005174926505780761,20.0,,,-86.61254079999999,36.00712070000001,,,0.0,0.0,0.0,0.0,15478.629921458865,-15404.329921458866,356.94154745752246,West,True
7516,1619473662.7,90.55,0.0043058836167153445,20.0,,,-86.612522,36.0071037,,,0.0,0.0,0.0,0.0,15481.166257397583,-15406.866257397583,356.9736646109616,West,True
7517,1619473662.8,90.58832675729754,0.0034961866884927247,20.0,,,-86.612503,36.0070867,,,0.0,0.0,0.0,0.0,15483.714623515638,-15409.414623515639,356.9056007614082,West,True
7518,1619473662.9,90.57590096822406,0.002762984324683097,20.0,,,-86.61248420000001,36.0070695,,,0.0,0.0,0.0,0.0,15486.267577561035,-15411.967577561036,356.97363094519517,West,True
7519,1619473663.0,90.62,0.0021150090582527214,20.0,,,-86.6124652,36.0070525,,,0.0,0.0,0.0,0.0,15488.815944177146,-15414.515944177147,356.9736140212464,West,True
7520,1619473663.1,90.62803211359058,0.0015510964683832732,20.0,,,-86.61244620000001,36.0070355,,,0.0,0.0,0.0,0.0,15491.364311039544,-15417.064311039545,356.9218901386973,West,True
7521,1619473663.2,90.57001062303657,0.0010624968969730017,20.0,,,-86.6124273,36.0070183,,,0.0,0.0,0.0,0.0,15493.923232989178,-15419.623232989179,356.94144529553995,West,True
7522,1619473663.3,90.62718838197992,0.0006333103919091632,20.0,,,-86.6124085,36.0070013,,,0.0,0.0,0.0,0.0,15496.459570391731,-15422.159570391732,357.00503102901655,West,True
7523,1619473663.4,90.5955238723147,0.00024315215034987917,20.0,,,-86.61238929999999,36.0069843,,,0.0,0.0,0.0,0.0,15499.02003784099,-15424.72003784099,356.9557771381887,West,True
7524,1619473663.5,90.61461542687616,-0.00013146542406139783,20.0,,,-86.6123703,36.006967200000005,,,0.0,0.0,0.0,0.0,15501.576664724767,-15427.276664724768,356.9593519280628,West,True
7525,1619473663.6,90.60407783402476,-0.0005145712759496068,20.0,,,-86.6123515,36.0069503,,,0.0,0.0,0.0,0.0,15504.104726454387,-15429.804726454387,356.94137706869736,West,True
7526,1619473663.7,90.61733445271376,-0.0009287558971298593,20.0,,,-86.61233270000001,36.0069333,,,0.0,0.0,0.0,0.0,15506.64106482941,-15432.34106482941,357.00496421429,West,True
7527,1619473663.8,90.60271300817467,-0.0013927233644865549,20.0,,,-86.6123135,36.00691629999999,,,0.0,0.0,0.0,0.0,15509.201533283984,-15434.901533283984,356.9873616913303,West,True
7528,1619473663.9,90.59059732253932,-0.0019187570028984739,20.0,,,-86.6122943,36.0068992,,,0.0,0.0,0.0,0.0,15511.770222110985,-15437.470222110986,356.9734618024588,West,True
7529,1619473664.0,90.59246985081876,-0.0025106046299605755,20.19949753119852,,,-86.61227530000001,36.00688220000001,,,0.0,0.0,0.0,0.0,15514.318591201465,-15440.018591201466,356.93790571923734,West,True
7530,1619473664.1,90.59836335861304,-0.0031608442093602864,20.69985481848732,,,-86.6122563,36.006865000000005,,,0.0,0.0,0.0,0.0,15516.883500203518,-15442.583500203518,356.97945954110156,West,True
7531,1619473664.2,90.58652655215158,-0.0038501755007577312,20.849927409243662,,,-86.61223715,36.006847900000004,,,0.0,0.0,0.0,0.0,15519.4491680337,-15445.1491680337,356.97944251637944,West,True
7532,1619473664.3,90.57468974569014,-0.004545862489804518,21.0,,,-86.612218,36.0068308,,,0.0,0.0,0.0,0.0,15522.014836114718,-15447.71483611472,356.98921062877764,West,True
7533,1619473664.4,90.57742313674287,-0.005204193074731342,21.0,,,-86.6121989,36.0068138,,,0.0,0.0,0.0,0.0,15524.56924746853,-15450.26924746853,356.9891937073055,West,True
7534,1619473664.5,90.5801565277956,-0.005771221628838839,21.0,,,-86.61217979999999,36.0067968,,,0.0,0.0,0.0,0.0,15527.123659072087,-15452.823659072088,356.973359820178,West,True
7535,1619473664.6,90.58424473197782,-0.006189640553242783,21.0,,,-86.6121608,36.0067798,,,0.0,0.0,0.0,0.0,15529.672029651836,-15455.372029651837,356.9733428960681,West,True
7536,1619473664.7,90.55105943645836,-0.0064016883796082875,21.0,,,-86.61214179999999,36.0067628,,,0.0,0.0,0.0,0.0,15532.220400479586,-15457.920400479587,356.97332597415675,West,True
7537,1619473664.8,90.5134123218498,-0.006359673668224961,21.0,,,-86.6121228,36.0067458,,,0.0,0.0,0.0,0.0,15534.768771553621,-15460.468771553622,356.98912627529114,West,True
7538,1619473664.9,90.59861178803406,-0.006028607855244483,21.0,,,-86.6121037,36.0067288,,,0.0,0.0,0.0,0.0,15537.323184152381,-15463.023184152382,356.957307813565,West,True
7539,1619473665.0,90.55843675406912,-0.005397258332106273,21.0,,,-86.6120848,36.0067118,,,0.0,0.0,0.0,0.0,15539.865531911088,-15465.565531911088,356.9714142670354,West,True
7540,1619473665.1,90.5816033966962,-0.004476534416327756,21.0,,,-86.6120657,36.006694700000004,,,0.0,0.0,0.0,0.0,15542.428184556125,-15468.128184556126,356.97325819205236,West,True
7541,1619473665.2,90.56227701859962,-0.003307183753980888,21.0,,,-86.61204670000001,36.0066777,,,0.0,0.0,0.0,0.0,15544.976556620777,-15470.676556620778,356.9695387380142,West,True
7542,1619473665.3,90.61996363636364,-0.0019509468674769614,21.0,,,-86.6120275,36.006660499999995,,,0.0,0.0,0.0,0.0,15547.55349083497,-15473.25349083497,356.9410854359319,West,True
7543,1619473665.4,90.620119824461,-0.0004929762942047036,21.0,,,-86.6120087,36.0066435,,,0.0,0.0,0.0,0.0,15550.08983335382,-15475.789833353821,356.9732074262855,West,True
7544,1619473665.5,90.60675488069414,0.0009736956146589584,21.0,,,-86.6119897,36.0066265,,,0.0,0.0,0.0,0.0,15552.638206163083,-15478.338206163084,356.97319049813746,West,True
7545,1619473665.6,90.59377389313964,0.002349283356748154,21.0,,,-86.6119707,36.0066095,,,0.0,0.0,0.0,0.0,15555.18657921863,-15480.886579218632,356.9376312403364,West,True
7546,1619473665.7,90.6,0.003545040360955944,21.0,,,-86.6119517,36.006592299999994,,,0.0,0.0,0.0,0.0,15557.751492159337,-15483.451492159338,357.0087015220856,West,True
7547,1619473665.8,90.60415043408476,0.004483542126039365,21.0,,,-86.61193270000001,36.006575500000004,,,0.0,0.0,0.0,0.0,15560.283413367792,-15485.983413367792,356.92142498862404,West,True
7548,1619473665.9,90.64473540513798,0.00511289902470949,21.0,,,-86.6119138,36.0065583,,,0.0,0.0,0.0,0.0,15562.842341907357,-15488.542341907358,356.9553511399088,West,True
7549,1619473666.0,90.62667169317436,0.005402255495557692,21.0,,,-86.6118948,36.0065412,,,0.0,0.0,0.0,0.0,15565.398974964859,-15491.09897496486,356.9731059755136,West,True
7550,1619473666.1,90.61122686790524,0.005348716668051293,21.0,,,-86.61187579999999,36.0065242,,,0.0,0.0,0.0,0.0,15567.947349261343,-15493.647349261344,356.98890742411345,West,True
7551,1619473666.2,90.61401029338911,0.004967367648128995,21.0,,,-86.6118567,36.0065072,,,0.0,0.0,0.0,0.0,15570.501765107994,-15496.201765107995,356.9375285179233,West,True
7552,1619473666.3,90.64616241110484,0.004291307108876806,21.0,,,-86.6118377,36.00649,,,0.0,0.0,0.0,0.0,15573.066679526595,-15498.766679526596,356.9730551156518,West,True
7553,1619473666.4,90.64,0.003359118252465461,21.0,,,-86.6118187,36.006473,,,0.0,0.0,0.0,0.0,15575.615054566559,-15501.31505456656,356.97303819547693,West,True
7554,1619473666.5,90.69079469572291,0.0022116746482180954,21.0,,,-86.61179969999999,36.006456,,,0.0,0.0,0.0,0.0,15578.163429854523,-15503.863429854524,356.8884418252289,West,True
7555,1619473666.6,90.67287665566718,0.0008816036579970188,21.0,,,-86.61178100000001,36.0064388,,,0.0,0.0,0.0,0.0,15580.710443403726,-15506.410443403727,356.94086356204014,West,True
7556,1619473666.7,90.65475339410128,-0.0006087751727992346,21.0,,,-86.6117622,36.0064218,,,0.0,0.0,0.0,0.0,15583.24678909453,-15508.94678909453,356.93913599669304,West,True
7557,1619473666.8,90.6029099429764,-0.002252485420577027,21.199893543509315,,,-86.6117433,36.006404700000004,,,0.0,0.0,0.0,0.0,15585.79741978886,-15511.49741978886,356.9374263278657,West,True
7558,1619473666.9,90.59955060011558,-0.004056093882628621,21.700467000278078,,,-86.6117243,36.0063875,,,0.0,0.0,0.0,0.0,15588.362335687125,-15514.062335687126,356.97295411627323,West,True
7559,1619473667.0,90.64612786876242,-0.006038323831852208,22.0,,,-86.6117053,36.0063705,,,0.0,0.0,0.0,0.0,15590.910712218072,-15516.610712218073,356.904874348528,West,True
7560,1619473667.1,90.61546215518412,-0.008224226169028575,22.0,,,-86.6116865,36.0063533,,,0.0,0.0,0.0,0.0,15593.463676439136,-15519.163676439137,356.92281756332693,West,True
7561,1619473667.2,90.64514566075232,-0.01063912201970244,22.0,,,-86.6116677,36.0063362,,,0.0,0.0,0.0,0.0,15596.008321399206,-15521.708321399206,356.97290370284287,West,True
7562,1619473667.3,90.5890668514728,-0.013300840935136764,22.0,,,-86.6116487,36.00631920000001,,,0.0,0.0,0.0,0.0,15598.556698674498,-15524.256698674499,356.8883035929869,West,True
7563,1619473667.4,90.5686561143548,-0.016212593149880314,22.0,,,-86.61163,36.006302000000005,,,0.0,0.0,0.0,0.0,15601.10371415204,-15526.80371415204,356.9488270266982,West,True
7564,1619473667.5,90.5443280571774,-0.019356697849782695,22.0,,,-86.61161115,36.006285000000005,,,0.0,0.0,0.0,0.0,15603.643062724921,-15529.343062724922,356.94881010456197,West,True
7565,1619473667.6,90.52,-0.022690571519935587,22.0,,,-86.6115923,36.006268,,,0.0,0.0,0.0,0.0,15606.182411542512,-15531.882411542512,356.9372902637154,West,True
7566,1619473667.7,90.5477202235198,-0.026145344013783565,22.0,,,-86.6115733,36.0062508,,,0.0,0.0,0.0,0.0,15608.747329415277,-15534.447329415278,356.9550460909009,West,True
7567,1619473667.8,90.51956523334648,-0.02962811105333661,22.0,,,-86.6115543,36.0062337,,,0.0,0.0,0.0,0.0,15611.30396692898,-15537.00396692898,356.90782705246164,West,True
7568,1619473667.9,90.5143191620456,-0.03302713457648836,22.0,,,-86.6115357,36.0062167,,,0.0,0.0,0.0,0.0,15613.828356289181,-15539.528356289182,356.95679924635436,West,True
7569,1619473668.0,90.46587965360884,-0.03622077952524701,22.0,,,-86.61151679999999,36.0061997,,,0.0,0.0,0.0,0.0,15616.370711432854,-15542.070711432854,356.9210482458088,West,True
7570,1619473668.1,90.41066978793775,-0.03908791885083625,22.0,,,-86.61149789999999,36.0061825,,,0.0,0.0,0.0,0.0,15618.92964535522,-15544.62964535522,356.9210311246118,West,True
7571,1619473668.2,90.35545992226666,-0.04152042530126153,22.0,,,-86.611479,36.0061653,,,0.0,0.0,0.0,0.0,15621.48857952314,-15547.188579523141,356.95496160811444,West,True
7572,1619473668.3,90.35008722359863,-0.04343434270260735,22.0,,,-86.61146,36.0061482,,,0.0,0.0,0.0,0.0,15624.045218276393,-15549.745218276394,356.92424548435514,West,True
7573,1619473668.4,90.38840697652022,-0.04478027952055111,22.0,,,-86.6114413,36.006131200000006,,,0.0,0.0,0.0,0.0,15626.575579557502,-15552.275579557503,356.9046339417701,West,True
7574,1619473668.5,90.31855739985164,-0.04554982649487443,22.0,,,-86.6114225,36.006114000000004,,,0.0,0.0,0.0,0.0,15629.128547178478,-15554.828547178478,356.97268530544414,West,True
7575,1619473668.6,90.28759585643954,-0.045778463731888694,22.0,,,-86.61140350000001,36.006097,,,0.0,0.0,0.0,0.0,15631.676927685232,-15557.376927685233,356.9726683844591,West,True
7576,1619473668.7,90.26580010109828,-0.04554371665684226,22.0,,,-86.6113845,36.00608,,,0.0,0.0,0.0,0.0,15634.2253084394,-15559.9253084394,356.90458221913667,West,True
7577,1619473668.8,90.2523434604369,-0.04495848077537538,22.0,,,-86.61136570000001,36.006062799999995,,,0.0,0.0,0.0,0.0,15636.77827678781,-15562.478276787811,356.93877890891815,West,True
7578,1619473668.9,90.21427655839273,-0.04416167689257246,22.0,,,-86.61134679999999,36.00604570000001,,,0.0,0.0,0.0,0.0,15639.328912642102,-15565.028912642103,356.940472733108,West,True
7579,1619473669.0,90.1906140632812,-0.04330444855306307,22.20064604534915,,,-86.611328,36.0060287,,,0.0,0.0,0.0,0.0,15641.865263954296,-15567.565263954297,356.9208772230743,West,True
7580,1619473669.1,90.18911968009937,-0.04253813473878223,22.600323022674573,,,-86.6113091,36.0060115,,,0.0,0.0,0.0,0.0,15644.42420032637,-15570.12420032637,356.9208601038901,West,True
7581,1619473669.2,90.18762529691752,-0.04199891000340615,23.0,,,-86.6112902,36.0059943,,,0.0,0.0,0.0,0.0,15646.983136944846,-15572.683136944846,356.99231825014186,West,True
7582,1619473669.3,90.17420258356265,-0.041799293028966636,23.0,,,-86.6112713,36.0059775,,,0.0,0.0,0.0,0.0,15649.509003770816,-15575.209003770817,356.95300726743574,West,True
7583,1619473669.4,90.11156947490646,-0.04201672369406968,23.0,,,-86.6112522,36.00596029999999,,,0.0,0.0,0.0,0.0,15652.079928344026,-15577.779928344027,356.95654540885806,West,True
7584,1619473669.5,90.08957670493844,-0.042692847192914586,23.0,,,-86.6112333,36.0059433,,,0.0,0.0,0.0,0.0,15654.622287183334,-15580.322287183335,356.9224072499008,West,True
7585,1619473669.6,90.08559959377487,-0.0438286064746292,23.0,,,-86.6112145,36.005926200000005,,,0.0,0.0,0.0,0.0,15657.166937986174,-15582.866937986175,356.95831767302525,West,True
7586,1619473669.7,90.04166897525735,-0.04539160220549459,23.0,,,-86.61119570000001,36.0059093,,,0.0,0.0,0.0,0.0,15659.695014651741,-15585.395014651742,356.9240063221186,West,True
7587,1619473669.8,90.05828419903291,-0.047316587961588524,23.0,,,-86.611177,36.00589229999999,,,0.0,0.0,0.0,0.0,15662.225379323087,-15587.925379323087,356.9724666462734,West,True
7588,1619473669.9,90.06142288631928,-0.04951776915342168,23.0,,,-86.61115799999999,36.0058753,,,0.0,0.0,0.0,0.0,15664.773763052535,-15590.473763052536,357.0391135724404,West,True
7589,1619473670.0,90.02287417542605,-0.05189137830577881,23.0,,,-86.61113879999999,36.0058585,,,0.0,0.0,0.0,0.0,15667.317873112253,-15593.017873112254,356.90744906044927,West,True
7590,1619473670.1,89.98022755493419,-0.05432867463543141,23.0,,,-86.6111202,36.005841499999995,,,0.0,0.0,0.0,0.0,15669.842267750026,-15595.542267750026,356.9368648573758,West,True
7591,1619473670.2,89.90662324839555,-0.05671753407342615,23.0,,,-86.6111012,36.00582429999999,,,0.0,0.0,0.0,0.0,15672.407191783997,-15598.107191783998,356.99215100671785,West,True
7592,1619473670.3,89.89775649929653,-0.058953283848952084,23.0,,,-86.61108229999999,36.0058075,,,0.0,0.0,0.0,0.0,15674.933061076641,-15600.633061076642,356.9882043461068,West,True
7593,1619473670.4,89.84462157469754,-0.060938222199426295,23.0,,,-86.6110632,36.0057905,,,0.0,0.0,0.0,0.0,15677.487487427556,-15603.187487427556,356.95637618225766,West,True
7594,1619473670.5,89.85896935405273,-0.06258983270421238,23.0,,,-86.6110443,36.0057735,,,0.0,0.0,0.0,0.0,15680.029848716407,-15605.729848716408,356.94020045412594,West,True
7595,1619473670.6,89.83799214589867,-0.0638390619836128,23.19841494851501,,,-86.6110255,36.0057565,,,0.0,0.0,0.0,0.0,15682.566203921528,-15608.266203921528,357.03899814957117,West,True
7596,1619473670.7,89.78647388954172,-0.06463698965537815,23.698054005632137,,,-86.6110063,36.00573970000001,,,0.0,0.0,0.0,0.0,15685.110315747252,-15610.810315747252,356.95904166256065,West,True
7597,1619473670.8,89.75823694477086,-0.06495301814425065,23.84902700281607,,,-86.61098755,36.005722850000005,,,0.0,0.0,0.0,0.0,15687.63125383238,-15613.33125383238,356.95902489136137,West,True
7598,1619473670.9,89.73,-0.06478068860500777,24.0,,,-86.6109688,36.005706,,,0.0,0.0,0.0,0.0,15690.152192159518,-15615.852192159518,356.9367284267247,West,True
7599,1619473671.0,89.6866623106026,-0.06413554726068416,24.0,,,-86.6109498,36.005688799999994,,,0.0,0.0,0.0,0.0,15692.717118150376,-15618.417118150377,357.0119806431371,West,True
7600,1619473671.1,89.63492866047929,-0.0630591065983207,24.0,,,-86.61093100000001,36.0056722,,,0.0,0.0,0.0,0.0,15695.220501361315,-15620.920501361315,357.0037286792794,West,True
7601,1619473671.2,89.63083026441777,-0.06161447150053826,24.0,,,-86.6109118,36.0056552,,,0.0,0.0,0.0,0.0,15697.780988448427,-15623.480988448428,356.9400811917676,West,True
7602,1619473671.3,89.58808954483216,-0.05988628180851766,24.0,,,-86.610893,36.00563820000001,,,0.0,0.0,0.0,0.0,15700.317345343878,-15626.017345343878,356.9580299829073,West,True
7603,1619473671.4,89.57299603658262,-0.05797212414594425,24.0,,,-86.61087420000001,36.0056213,,,0.0,0.0,0.0,0.0,15702.845426141534,-15628.545426141534,356.9899747043183,West,True
7604,1619473671.5,89.53768415248645,-0.05597724327321488,24.09995619193646,,,-86.6108552,36.005604399999996,,,0.0,0.0,0.0,0.0,15705.385576668044,-15631.085576668045,356.98995787850646,West,True
7605,1619473671.6,89.50237226839027,-0.05400210794629132,24.19991238387292,,,-86.61083620000001,36.0055875,,,0.0,0.0,0.0,0.0,15707.925727439593,-15633.625727439594,356.9919165115535,West,True
7606,1619473671.7,89.46234272174685,-0.05213362610340535,24.69921835938802,,,-86.6108173,36.00557070000001,,,0.0,0.0,0.0,0.0,15710.45160016983,-15636.151600169831,356.9899243179522,West,True
7607,1619473671.8,89.48142688374497,-0.05043270340534685,25.0,,,-86.6107983,36.005553799999994,,,0.0,0.0,0.0,0.0,15712.991751434054,-15638.691751434055,356.9759120578586,West,True
7608,1619473671.9,89.41097127421386,-0.04892663070560464,25.0,,,-86.6107795,36.005537,,,0.0,0.0,0.0,0.0,15715.511578988586,-15641.211578988587,357.00766968433896,West,True
7609,1619473672.0,89.47180355068858,-0.04760247339072775,25.0,,,-86.6107605,36.00552020000001,,,0.0,0.0,0.0,0.0,15718.043515639247,-15643.743515639248,356.95882177814514,West,True
7610,1619473672.1,89.43176545516945,-0.046405744510417166,25.0,,,-86.61074174999999,36.005503350000005,,,0.0,0.0,0.0,0.0,15720.56445686665,-15646.264456866651,356.95880500610775,West,True
7611,1619473672.2,89.39172735965032,-0.04524402599232248,25.0,,,-86.610723,36.0054865,,,0.0,0.0,0.0,0.0,15723.085398334351,-15648.785398334352,357.0563301113634,West,True
7612,1619473672.3,89.40177007031936,-0.04399406692616925,25.0,,,-86.6107038,36.0054698,,,0.0,0.0,0.0,0.0,15725.621360670075,-15651.321360670076,356.99179935002735,West,True
7613,1619473672.4,89.36871386697105,-0.042515507586019394,25.0,,,-86.6106849,36.005453,,,0.0,0.0,0.0,0.0,15728.14723510824,-15653.84723510824,356.9917826236418,West,True
7614,1619473672.5,89.33565766362274,-0.040663703592391895,25.0,,,-86.61066600000001,36.005436200000005,,,0.0,0.0,0.0,0.0,15730.673109789364,-15656.373109789365,356.98979034743564,West,True
7615,1619473672.6,89.26071594298973,-0.03830842361756236,25.200106126168787,,,-86.610647,36.0054193,,,0.0,0.0,0.0,0.0,15733.213263015508,-15658.913263015509,357.0164430249625,West,True
7616,1619473672.7,89.26018045005372,-0.03534604539061116,25.600053063084395,,,-86.61062799999999,36.00540255,,,0.0,0.0,0.0,0.0,15735.74110217047,-15661.441102170471,357.01642634637284,West,True
7617,1619473672.8,89.25964495711771,-0.03171571529016243,26.0,,,-86.610609,36.00538579999999,,,0.0,0.0,0.0,0.0,15738.268941570634,-15663.968941570634,356.92679520050353,West,True
7618,1619473672.9,89.26551015113186,-0.027404435007641788,26.0,,,-86.6105905,36.005369,,,0.0,0.0,0.0,0.0,15740.770740890775,-15666.470740890776,357.0075033145476,West,True
7619,1619473673.0,89.18454623342296,-0.022454760643650477,26.0,,,-86.61057149999999,36.005352200000004,,,0.0,0.0,0.0,0.0,15743.3026800002,-15669.002680000202,356.96954440122823,West,True
7620,1619473673.1,89.18132187574555,-0.016959680202161792,26.0,,,-86.61055285,36.0053355,,,0.0,0.0,0.0,0.0,15745.805212989048,-15671.505212989048,356.96952778129014,West,True
7621,1619473673.2,89.17809751806814,-0.01106027516974201,26.0,,,-86.6105342,36.0053188,,,0.0,0.0,0.0,0.0,15748.307746216951,-15674.007746216952,356.9559025357187,West,True
7622,1619473673.3,89.17945502168648,-0.004931978576716068,26.0,,,-86.61051529999999,36.0053018,,,0.0,0.0,0.0,0.0,15750.850114307537,-15676.550114307538,356.9795247135108,West,True
7623,1619473673.4,89.11262943715802,0.0012249717334592643,26.0,,,-86.61049670000001,36.0052852,,,0.0,0.0,0.0,0.0,15753.341385357535,-15679.041385357536,356.97374222947326,West,True
7624,1619473673.5,89.15484484096199,0.007202960029987539,26.0,,,-86.6104778,36.0052683,,,0.0,0.0,0.0,0.0,15755.87549722436,-15681.575497224361,356.97949140113775,West,True
7625,1619473673.6,89.13893831997085,0.01279866427939413,26.195772515365327,,,-86.61045920000001,36.0052517,,,0.0444992541024365,0.0,0.0,0.0,15758.366768752634,-15684.066768752635,356.9558353833276,West,True
7626,1619473673.7,89.14496362608187,0.017828603915900413,26.69779349719025,,,-86.6104403,36.0052347,,,0.8787727498756838,0.0,0.0,0.0,15760.909137810735,-15686.609137810736,357.0115327716989,West,True
7627,1619473673.8,89.16039152628977,0.022138276711334358,26.848896748595124,,,-86.6104215,36.0052181,,,0.9393863749378419,0.0,0.0,0.0,15763.41252760171,-15689.11252760171,357.0115162498804,West,True
7628,1619473673.9,89.17581942649768,0.02561198170055313,27.0,,,-86.6104027,36.0052015,,,1.0,0.0,0.0,0.0,15765.915917634064,-15691.615917634064,356.97651854484485,West,True
7629,1619473674.0,89.16906482936918,0.02817693276411118,27.0,,,-86.61038395,36.00518475,,,1.0,0.0,0.0,0.0,15768.428610128763,-15694.128610128764,356.9765018706662,West,True
7630,1619473674.1,89.16231023224069,0.029806245590773894,27.0,,,-86.6103652,36.005168,,,1.0,0.0,0.0,0.0,15770.941302863968,-15696.641302863969,356.95035109676894,West,True
7631,1619473674.2,89.18377611001014,0.030518074297257683,27.0,,,-86.61034649999999,36.00515115,,,1.0,0.0,0.0,0.0,15773.459242254103,-15699.159242254103,356.9503343185655,West,True
7632,1619473674.3,89.2052419877796,0.03037309592624148,27.0,,,-86.6103278,36.0051343,,,1.0,0.0,0.0,0.0,15775.977181884122,-15701.677181884123,356.9793581342844,West,True
7633,1619473674.4,89.28175622860448,0.029470548599384114,27.0,,,-86.6103092,36.0051177,,,1.0,0.0,0.0,0.0,15778.468455322653,-15704.168455322653,356.93393592469084,West,True
7634,1619473674.5,89.31114823640078,0.027942892089184823,27.098974888700333,,,-86.6102906,36.005100850000005,,,1.0,0.0,0.0,0.0,15780.98039502951,-15706.68039502951,356.93391914897876,West,True
7635,1619473674.6,89.34054024419707,0.02595121709742399,27.197949777400662,,,-86.610272,36.005084000000004,,,1.0,0.0,0.0,0.0,15783.492334975115,-15709.192334975116,356.9716605769406,West,True
7636,1619473674.7,89.32167676424514,0.02367973122175599,27.69709472461588,,,-86.610253,36.005067,,,1.0,0.0,0.0,0.0,15786.040730455601,-15711.740730455602,357.0293395901458,West,True
7637,1619473674.8,89.3298461229556,0.0213323408322171,28.0,,,-86.61023420000001,36.0050505,,,1.0,0.0,0.0,0.0,15788.535935203156,-15714.235935203156,356.959266338468,West,True
7638,1619473674.9,89.35488793993692,0.01912846317215943,28.0,,,-86.61021550000001,36.005033700000006,,,1.0,0.0,0.0,0.0,15791.049741927314,-15716.749741927315,356.979258361578,West,True
7639,1619473675.0,89.36876284855043,0.017301169311502308,28.0,,,-86.6101969,36.0050171,,,1.0,0.0,0.0,0.0,15793.54101680038,-15719.24101680038,356.97924184192016,West,True
7640,1619473675.1,89.38263775716393,0.01609430147796515,28.0,,,-86.61017829999999,36.0050005,,,1.0,0.0,0.0,0.0,15796.032291910875,-15721.732291910876,356.993331196658,West,True
7641,1619473675.2,89.43185238981435,0.015761287366301724,28.0,,,-86.6101595,36.0049838,,,1.0,0.0,0.0,0.0,15798.5438951035,-15724.2438951035,356.9782346364551,West,True
7642,1619473675.3,89.3951754666395,0.01656253371200036,28.098382907274882,,,-86.61014085,36.00496715,,,1.0,0.0,0.0,0.0,15801.042310635656,-15726.742310635656,356.97821805984665,West,True
7643,1619473675.4,89.35849854346465,0.018763587971088267,28.196765814549767,,,-86.6101222,36.0049505,,,1.0,0.0,0.0,0.0,15803.540726404832,-15729.240726404832,357.008123361659,West,True
7644,1619473675.5,89.39495331502779,0.022631689584645606,28.598382907274882,,,-86.61010325000001,36.00493375,,,1.0,0.0,0.0,0.0,15806.065533692932,-15731.765533692933,357.0081066917254,West,True
7645,1619473675.6,89.43140808659093,0.028432339719231325,29.0,,,-86.6100843,36.004917,,,1.0,0.0,0.0,0.0,15808.590341226381,-15734.290341226382,356.9973063381102,West,True
7646,1619473675.7,89.4157840602412,0.03642432438068943,29.0,,,-86.6100657,36.0049005,,,1.0,0.0,0.0,0.0,15811.073390339803,-15736.773390339804,357.03371626150584,West,True
7647,1619473675.8,89.43608515465576,0.046854257750526776,29.0,,,-86.6100467,36.00488385,,,1.0,0.0,0.0,0.38579108368594495,15813.5930554819,-15739.293055481901,357.03369968005234,West,True
7648,1619473675.9,89.45638624907032,0.05994962920431576,29.0,,,-86.6100277,36.0048672,,,1.0,0.0,0.0,0.7715821673718899,15816.112720867939,-15741.81272086794,356.97714870271983,West,True
7649,1619473676.0,89.4628586407839,0.07591096181988904,29.0,,,-86.61000899999999,36.0048505,,,1.0,0.0,0.0,0.9058662540760296,15818.618278083095,-15744.318278083096,357.0069914413951,West,True
7650,1619473676.1,89.49740486611135,0.09490237976343795,29.0,,,-86.60999,36.004833700000006,,,1.0,0.0,0.0,0.6975361285852297,15821.150224778321,-15746.850224778322,357.0090448145968,West,True
7651,1619473676.2,89.5082381922675,0.11704106321786036,29.349294046158064,,,-86.6099711,36.004817,,,1.0,0.0,0.0,0.48920575474533046,15823.667895898354,-15749.367895898355,357.0090281892701,West,True
7652,1619473676.3,89.51907151842363,0.14238534383497586,29.698588092316125,,,-86.6099522,36.0048003,,,1.0,0.0,0.0,0.2808753809054312,15826.185567261544,-15751.885567261545,357.04476790744275,West,True
7653,1619473676.4,89.53259542192258,0.17092221024913784,30.0,,,-86.6099333,36.0047838,,,1.0,0.0,0.0,0.0725447587164325,15828.686881172142,-15754.386881172142,356.94267878558594,West,True
7654,1619473676.5,89.60792945716072,0.20255493548447162,30.0,,,-86.6099147,36.004767,,,1.0,0.0,0.4078516089472656,0.0,15831.19468137172,-15756.894681371721,357.0158003195351,West,True
7655,1619473676.6,89.67224028784676,0.23709190430713528,30.0,,,-86.60989570000001,36.00475025,,,1.0,0.0,0.7039258044736327,0.08229038346096496,15833.72253008571,-15759.42253008571,357.0157836450284,West,True
7656,1619473676.7,89.7365511185328,0.27423880136699313,30.0,,,-86.6098767,36.0047335,,,1.0,0.0,1.0,0.1645807669219299,15836.250379046045,-15761.950379046046,357.0089451503001,West,True
7657,1619473676.8,89.84891210195606,0.313594635586105,30.0,,,-86.6098578,36.0047168,,,1.0,0.0,1.0,0.3207737441776286,15838.768051625024,-15764.468051625025,357.0424273442591,West,True
7658,1619473676.9,89.90849360599402,0.35465534387241926,30.0,,,-86.60983879999999,36.0047002,,,1.0,0.0,1.0,0.4769670938267595,15841.28363711704,-15766.98363711704,357.02897767648403,West,True
7659,1619473677.0,89.93,0.39682297005915246,30.0,,,-86.60982,36.00468370000001,,,1.0,0.0,1.0,0.6331600710824583,15843.778847196543,-15769.478847196544,356.9760003550813,West,True
7660,1619473677.1,90.03467396924752,0.43942562016050707,30.099142986070845,,,-86.60980125,36.00466695,,,1.0,0.0,1.0,0.7893532345348732,15846.291547126684,-15771.991547126685,356.975983684123,West,True
7661,1619473677.2,90.13934793849504,0.4817415580844723,30.19828597214169,,,-86.6097825,36.0046502,,,1.0,0.0,1.0,0.945546397987288,15848.804247297601,-15774.504247297602,357.02457666872925,West,True
7662,1619473677.3,90.35,0.5230342624408226,30.69767101285521,,,-86.6097635,36.004633500000004,,,0.1805027296178535,0.0,1.0,1.0,15851.328004112374,-15777.028004112375,356.9588453870725,West,True
7663,1619473677.4,90.38729965847124,0.5625858353966932,31.0,,,-86.6097448,36.0046167,,,0.0,0.0,0.7330822570710857,1.0,15853.841816790098,-15779.541816790099,356.95791316720073,West,True
7664,1619473677.5,90.56565009886565,0.5997381590371853,31.0,,,-86.60972605,36.004599850000005,,,0.0,0.0,0.421455950083919,1.0,15856.362770946562,-15782.062770946563,356.9578963927883,West,True
7665,1619473677.6,90.74400053926006,0.6339234639904167,31.0,,,-86.6097073,36.004583000000004,,,0.0,0.0,0.1098296430967524,1.0,15858.883725345617,-15784.583725345617,356.90614679411686,West,True
7666,1619473677.7,90.93457754395016,0.6646979251782188,31.0,,,-86.60968869999999,36.004566,,,0.0,0.0,0.0,0.9099781480569404,15861.408137923181,-15787.108137923182,356.88796630784566,West,True
7667,1619473677.8,91.08393835242344,0.6917559845971452,31.0,,,-86.60967009999999,36.004548899999996,,,0.0,0.0,0.0,0.7709614424072204,15863.940887885747,-15789.640887885747,356.8879492826794,West,True
7668,1619473677.9,91.23329916089672,0.7149446904415364,31.0,,,-86.6096515,36.004531799999995,,,0.0,0.0,0.0,0.6319447367575004,15866.473638087171,-15792.173638087172,356.95874523006944,West,True
7669,1619473678.0,91.44215899393669,0.7342541875985031,31.0,,,-86.6096328,36.004515000000005,,,0.0,0.0,0.0,0.4929281968285681,15868.987452215555,-15794.687452215556,356.86199600600577,West,True
7670,1619473678.1,91.63306706634589,0.7498094010445155,31.099611736923794,,,-86.6096143,36.00449785000001,,,0.0,0.0,0.0,0.3539114911788481,15871.518455960677,-15797.218455960678,356.8619789372892,West,True
7671,1619473678.2,91.8239751387551,0.7618394624843134,31.19922347384759,,,-86.6095958,36.0044807,,,0.0,0.0,0.0,0.2148947855291282,15874.049459945225,-15799.749459945226,356.9568692036754,West,True
7672,1619473678.3,91.9714201577753,0.7706536750363266,31.69845456536436,,,-86.609577,36.0044638,,,0.0,0.0,0.0,0.0758782456001959,15876.577557349357,-15802.277557349358,356.83455354823013,West,True
7673,1619473678.4,92.10024172001364,0.7766020103537943,32.0,,,-86.60955849999999,36.0044465,,,0.0,0.0,0.0,0.0,15879.121152471806,-15804.821152471806,356.9225248415252,West,True
7674,1619473678.5,92.25860443140502,0.7800489395350536,32.0,,,-86.6095398,36.0044295,,,0.0,0.0,0.0,0.0,15881.651537887614,-15807.351537887615,356.8696663200404,West,True
7675,1619473678.6,92.49048830204477,0.781340376151146,32.0,,,-86.6095212,36.0044123,,,0.0,0.0,0.0,0.0,15884.192648206801,-15809.892648206802,356.8321578464053,West,True
7676,1619473678.7,92.61590624018662,0.7807882927702898,32.0,,,-86.6095025,36.0043948,,,0.0,0.0,0.0,0.0,15886.7648335037,-15812.4648335037,356.9709752035557,West,True
7677,1619473678.8,92.76786234056094,0.7786549657845947,32.0,,,-86.6094835,36.0043778,,,0.0,0.0,0.0,0.0,15889.313239003626,-15815.013239003627,356.86825456502504,West,True
7678,1619473678.9,92.93040409254309,0.7751539391200161,32.0,,,-86.6094648,36.0043605,,,0.0,0.0,0.0,0.0,15891.868641919624,-15817.568641919624,356.8514337893581,West,True
7679,1619473679.0,93.07350031401236,0.7704529071293967,32.0,,,-86.60944620000001,36.0043432,,,0.0,0.0,0.0,0.0,15894.418132737452,-15820.118132737452,356.90868149087254,West,True
7680,1619473679.1,93.24984588169279,0.7646869462063841,32.0,,,-86.6094272,36.00432585,,,0.0,0.0,0.0,0.0,15896.995539256814,-15822.695539256814,356.90866421841423,West,True
7681,1619473679.2,93.42619144937322,0.7579723197072796,32.0,,,-86.6094082,36.0043085,,,0.0,0.0,0.0,0.0,15899.572946024711,-15825.272946024712,356.9407868777719,West,True
7682,1619473679.3,93.57266944585011,0.7504215363916732,32.0,,,-86.609389,36.00429115,,,0.0,0.0,0.0,0.0,15902.162318005563,-15827.862318005564,356.9407696055116,West,True
7683,1619473679.4,93.719147442327,0.7421567282420523,32.0,,,-86.6093698,36.00427379999999,,,0.0,0.0,0.0,0.0,15904.751690239636,-15830.451690239637,356.9416024690816,West,True
7684,1619473679.5,93.85138869582698,0.7333164047784134,32.0,,,-86.60935065,36.0042565,,,0.0,0.0,0.0,0.0,15907.333920462337,-15833.033920462338,356.94158524762054,West,True
7685,1619473679.6,93.98362994932695,0.7240602925482501,32.0,,,-86.6093315,36.00423920000001,,,0.0,0.0,0.0,0.0,15909.916150936584,-15835.616150936585,356.90704088034164,West,True
7686,1619473679.7,94.1563123863055,0.7145637419192203,32.0,,,-86.6093124,36.00422175,,,0.0,0.0,0.0,0.0,15912.507847133727,-15838.207847133728,356.907023514783,West,True
7687,1619473679.8,94.32899482328403,0.705013090286974,32.0,,,-86.60929329999999,36.0042043,,,0.0,0.0,0.0,0.0,15915.09954358235,-15840.79954358235,357.0002786563341,West,True
7688,1619473679.9,94.43249181742978,0.6955910041615665,32.0,,,-86.609274,36.004187200000004,,,0.0,0.0,0.0,0.0,15917.674329102925,-15843.374329102926,356.93022499032156,West,True
7689,1619473680.0,94.59,0.6864673643457868,32.0,,,-86.60925470000001,36.004169700000006,,,0.0,0.0,0.0,0.0,15920.2821335196,-15845.982133519601,356.9468563353962,West,True
7690,1619473680.1,94.71895002932217,0.6777825738164173,32.0,,,-86.60923535,36.004152250000004,,,0.0,0.0,0.0,0.0,15922.888793408918,-15848.588793408919,356.9468389632953,West,True
7691,1619473680.2,94.84790005864436,0.6696401981821948,32.0,,,-86.609216,36.0041348,,,0.0,0.0,0.0,0.0,15925.495453555463,-15851.195453555463,356.9459663737716,West,True
7692,1619473680.3,95.00441514877238,0.6620940192606076,32.0,,,-86.6091966,36.004117300000004,,,0.0,0.0,0.0,0.0,15928.109255912994,-15853.809255912995,356.94594895276265,West,True
7693,1619473680.4,95.1609302389004,0.6551459822674442,32.0,,,-86.6091772,36.0040998,,,0.0,0.0,0.0,0.0,15930.723058529704,-15856.423058529705,356.96841627292497,West,True
7694,1619473680.5,95.29142717296244,0.6487392326267291,32.0,,,-86.6091576,36.00408225,,,0.0,0.0,0.0,0.0,15933.353029868611,-15859.053029868612,356.9683988037479,West,True
7695,1619473680.6,95.42192410702448,0.6427620440896112,32.0,,,-86.609138,36.00406470000001,,,0.0,0.0,0.0,0.0,15935.983001470595,-15861.683001470596,356.93389852097073,West,True
7696,1619473680.7,95.57834834080366,0.6370470070873036,32.0,,,-86.6091184,36.00404695,,,0.0,0.0,0.0,0.0,15938.629516927513,-15864.329516927513,356.93388085178833,West,True
7697,1619473680.8,95.73477257458283,0.6313811737111663,32.0,,,-86.6090988,36.004029200000005,,,0.0,0.0,0.0,0.0,15941.276032648251,-15866.976032648252,356.90875185314417,West,True
7698,1619473680.9,95.86015186903754,0.6255118883470695,32.0,,,-86.60907925000001,36.00401135,,,0.0,0.0,0.0,0.0,15943.927866781009,-15869.62786678101,356.9087340913914,West,True
7699,1619473681.0,95.98553116349224,0.6191642529443291,32.0,,,-86.6090597,36.0039935,,,0.0,0.0,0.0,0.0,15946.579701178038,-15872.279701178039,356.9493627011299,West,True
7700,1619473681.1,96.1466521097449,0.612054171170069,31.90135523320262,,,-86.60904,36.00397575,,,0.0,0.0,0.0,0.0,15949.232218882627,-15874.932218882628,356.9493450314545,West,True
7701,1619473681.2,96.30777305599756,0.6039130314116428,31.802710466405237,,,-86.6090203,36.003958000000004,,,0.0,0.0,0.0,0.0,15951.884736852875,-15877.584736852876,356.9415795982952,West,True
7702,1619473681.3,96.46168629862092,0.5945054980852682,31.40135523320262,,,-86.60900065,36.00394025,,,0.0,0.0,0.0,0.0,15954.534252376274,-15880.234252376275,356.9415619298133,West,True
7703,1619473681.4,96.61559954124428,0.5836566198981366,31.0,,,-86.608981,36.003922499999994,,,0.0,0.0,0.0,0.0,15957.183768165134,-15882.883768165135,356.95613658744395,West,True
7704,1619473681.5,96.69708452781111,0.5712665135987163,31.0,,,-86.60896120000001,36.0039047,,,0.0,0.0,0.0,0.0,15959.846435206857,-15885.546435206857,356.9552589635207,West,True
7705,1619473681.6,96.83717469165748,0.5573299581888521,31.0,,,-86.60894135000001,36.00388685,,,0.0,0.0,0.0,0.0,15962.516243905966,-15888.216243905967,356.95524119585076,West,True
7706,1619473681.7,96.97726485550383,0.5419370544995795,31.0,,,-86.6089215,36.003869,,,0.0,0.0,0.0,0.0,15965.186052876277,-15890.886052876278,356.9560833417638,West,True
7707,1619473681.8,97.15681725353726,0.5252751235480596,31.0,,,-86.6089017,36.00385120000001,,,0.0,0.0,0.0,0.0,15967.84872072637,-15893.54872072637,356.9188571958119,West,True
7708,1619473681.9,97.19830263279444,0.5076082550875034,31.0,,,-86.6088817,36.003833,,,0.0,0.0,0.0,0.0,15970.55653497874,-15896.25653497874,356.9357361806275,West,True
7709,1619473682.0,97.32262007937878,0.489258670984105,31.0,,,-86.6088617,36.0038149,,,0.0,0.0,0.0,0.0,15973.256049204592,-15898.956049204593,356.93571816589764,West,True
7710,1619473682.1,97.44693752596312,0.47056852048691455,31.0,,,-86.6088417,36.0037968,,,0.0,0.0,0.0,0.0,15975.955563706526,-15901.655563706527,356.967730733437,West,True
7711,1619473682.2,97.5316227717062,0.45186948316951064,31.0,,,-86.6088216,36.0037788,,,0.0,0.0,0.0,0.0,15978.652820249727,-15904.352820249727,356.967712816306,West,True
7712,1619473682.3,97.61630801744928,0.43344116482393025,31.0,,,-86.6088015,36.003760799999995,,,0.0,0.0,0.0,0.0,15981.35007706961,-15907.05007706961,356.9047711138359,West,True
7713,1619473682.4,97.7142336702088,0.41548598431064643,31.0,,,-86.60878170000001,36.003742700000004,,,0.0,0.0,0.0,0.0,15984.037635893841,-15909.737635893842,356.95671646687373,West,True
7714,1619473682.5,97.8171168351044,0.3981023450862059,30.90210484582655,,,-86.60876145,36.003724500000004,,,0.0,0.0,0.0,0.0,15986.760445191936,-15912.460445191937,356.9566983497378,West,True
7715,1619473682.6,97.92,0.3812805190840892,30.804209691653103,,,-86.6087412,36.0037063,,,0.0,0.0,0.0,0.0,15989.483254771903,-15915.183254771904,356.9356096145786,West,True
7716,1619473682.7,98.04259076381656,0.36490201521802146,30.303337349728505,,,-86.6087212,36.003688200000006,,,0.0,0.0,0.0,0.0,15992.182770923773,-15917.882770923774,356.88489951671056,West,True
7717,1619473682.8,98.10825642332048,0.34876134238959755,30.0,,,-86.6087012,36.0036698,,,0.0,0.0,0.0,0.0,15994.907248521098,-15920.607248521099,356.9399544061262,West,True
7718,1619473682.9,98.23036767926658,0.33258945217538327,30.0,,,-86.60868095000001,36.003651500000004,,,0.0,0.0,0.0,0.0,15997.638333716382,-15923.338333716383,356.93993619108863,West,True
7719,1619473683.0,98.35247893521266,0.3160925193455293,30.0,,,-86.6086607,36.0036332,,,0.0,0.0,0.0,0.0,16000.36941919508,-15926.06941919508,356.9632310506258,West,True
7720,1619473683.1,98.39331882517061,0.2989852788893814,30.0,,,-86.60864035,36.00361495,,,0.0,0.0,0.0,0.0,16003.102382124038,-15928.802382124039,356.9632128847724,West,True
7721,1619473683.2,98.43415871512856,0.2810295678043103,30.0,,,-86.60862,36.0035967,,,0.0,0.0,0.0,0.0,16005.8353453362,-15931.5353453362,356.9640538441809,West,True
7722,1619473683.3,98.59942244737468,0.2620596620002153,30.0,,,-86.6085997,36.0035785,,,0.0,0.0,0.0,0.0,16008.561167947257,-15934.261167947257,356.9779989075794,West,True
7723,1619473683.4,98.65962762204825,0.24200454731474674,29.651843571818198,,,-86.60857924999999,36.00356025000001,,,0.0,0.0,0.0,0.0,16011.300165140216,-15937.000165140216,356.9779807373058,West,True
7724,1619473683.5,98.7198327967218,0.22089313350014245,29.30368714363639,,,-86.6085588,36.003542,,,0.0,0.0,0.0,0.0,16014.039162618858,-15939.739162618858,356.9908090856329,West,True
7725,1619473683.6,98.74285387610001,0.19885321768323216,29.151843571818198,,,-86.60853815,36.00352365,,,0.0,0.0,0.0,0.0,16016.798488065006,-15942.498488065006,356.99079081640116,West,True
7726,1619473683.7,98.76587495547824,0.17609540658951967,29.0,,,-86.6085175,36.00350529999999,,,0.0,0.0,0.0,0.0,16019.557813802168,-15945.257813802169,356.91401373779917,West,True
7727,1619473683.8,98.79903822732466,0.15289281945308367,29.0,,,-86.6084972,36.0034868,,,0.0,0.0,0.0,0.0,16022.30849512149,-15948.00849512149,356.9215629955335,West,True
7728,1619473683.9,98.81875393034298,0.12955254137682745,29.0,,,-86.60847684999999,36.003468299999994,,,0.0,0.0,0.0,0.0,16025.06216466292,-15950.762164662921,356.9215445823122,West,True
7729,1619473684.0,98.83846963336131,0.10638773616226596,29.0,,,-86.60845649999999,36.0034498,,,0.0,0.0,0.0,0.0,16027.815834488427,-15953.515834488428,356.9734797430215,West,True
7730,1619473684.1,98.86248081630409,0.083690072302064,29.0,,,-86.6084358,36.003431299999995,,,0.0,0.0,0.0,0.0,16030.59053422102,-15956.290534221022,356.95879699731796,West,True
7731,1619473684.2,98.89942900184222,0.061707252656186484,28.805642857910787,,,-86.6084152,36.0034128,,,0.0,0.0,0.0,0.0,16033.359205547311,-15959.059205547312,356.92824994554655,West,True
7732,1619473684.3,98.87404738635507,0.04062788478187637,28.40282142895539,,,-86.60839475,36.00339425,,,0.0,0.0,0.0,0.0,16036.123011230915,-15961.823011230916,356.928231483313,West,True
7733,1619473684.4,98.84866577086792,0.020572803620252468,28.0,,,-86.60837430000001,36.00337570000001,,,0.0,0.0,0.0,0.0,16038.886817201976,-15964.586817201976,356.9497234042978,West,True
7734,1619473684.5,98.83154731185812,0.001596973157759543,28.0,,,-86.60835365,36.0033571,,,0.0,0.0,0.0,0.0,16041.666764470778,-15967.366764470778,356.9497048866823,West,True
7735,1619473684.6,98.81442885284832,-0.016304888003841854,28.0,,,-86.608333,36.0033385,,,0.0,0.0,0.0,0.0,16044.446712031515,-15970.146712031516,356.92438286261637,West,True
7736,1619473684.7,98.78006128973328,-0.033182998856715745,28.0,,,-86.60831230000001,36.003319700000006,,,0.0,0.0,0.0,0.0,16047.246234321232,-15972.946234321233,356.966036726931,West,True
7737,1619473684.8,98.75857564187953,-0.04911917818673529,27.652549124842224,,,-86.60829165000001,36.00330120000001,,,0.0,0.0,0.0,0.0,16050.017919748747,-15975.717919748748,356.9660183148601,West,True
7738,1619473684.9,98.73708999402577,-0.06420718941859072,27.305098249684452,,,-86.608271,36.00328270000001,,,0.0,0.0,0.0,0.0,16052.789605469789,-15978.48960546979,356.98059437319984,West,True
7739,1619473685.0,98.70601045909052,-0.07854102270358514,27.152549124842224,,,-86.60825025,36.003264200000004,,,0.0,0.0,0.0,0.0,16055.567328227165,-15981.267328227166,356.98057595782376,West,True
7740,1619473685.1,98.67493092415528,-0.09219994198798229,27.0,,,-86.60822950000001,36.00324570000001,,,0.0,0.0,0.0,0.0,16058.345051277378,-15984.045051277379,356.9079607942185,West,True
7741,1619473685.2,98.60795629953616,-0.10524492292320389,27.0,,,-86.6082088,36.0032268,,,0.0,0.0,0.0,0.0,16061.152887932774,-15986.852887932775,356.92729758499576,West,True
7742,1619473685.3,98.59032323269447,-0.11771250704403859,27.0,,,-86.6081883,36.0032082,,,0.0,0.0,0.0,0.0,16063.923839515408,-15989.623839515409,356.9659261445841,West,True
7743,1619473685.4,98.53260252305233,-0.1296198282192266,27.0,,,-86.60816765,36.00318970000001,,,0.0,0.0,0.0,0.0,16066.695526703319,-15992.39552670332,356.96590772582255,West,True
7744,1619473685.5,98.4748818134102,-0.14096509730661994,27.0,,,-86.608147,36.003171200000004,,,0.0,0.0,0.0,0.0,16069.4672141839,-15995.1672141839,356.9552252025731,West,True
7745,1619473685.6,98.3875219375545,-0.15173655179856121,26.803791569607927,,,-86.6081262,36.0031525,,,0.0,0.0,0.0,0.0,16072.26445478431,-15997.96445478431,356.9731858881132,West,True
7746,1619473685.7,98.31167950211714,-0.1619140328597218,26.304544431972783,,,-86.60810550000001,36.003134,,,0.0,0.0,0.0,0.0,16075.039159227817,-16000.739159227818,356.91071579766617,West,True
7747,1619473685.8,98.28175750945805,-0.1714763959873054,26.0,,,-86.608085,36.0031153,,,0.0,0.0,0.0,0.0,16077.818421642281,-16003.518421642282,356.9822045208577,West,True
7748,1619473685.9,98.21833871616985,-0.18039998909510757,26.0,,,-86.60806435,36.0030969,,,0.0,0.0,0.0,0.0,16080.581867622062,-16006.281867622063,356.98218620121895,West,True
7749,1619473686.0,98.15491992288165,-0.1886624162409271,26.0,,,-86.60804370000001,36.0030785,,,0.0,0.0,0.0,0.0,16083.345313893798,-16009.0453138938,356.9559551957343,West,True
7750,1619473686.1,98.09648962156228,-0.19623790478138398,26.0,,,-86.60802295,36.00305985,,,0.0,0.0,0.0,0.0,16086.135414589984,-16011.835414589985,356.9559366299649,West,True
7751,1619473686.2,98.03805932024294,-0.2030995799003622,26.0,,,-86.6080022,36.0030412,,,0.0,0.0,0.0,0.0,16088.925515581517,-16014.625515581518,356.98940714486605,West,True
7752,1619473686.3,97.99737164596785,-0.20921496494305858,26.0,,,-86.6079815,36.0030228,,,0.0,0.0,0.0,0.0,16091.691988106219,-16017.39198810622,356.98033743284077,West,True
7753,1619473686.4,97.9047209924436,-0.2145505850199217,25.652600426357974,,,-86.60796074999999,36.0030043,,,0.0,0.0,0.0,0.0,16094.46971499722,-16020.16971499722,356.9803190136738,West,True
7754,1619473686.5,97.81207033891936,-0.219070684679444,25.30520085271595,,,-86.60794,36.0029858,,,0.0,0.0,0.0,0.0,16097.247442182224,-16022.947442182225,357.0056844648057,West,True
7755,1619473686.6,97.7899769290638,-0.22274601363110674,25.0,,,-86.60791929999999,36.0029675,,,0.0,0.0,0.0,0.0,16100.005702154225,-16025.705702154226,356.9820575396791,West,True
7756,1619473686.7,97.72770759857602,-0.22555582623875775,25.0,,,-86.60789865,36.002949099999995,,,0.0,0.0,0.0,0.0,16102.769150475055,-16028.469150475055,356.98203922462756,West,True
7757,1619473686.8,97.66543826808822,-0.2274990518803094,25.0,,,-86.607878,36.0029307,,,0.0,0.0,0.0,0.0,16105.53259908667,-16031.23259908667,356.9729650756425,West,True
7758,1619473686.9,97.57003469163983,-0.22859650758389205,25.0,,,-86.60785729999999,36.002912200000004,,,0.0,0.0,0.0,0.0,16108.307307046023,-16034.007307046024,356.958279835988,West,True
7759,1619473687.0,97.4996043100326,-0.22890031707057484,25.0,,,-86.60783670000001,36.0028937,,,0.0,0.0,0.0,0.0,16111.075986536978,-16036.775986536979,356.997427062349,West,True
7760,1619473687.1,97.47198873878168,-0.22849253347838086,25.0,,,-86.607816,36.00287535,,,0.0,0.0,0.0,0.0,16113.838352149658,-16039.538352149659,356.9974087929753,West,True
7761,1619473687.2,97.44437316753074,-0.22748929955959202,25.0,,,-86.60779529999999,36.002857,,,0.0,0.0,0.0,0.0,16116.600718053856,-16042.300718053857,356.9910477190029,West,True
7762,1619473687.3,97.30613536710514,-0.2260341802700474,25.0,,,-86.6077747,36.002838700000005,,,0.0,0.0,0.0,0.0,16119.352915283149,-16045.05291528315,356.91041544633106,West,True
7763,1619473687.4,97.29133461191336,-0.22429648315804568,25.0,,,-86.6077542,36.00282,,,0.0,0.0,0.0,0.0,16122.132182279023,-16047.832182279024,356.98918769179977,West,True
7764,1619473687.5,97.25436182233486,-0.22246091699905357,24.902531130142386,,,-86.6077335,36.0028016,,,0.0,0.0,0.0,0.0,16124.89865831963,-16050.59865831963,356.9891693747711,West,True
7765,1619473687.6,97.21738903275634,-0.22072258842300876,24.805062260284767,,,-86.6077128,36.0027832,,,0.0,0.0,0.0,0.0,16127.665134651252,-16053.365134651252,356.959831938727,West,True
7766,1619473687.7,97.1043665955028,-0.2192769043922672,24.30422042099129,,,-86.6076923,36.0027648,,,0.0,0.0,0.0,0.0,16130.41953386382,-16056.11953386382,356.9671968002831,West,True
7767,1619473687.8,97.05847465870666,-0.21831511156414232,24.152110210495643,,,-86.60767175,36.00274640000001,,,0.0,0.0,0.0,0.0,16133.176946672434,-16058.876946672435,356.96717848178855,West,True
7768,1619473687.9,97.01258272191052,-0.218018342801147,24.0,,,-86.60765119999999,36.002728000000005,,,0.0,0.0,0.0,0.0,16135.934359770821,-16061.634359770822,356.9927618136737,West,True
7769,1619473688.0,96.97281066860202,-0.21855656822424935,24.0,,,-86.6076307,36.0027098,,,0.0,0.0,0.0,0.0,16138.672281064511,-16064.372281064512,356.99090215220195,West,True
7770,1619473688.1,96.90027006947203,-0.2200884972260171,24.0,,,-86.6076101,36.0026915,,,0.0,0.0,0.0,0.0,16141.424480623551,-16067.124480623552,356.99088393762486,West,True
7771,1619473688.2,96.82772947034204,-0.2227641460003481,24.0,,,-86.6075895,36.002673200000004,,,0.0,0.0,0.0,0.0,16144.17668047157,-16069.87668047157,356.9298254985219,West,True
7772,1619473688.3,96.73524431057564,-0.22672907251596908,24.0,,,-86.6075692,36.002654799999995,,,0.0,0.0,0.0,0.0,16146.91906880838,-16072.61906880838,356.99454898072474,West,True
7773,1619473688.4,96.75265251039689,-0.232127723902184,24.0,,,-86.6075488,36.002636700000004,,,0.0,0.0,0.0,0.0,16149.642713529482,-16075.342713529482,356.9844246485257,West,True
7774,1619473688.5,96.6653101044582,-0.23910763259922715,24.0,,,-86.6075283,36.00261845,,,0.0,0.0,0.0,0.0,16152.384748330314,-16078.084748330315,356.98440648302454,West,True
7775,1619473688.6,96.57796769851952,-0.2478187055866033,24.0,,,-86.6075078,36.0026002,,,0.0,0.0,0.0,0.0,16155.126783417596,-16080.826783417597,356.9779204408131,West,True
7776,1619473688.7,96.5096003124972,-0.2584120013231153,24.0,,,-86.6074874,36.002582000000004,,,0.0,0.0,0.0,0.0,16157.858655978653,-16083.558655978653,356.97790232109696,West,True
7777,1619473688.8,96.44123292647488,-0.271030559700018,24.0,,,-86.607467,36.0025638,,,0.0,0.0,0.0,0.0,16160.59052882481,-16086.290528824811,357.0008460038544,West,True
7778,1619473688.9,96.37957138596869,-0.2857994588023082,23.902076381517254,,,-86.60744650000001,36.00254565,,,0.0,0.0,0.0,0.0,16163.32434575896,-16089.02434575896,357.00082793513644,West,True
7779,1619473689.0,96.31790984546248,-0.30280752703727076,23.804152763034505,,,-86.607426,36.0025275,,,0.0,0.0,0.0,0.0,16166.058162980873,-16091.758162980874,356.9695606313032,West,True
7780,1619473689.1,96.23435597577554,-0.32209068425130727,23.402076381517254,,,-86.6074056,36.00250925,,,0.0,0.0,0.0,0.0,16168.794157838014,-16094.494157838015,356.969542464918,West,True
7781,1619473689.2,96.15080210608862,-0.34361005273333434,23.0,,,-86.60738520000001,36.002491,,,0.0,0.0,0.0,0.0,16171.53015298061,-16097.23015298061,357.0007739066317,West,True
7782,1619473689.3,96.15831120999903,-0.36723694995412315,23.0,,,-86.6073647,36.002472850000004,,,0.0,0.0,0.0,0.0,16174.263971064054,-16099.963971064055,357.0007558369928,West,True
7783,1619473689.4,96.16582031390944,-0.3927381649529891,23.0,,,-86.6073442,36.0024547,,,0.0,0.0,0.0,0.0,16176.997789434401,-16102.697789434402,357.02347840235063,West,True
7784,1619473689.5,96.07908437486195,-0.41977413502232375,23.0,,,-86.6073236,36.002436599999996,,,0.0,0.0,0.0,0.0,16179.733591407363,-16105.433591407364,357.0234603855565,West,True
7785,1619473689.6,95.99234843581446,-0.44790210044169343,23.0,,,-86.607303,36.0024185,,,0.0,0.0,0.0,0.0,16182.469393667856,-16108.169393667857,356.9628784628446,West,True
7786,1619473689.7,95.86132844620636,-0.4765953393023642,23.0,,,-86.6072827,36.0024003,,,0.0,0.0,0.0,0.0,16185.19523455783,-16110.895234557831,357.0459468595001,West,True
7787,1619473689.8,95.7349728346358,-0.5052676613506186,23.0,,,-86.60726199999999,36.00238225,,,0.0,0.0,0.0,0.0,16187.933060131369,-16113.63306013137,357.0459288899163,West,True
7788,1619473689.9,95.60861722306524,-0.5333116127369748,23.0,,,-86.6072413,36.0023642,,,0.0,0.0,0.0,0.0,16190.670885993357,-16116.370885993358,357.046112461914,West,True
7789,1619473690.0,95.44875822593288,-0.5601364792090351,23.0,,,-86.607221,36.0023465,,,0.0,0.0,0.0,0.0,16193.35570884305,-16119.05570884305,357.0418689392775,West,True
7790,1619473690.1,95.30937911296644,-0.5852125679847108,23.0,,,-86.6072005,36.0023286,,,0.0,0.0,0.0,0.0,16196.06907214448,-16121.769072144481,357.04185112100674,West,True
7791,1619473690.2,95.17,-0.6081063813992917,23.0,,,-86.60718,36.0023107,,,0.0,0.0,0.0,0.0,16198.782435730705,-16124.482435730706,357.0522247974432,West,True
7792,1619473690.3,95.00835757292498,-0.6285133621771084,23.0,,,-86.6071596,36.002292950000005,,,0.0,0.0,0.0,0.0,16201.477454978198,-16127.177454978199,357.05220712646917,West,True
7793,1619473690.4,94.84671514584994,-0.6462738102254084,23.0,,,-86.6071392,36.00227520000001,,,0.0,0.0,0.0,0.0,16204.172474506966,-16129.872474506967,357.103006962704,West,True
7794,1619473690.5,94.69835757292498,-0.6613811060985513,23.0,,,-86.60711850000001,36.0022575,,,0.0,0.0,0.0,0.0,16206.881900904807,-16132.581900904808,357.10298933995665,West,True
7795,1619473690.6,94.55,-0.6739705357476058,23.0,,,-86.6070978,36.0022398,,,0.0,0.0,0.0,0.0,16209.591327590211,-16135.291327590212,357.1065498507859,West,True
7796,1619473690.7,94.41320532814709,-0.6843012624893652,23.0,,,-86.60707725,36.00222225,,,0.0,0.0,0.0,0.0,16212.279365612543,-16137.979365612544,357.10653237618965,West,True
7797,1619473690.8,94.27641065629416,-0.6927223907256932,23.0,,,-86.6070567,36.0022047,,,0.0,0.0,0.0,0.0,16214.967403918392,-16140.667403918393,357.0252290421739,West,True
7798,1619473690.9,94.13297724582156,-0.6996383624702174,23.0,,,-86.60703620000001,36.0021867,,,0.0,0.0,0.0,0.0,16217.688936669785,-16143.388936669786,357.09354824740575,West,True
7799,1619473691.0,93.99231029191652,-0.7054656724819874,23.0,,,-86.6070158,36.002169200000004,,,0.0,0.0,0.0,0.0,16220.363666344525,-16146.063666344526,357.0603719641517,West,True
7800,1619473691.1,93.83615514595826,-0.7105971598511702,23.0,,,-86.6069954,36.002151500000004,,,0.0,0.0,0.0,0.0,16223.054618794305,-16148.754618794306,357.0603543397615,West,True
7801,1619473691.2,93.68,-0.7153647383169197,23.0,,,-86.606975,36.0021338,,,0.0,0.0,0.0,0.0,16225.745571524993,-16151.445571524993,357.0994000584624,West,True
7802,1619473691.3,93.56411675409684,-0.720016316205645,23.0,,,-86.6069545,36.00211625,,,0.0,0.0,0.0,0.0,16228.430520042803,-16154.130520042803,357.0993825840891,West,True
7803,1619473691.4,93.44823350819368,-0.7246949914296021,23.0,,,-86.606934,36.002098700000005,,,0.0,0.0,0.0,0.0,16231.11546884193,-16156.81546884193,357.134913256727,West,True
7804,1619473691.5,93.26539134953418,-0.7294352149764436,23.0,,,-86.6069136,36.002081450000006,,,0.0,0.0,0.0,0.0,16233.770044396742,-16159.470044396743,357.13489608010093,West,True
7805,1619473691.6,93.08254919087469,-0.7341606930427265,23.0,,,-86.6068932,36.00206420000001,,,0.0,0.0,0.0,0.0,16236.42462022907,-16162.124620229071,357.11583037738916,West,True
7806,1619473691.7,92.93402043951323,-0.7386982574910801,23.0,,,-86.6068727,36.002046750000005,,,0.0,0.0,0.0,0.0,16239.101498905935,-16164.801498905936,357.1158129981969,West,True
7807,1619473691.8,92.78549168815177,-0.7427897190160342,23.0,,,-86.6068522,36.0020293,,,0.0,0.0,0.0,0.0,16241.778377863622,-16167.478377863623,357.1278165060669,West,True
7808,1619473691.9,92.65122838888954,-0.7461167114315577,23.0,,,-86.60683184999999,36.00201205,,,0.0,0.0,0.0,0.0,16244.429847190213,-16170.129847190214,357.12779932601484,West,True
7809,1619473692.0,92.51696508962732,-0.748318905434489,23.0,,,-86.60681149999999,36.0019948,,,0.0,0.0,0.0,0.0,16247.081316792403,-16172.781316792403,357.1487634456423,West,True
7810,1619473692.1,92.34519500239969,-0.7490223687086248,23.0,,,-86.60679099999999,36.00197754999999,,,0.0,0.0,0.0,0.0,16249.742120638366,-16175.442120638367,357.1487462677755,West,True
7811,1619473692.2,92.17342491517208,-0.7478577825442723,23.0,,,-86.6067705,36.00196029999999,,,0.0,0.0,0.0,0.0,16252.40292476246,-16178.102924762461,357.22299208523447,West,True
7812,1619473692.3,91.96269767187472,-0.7444870405758057,23.0,,,-86.60675,36.0019435,,,0.0,0.0,0.0,0.0,16255.027887216553,-16180.727887216553,357.11481069182094,West,True
7813,1619473692.4,91.8711506319622,-0.738617732412842,23.0,,,-86.6067298,36.0019263,,,0.0,0.0,0.0,0.0,16257.666026494664,-16183.366026494665,357.1553164172448,West,True
7814,1619473692.5,91.72220561284823,-0.7300247336608023,23.096999626618086,,,-86.60670955,36.001909299999994,,,0.0,0.0,0.0,0.0,16260.291207396513,-16185.991207396513,357.15529949241636,West,True
7815,1619473692.6,91.57326059373426,-0.7185584754783161,23.19399925323617,,,-86.6066893,36.001892299999994,,,0.0,0.0,0.0,0.0,16262.916388571184,-16188.616388571185,357.2093342529453,West,True
7816,1619473692.7,91.40010107492378,-0.7041585086322534,23.596999626618086,,,-86.6066689,36.0018755,,,0.0,0.0,0.0,0.0,16265.53504028902,-16191.23504028902,357.20931752320905,West,True
7817,1619473692.8,91.2269415561133,-0.6868527717622537,24.0,,,-86.6066485,36.00185870000001,,,0.0,0.0,0.0,0.0,16268.153692280277,-16193.853692280278,357.21076781683706,West,True
7818,1619473692.9,91.09086717312881,-0.6667599186046618,24.0,,,-86.60662815,36.001841950000006,,,0.0,0.0,0.0,0.0,16270.765226458776,-16196.465226458777,357.2107511357454,West,True
7819,1619473693.0,90.95479279014432,-0.644077395166019,24.0,,,-86.60660779999999,36.001825200000006,,,0.0,0.0,0.0,0.0,16273.376760910742,-16199.076760910742,357.2053362293149,West,True
7820,1619473693.1,90.84909338899175,-0.6190714764657081,24.0,,,-86.60658755,36.001808499999996,,,0.0,0.0,0.0,0.0,16275.978026001723,-16201.678026001724,357.2053195992891,West,True
7821,1619473693.2,90.74339398783916,-0.5920555944613713,24.0,,,-86.6065673,36.00179179999999,,,0.0,0.0,0.0,0.0,16278.579291363192,-16204.279291363193,357.2371769129821,West,True
7822,1619473693.3,90.6158499423004,-0.563372120840452,24.0,,,-86.606547,36.001775249999994,,,0.0,0.0,0.0,0.0,16281.171842763746,-16206.871842763747,357.23716043033204,West,True
7823,1619473693.4,90.48830589676164,-0.5333676991073373,24.0,,,-86.6065267,36.0017587,,,0.0,0.0,0.0,0.0,16283.764394434596,-16209.464394434597,357.29047199196674,West,True
7824,1619473693.5,90.38915294838083,-0.5023755449930324,24.0,,,-86.60650625,36.00174235,,,0.0,0.0,0.0,0.0,16286.350788041691,-16212.050788041692,357.290455706109,West,True
7825,1619473693.6,90.29,-0.47069710801742703,24.0,,,-86.6064858,36.001726,,,0.0,0.0,0.0,0.0,16288.937181919171,-16214.637181919172,357.17035812016405,West,True
7826,1619473693.7,90.26624915527856,-0.438593515485632,24.0,,,-86.6064658,36.0017093,,,0.0,0.0,0.0,0.0,16291.522749693118,-16217.22274969312,357.278767016028,West,True
7827,1619473693.8,90.2141265369785,-0.4062794477336045,24.34780645315032,,,-86.6064455,36.001693,,,0.0,0.0,0.0,0.0,16294.095644526164,-16219.795644526164,357.2787507847456,West,True
7828,1619473693.9,90.16200391867844,-0.3739262776936462,24.69561290630064,,,-86.6064252,36.001676700000004,,,0.0,0.0,0.0,0.0,16296.668539628026,-16222.368539628027,357.2937252151547,West,True
7829,1619473694.0,90.03311880189408,-0.34166631270652503,24.84780645315032,,,-86.60640484999999,36.00166045,,,0.0,0.0,0.0,0.0,16299.24072062383,-16224.94072062383,357.2937090297606,West,True
7830,1619473694.1,89.90423368510972,-0.30960244371721524,25.0,,,-86.60638449999999,36.0016442,,,0.0,0.0,0.0,0.0,16301.812901887202,-16227.512901887203,357.2803484592136,West,True
7831,1619473694.2,89.85255003144647,-0.27781477973583246,25.0,,,-86.60636424999998,36.00162795,,,0.0,0.0,0.0,0.0,16304.378688990006,-16230.078688990006,357.2803322752407,West,True
7832,1619473694.3,89.80086637778322,-0.2463683963224584,25.0,,,-86.60634399999999,36.001611700000005,,,0.0,0.0,0.0,0.0,16306.944476357856,-16232.644476357857,357.2752364276745,West,True
7833,1619473694.4,89.73293853366383,-0.21531479969834602,25.0,,,-86.60632385,36.00159550000001,,,0.0,0.3018475141858256,0.0,0.0,16309.499963107846,-16235.199963107847,357.2752202887751,West,True
7834,1619473694.5,89.66501068954443,-0.18469317010004738,25.0,,,-86.6063037,36.0015793,,,0.0,0.6036950283716512,0.0,0.0,16312.055450122527,-16237.755450122528,357.2600184269621,West,True
7835,1619473694.6,89.63272710715135,-0.15452547689602208,25.34708879141546,,,-86.6062836,36.00156305,,,0.0,0.8018475141858257,0.0,0.0,16314.611675998258,-16240.311675998259,357.2600022424203,West,True
7836,1619473694.7,89.60044352475828,-0.12481395905072659,25.69417758283092,,,-86.6062635,36.0015468,,,0.0,1.0,0.0,0.0,16317.167902137548,-16242.867902137548,357.22863824174624,West,True
7837,1619473694.8,89.59125717670778,-0.0955354594942922,25.84708879141546,,,-86.60624375,36.00153065,,,0.0,1.0,0.0,0.0,16319.694038842072,-16245.394038842072,357.2286221605188,West,True
7838,1619473694.9,89.58207082865728,-0.06664237297410909,26.0,,,-86.606224,36.0015145,,,0.0,1.0,0.0,0.0,16322.2201758034,-16247.920175803401,357.281874872154,West,True
7839,1619473695.0,89.52835124647554,-0.038063160626868535,26.0,,,-86.60620379999999,36.001498299999994,,,0.0,1.0,0.0,0.0,16324.778856464549,-16250.47885646455,357.1815177137754,West,True
7840,1619473695.1,89.36985163150261,-0.009711873077129887,26.0,,,-86.6061842,36.001482,,,0.0,1.0,0.0,0.0,16327.307450810573,-16253.007450810574,357.25103781714427,West,True
7841,1619473695.2,89.45076225589747,0.018503142292569476,26.0,,,-86.60616435,36.0014659,,,0.0,1.0,0.0,0.0,16329.835983917983,-16255.535983917984,357.25102178275813,West,True
7842,1619473695.3,89.53167288029235,0.046662846339454334,26.0,,,-86.6061445,36.0014498,,,0.0,1.0,0.0,0.0,16332.364517282293,-16258.064517282293,357.25424285745174,West,True
7843,1619473695.4,89.58873546205754,0.07482556339289602,26.34671226416218,,,-86.60612474999999,36.0014338,,,0.0,1.0,0.0,0.0,16334.878825839614,-16260.578825839615,357.2542269215451,West,True
7844,1619473695.5,89.64579804382274,0.10301121886165258,26.69342452832436,,,-86.606105,36.0014178,,,0.0,1.0,0.0,0.0,16337.393134650754,-16263.093134650755,357.2542109851701,West,True
7845,1619473695.6,89.66499987094844,0.1311943317612246,26.84671226416218,,,-86.60608525,36.0014018,,,0.0,0.9427341889995693,0.0,0.0,16339.907443716616,-16265.607443716617,357.25419505268667,West,True
7846,1619473695.7,89.68420169807413,0.15929660193594603,27.0,,,-86.6060655,36.001385799999994,,,0.0,0.8854683779991385,0.0,0.0,16342.421753038103,-16268.121753038104,357.30885886550413,West,True
7847,1619473695.8,89.72282968241421,0.1871900901740646,27.0,,,-86.6060456,36.001369999999994,,,0.0,0.7767613839876963,0.0,0.0,16344.929988344558,-16270.629988344559,357.30884312970414,West,True
7848,1619473695.9,89.76145766675428,0.21470071030666665,27.0,,,-86.6060257,36.0013542,,,0.0,0.6680543899762541,0.0,0.0,16347.438223906453,-16273.138223906453,357.3053407447252,West,True
7849,1619473696.0,89.8264841540623,0.2416204942803211,27.0,,,-86.6060057,36.0013383,,,0.0,0.5593475255536163,0.0,0.0,16349.960669140073,-16275.660669140074,357.32224780341846,West,True
7850,1619473696.1,89.91324207703116,0.2677184828779636,27.097564094481445,,,-86.60598569999999,36.0013225,,,0.0,0.4506405315421741,0.0,0.0,16352.475333409762,-16278.175333409763,357.3222320649322,West,True
7851,1619473696.2,90.0,0.2927563709249536,27.19512818896289,,,-86.6059657,36.0013067,,,0.0,0.3419335375307319,0.0,0.0,16354.989997936445,-16280.689997936446,357.29177218249424,West,True
7852,1619473696.3,90.07786599546364,0.316500956457314,27.69404988622211,,,-86.6059458,36.0012908,,,0.0,0.2332266731080942,0.0,0.0,16357.506035625789,-16283.20603562579,357.322200669601,West,True
7853,1619473696.4,90.15767566079296,0.3387376576641967,28.0,,,-86.6059258,36.001275,,,0.0,0.1245195495078476,0.0,0.0,16360.020700670839,-16285.72070067084,357.31227037478965,West,True
7854,1619473696.5,90.23882814631573,0.3592808837871076,28.0,,,-86.605906,36.0012593,,,0.0,0.0158126850852098,0.0,0.0,16362.514729417571,-16288.214729417572,357.32216935023763,West,True
7855,1619473696.6,90.33885119274007,0.37798341812115016,28.0,,,-86.605886,36.0012435,,,0.0,0.0079063425426049,0.0,0.2898207831886434,16365.029394976807,-16290.729394976808,357.3221536116488,West,True
7856,1619473696.7,90.43887423916442,0.3947445354962762,28.0,,,-86.605866,36.0012277,,,0.0,0.0,0.0,0.5796415663772868,16367.544060793038,-16293.244060793038,357.3052142840125,West,True
7857,1619473696.8,90.5626732973609,0.4095159117293,28.0,,,-86.605846,36.00121179999999,,,0.0,0.0,0.0,0.8921941950147174,16370.066508085749,-16295.76650808575,357.3354255856879,West,True
7858,1619473696.9,90.6620414842386,0.4223081972781466,28.0,,,-86.6058259,36.00119599999999,,,0.0,0.0,0.0,0.9460970975073587,16372.58761833629,-16298.287618336291,357.3354098474383,West,True
7859,1619473697.0,90.7614096711163,0.43319339303210824,28.0,,,-86.6058058,36.0011802,,,0.0,0.0,0.0,1.0,16375.108728846111,-16300.808728846112,357.333597216989,West,True
7860,1619473697.1,90.84893522317195,0.442308337889794,28.096824836747782,,,-86.60578565,36.001164349999996,,,0.0,0.0,0.0,1.0,16377.636940033575,-16303.336940033576,357.3335814301037,West,True
7861,1619473697.2,90.9364607752276,0.4498508668605903,28.193649673495564,,,-86.6057655,36.0011485,,,0.0,0.0,0.0,1.0,16380.165151481702,-16305.865151481703,357.36343055259084,West,True
7862,1619473697.3,91.02544904357237,0.45607641578302194,28.596824836747782,,,-86.60574525000001,36.00113275,,,0.0,0.0,0.0,1.0,16382.692101454075,-16308.392101454076,357.36341486571973,West,True
7863,1619473697.4,91.11443731191711,0.46128460559978635,29.0,,,-86.605725,36.001117,,,0.0,0.0,0.0,1.0,16385.2190516891,-16310.9190516891,357.37633721943223,West,True
7864,1619473697.5,91.19282995480202,0.4658064526149474,29.0,,,-86.60570465,36.00110125,,,0.0,0.0,0.0,1.0,16387.75249472844,-16313.45249472844,357.37632153111633,West,True
7865,1619473697.6,91.27122259768691,0.46998151395754323,29.0,,,-86.6056843,36.001085499999995,,,0.0,0.0,0.0,1.0,16390.285938032903,-16315.985938032904,357.32199489714395,West,True
7866,1619473697.7,91.38230565007666,0.474138271308977,29.0,,,-86.60566429999999,36.0010697,,,0.0,0.0,0.0,1.0,16392.80060642858,-16318.50060642858,357.40371869187976,West,True
7867,1619473697.8,91.51779681237768,0.47856776763062464,29.0,,,-86.6056438,36.001054,,,0.0,0.0,0.0,1.0,16395.339992282243,-16321.039992282243,357.3826963220192,West,True
7868,1619473697.9,91.59516898646103,0.48350502932704603,29.0,,,-86.6056234,36.00103825,,,0.0,0.0,0.0,0.9103291060452813,16397.876688384345,-16323.576688384346,357.3826806340658,West,True
7869,1619473698.0,91.6725411605444,0.4891087441762112,29.0,,,-86.605603,36.0010225,,,0.0,0.0,0.0,0.8206582120905626,16400.413384751606,-16326.113384751607,357.36607027333406,West,True
7870,1619473698.1,91.79176224308799,0.4954527650663978,29.0,,,-86.60558259999999,36.001006649999994,,,0.0,0.0,0.0,0.7118819212116497,16402.95777093286,-16328.65777093286,357.36605448402173,West,True
7871,1619473698.2,91.91098332563156,0.5025196335841879,29.0,,,-86.6055622,36.0009908,,,0.0,0.0,0.0,0.6031056303327369,16405.502157378673,-16331.202157378673,357.42051457468887,West,True
7872,1619473698.3,91.99715525686105,0.5102069509756795,29.0,,,-86.60554149999999,36.000975049999994,,,0.0,0.0,0.0,0.49432933945382396,16408.058445925395,-16333.758445925396,357.42049888303177,West,True
7873,1619473698.4,92.08332718809052,0.5183362792718216,29.0,,,-86.6055208,36.0009593,,,0.0,0.0,0.0,0.3855530485749111,16410.614734741564,-16336.314734741565,357.3896535665144,West,True
7874,1619473698.5,92.22582625902766,0.5266722323209123,29.097019973039608,,,-86.60550015,36.0009434,,,0.0,0.0,0.0,0.2767768873674109,16413.1792195902,-16338.879219590202,357.3896377267196,West,True
7875,1619473698.6,92.3683253299648,0.5349415408403896,29.19403994607921,,,-86.6054795,36.0009275,,,0.0,0.0,0.0,0.1680007261599108,16415.743704709603,-16341.443704709603,357.3915121023128,West,True
7876,1619473698.7,92.5103986178672,0.5428575182004232,29.597019973039608,,,-86.6054589,36.00091165,,,0.0,0.0,0.0,0.0840003630799554,16418.301099182107,-16344.001099182107,357.391496314553,West,True
7877,1619473698.8,92.6524719057696,0.5501407532552616,30.0,,,-86.60543829999999,36.000895799999995,,,0.0,0.0,0.0,0.0,16420.858493925432,-16346.558493925433,357.4814084427049,West,True
7878,1619473698.9,92.71104649315453,0.5565407331097242,30.0,,,-86.6054173,36.000880200000005,,,0.0,0.0,0.0,0.0,16423.42319893369,-16349.123198933692,357.4266122276148,West,True
7879,1619473699.0,92.8601400063538,0.5618507308201803,30.0,,,-86.60539655,36.00086445,,,0.0,0.0,0.0,0.0,16425.982767704467,-16351.682767704468,357.4265965368956,West,True
7880,1619473699.1,93.00923351955308,0.5659211826542913,30.0,,,-86.60537579999999,36.0008487,,,0.0,0.0,0.0,0.0,16428.542336747123,-16354.242336747124,357.44089774737074,West,True
7881,1619473699.2,93.139233957424,0.5686650616820191,30.0,,,-86.605355,36.000833,,,0.0,0.0,0.0,0.0,16431.101392059965,-16356.801392059966,357.48910466403794,West,True
7882,1619473699.3,93.21350790770028,0.5700616314105382,30.0,,,-86.6053338,36.000817299999994,,,0.0,0.0,0.0,0.0,16433.686874112347,-16359.386874112348,357.4168362296583,West,True
7883,1619473699.4,93.3111474741619,0.57015245200926,30.0,,,-86.60531280000001,36.0008013,,,0.0,0.0,0.0,0.0,16436.281870028397,-16361.981870028398,357.4751400905766,West,True
7884,1619473699.5,93.47243804581578,0.5690372821045586,30.0,,,-86.60529165,36.00078555,,,0.0,0.0,0.0,0.0,16438.867798802206,-16364.567798802207,357.4751243951714,West,True
7885,1619473699.6,93.63372861746964,0.5668634162216505,30.0,,,-86.60527049999999,36.0007698,,,0.0,0.0,0.0,0.0,16441.453727856137,-16367.153727856137,357.47306962159684,West,True
7886,1619473699.7,93.7354973914335,0.5638170291768194,30.0,,,-86.6052493,36.000754,,,0.0,0.0,0.0,0.0,16444.046732069826,-16369.746732069827,357.4630569512189,West,True
7887,1619473699.8,93.82150157495334,0.5601095117804975,30.0,,,-86.60522805,36.0007381,,,0.0,0.0,0.0,0.0,16446.650583696337,-16372.350583696338,357.46304111017014,West,True
7888,1619473699.9,93.9075057584732,0.555967549795144,30.0,,,-86.60520679999999,36.0007222,,,0.0,0.0,0.0,0.0,16449.25443560581,-16374.95443560581,357.44709049620633,West,True
7889,1619473700.0,94.03266824488983,0.5516197238137915,30.0,,,-86.60518554999999,36.000706199999996,,,0.0,0.0,0.0,0.0,16451.865850624432,-16377.565850624433,357.44707455652014,West,True
7890,1619473700.1,94.15783073130648,0.5472875123570352,30.0,,,-86.6051643,36.0006902,,,0.0,0.0,0.0,0.0,16454.477265925496,-16380.177265925497,357.4530434995167,West,True
7891,1619473700.2,94.23674140099524,0.5431741634212586,30.0,,,-86.605143,36.000674200000006,,,0.0,0.0,0.0,0.0,16457.091975843894,-16382.791975843895,357.4689253663997,West,True
7892,1619473700.3,94.37491483605464,0.5394574053795742,30.0,,,-86.60512170000001,36.0006583,,,0.0,0.0,0.0,0.0,16459.699132779795,-16385.399132779796,357.50817519095204,West,True
7893,1619473700.4,94.54118368929888,0.5362814106105133,30.0,,,-86.6051002,36.0006425,,,0.0,0.0,0.0,0.0,16462.31205163883,-16388.01205163883,357.43323491980505,West,True
7894,1619473700.5,94.64568897327838,0.5337513304338232,30.0,,,-86.6050788,36.0006263,,,0.0,0.0,0.0,0.0,16464.948506302684,-16390.648506302685,357.4648658408895,West,True
7895,1619473700.6,94.75558974240724,0.5319289086849883,30.0,,,-86.60505739999999,36.000610300000005,,,0.0,0.0,0.0,0.0,16467.56981676587,-16393.26981676587,357.464849896652,West,True
7896,1619473700.7,94.86549051153608,0.5308294545409575,30.0,,,-86.605036,36.0005943,,,0.0,0.0,0.0,0.0,16470.191127515503,-16395.891127515504,357.49983733134826,West,True
7897,1619473700.8,94.96158029814886,0.5304221461585049,30.0,,,-86.6050143,36.0005783,,,0.0,0.0,0.0,0.0,16472.83232168321,-16398.53232168321,357.47659398630196,West,True
7898,1619473700.9,95.10409911778534,0.5306308307640851,30.0,,,-86.60499279999999,36.0005623,,,0.0,0.0,0.0,0.0,16475.460246640574,-16401.160246640575,357.51125985011976,West,True
7899,1619473701.0,95.20930004182657,0.5313399868235937,30.0,,,-86.60497099999999,36.0005463,,,0.0,0.0,0.0,0.0,16478.108097052544,-16403.808097052544,357.499789577776,West,True
7900,1619473701.1,95.31864611297934,0.5324002980824614,30.0,,,-86.6049493,36.000530299999994,,,0.0,0.0,0.0,0.0,16480.749292098022,-16406.449292098023,357.51484577669345,West,True
7901,1619473701.2,95.45388452928083,0.5336395689569355,30.0,,,-86.60492740000001,36.000514249999995,,,0.0,0.0,0.0,0.0,16483.407542029676,-16409.107542029677,357.5148297888534,West,True
7902,1619473701.3,95.58912294558232,0.5348719486066784,30.0,,,-86.6049055,36.0004982,,,0.0,0.0,0.0,0.0,16486.06579225891,-16411.76579225891,357.4450112766702,West,True
7903,1619473701.4,95.65863342274008,0.5359104659168591,30.0,,,-86.604884,36.000482,,,0.0,0.0,0.0,0.0,16488.708825243673,-16414.408825243674,357.53236868032656,West,True
7904,1619473701.5,95.78839051169895,0.5365765070707452,30.0,,,-86.60486215,36.0004661,,,0.0,0.0,0.0,0.0,16491.352561094714,-16417.052561094715,357.53235284245335,West,True
7905,1619473701.6,95.91814760065782,0.5367090915635757,30.0,,,-86.60484029999999,36.0004502,,,0.0,0.0,0.0,0.0,16493.996297240832,-16419.696297240833,357.53023127129757,West,True
7906,1619473701.7,96.02373490835356,0.5361707329651693,30.0,,,-86.6048184,36.00043425,,,0.0,0.0,0.0,0.0,16496.64709613619,-16422.34709613619,357.5302153816357,West,True
7907,1619473701.8,96.12932221604932,0.5348496248926602,30.0,,,-86.60479649999999,36.00041829999999,,,0.0,0.0,0.0,0.0,16499.297895328637,-16424.997895328637,357.5559058854806,West,True
7908,1619473701.9,96.2328264896428,0.5326599646500922,30.0,,,-86.6047743,36.0004023,,,0.0,0.0,0.0,0.0,16501.972508046867,-16427.672508046868,357.51830304491847,West,True
7909,1619473702.0,96.29007976850735,0.5295364098559874,30.0,,,-86.60475229999999,36.0003862,,,0.0,0.0,0.0,0.0,16504.641160677962,-16430.341160677963,357.5392679146484,West,True
7910,1619473702.1,96.42568645513207,0.525430081983116,30.0,,,-86.60473024999999,36.000370200000006,,,0.0,0.0,0.0,0.0,16507.305713675483,-16433.005713675484,357.5392519688033,West,True
7911,1619473702.2,96.56129314175678,0.5202981399135908,30.0,,,-86.6047082,36.000354200000004,,,0.0,0.0,0.0,0.0,16509.970266972177,-16435.670266972178,357.5473962882994,West,True
7912,1619473702.3,96.61825352218578,0.5140992087069587,30.0,,,-86.6046858,36.000338,,,0.0,0.0,0.0,0.0,16512.67311190849,-16438.37311190849,357.5460890131735,West,True
7913,1619473702.4,96.72279481417272,0.506783065518244,30.0,,,-86.60466355,36.0003219,,,0.0,0.0,0.0,0.0,16515.35848642619,-16441.05848642619,357.54607296997284,West,True
7914,1619473702.5,96.82733610615963,0.4982901319064065,30.0,,,-86.6046413,36.0003058,,,0.0,0.0,0.0,0.0,16518.043861249,-16443.743861249,357.55155230220527,West,True
7915,1619473702.6,96.94702727372302,0.4885464198821582,30.0,,,-86.604619,36.0002897,,,0.0,0.0,0.0,0.0,16520.732590611246,-16446.432590611246,357.534274289783,West,True
7916,1619473702.7,97.0491411020325,0.4774707219512184,30.0,,,-86.60459664999999,36.00027345000001,,,0.0,0.0,0.0,0.0,16523.435798250794,-16449.135798250794,357.53425809452125,West,True
7917,1619473702.8,97.15125493034196,0.46497796326007246,30.0,,,-86.6045743,36.00025720000001,,,0.0,0.0,0.0,0.0,16526.139006198064,-16451.839006198064,357.54729979688165,West,True
7918,1619473702.9,97.2448768881249,0.45099475500999026,30.0,,,-86.60455189999999,36.000241,,,0.0,0.0,0.0,0.0,16528.84185298225,-16454.54185298225,357.5472836524965,West,True
7919,1619473703.0,97.33849884590784,0.43547026267890243,30.0,,,-86.6045295,36.0002248,,,0.0,0.0,0.0,0.0,16531.544700074093,-16457.244700074094,357.5732102917238,West,True
7920,1619473703.1,97.46428451989313,0.4183963237361942,30.0,,,-86.604507,36.00020870000001,,,0.0,0.0,0.0,0.0,16534.246881169373,-16459.946881169373,357.5556979803385,West,True
7921,1619473703.2,97.50674812304104,0.3998200700664727,29.806665166146843,,,-86.6044848,36.0001927,,,0.0,0.0,0.0,0.0,16536.92149785295,-16462.62149785295,357.5796800003973,West,True
7922,1619473703.3,97.6137247935659,0.3798607747210943,29.307170698420524,,,-86.60446280000001,36.000177,,,0.0,0.0,0.0,0.0,16539.560522978256,-16465.260522978257,357.5505798584597,West,True
7923,1619473703.4,97.71064650286519,0.3587154812341242,29.15358534921026,,,-86.6044403,36.00016075,,,0.0,0.0,0.0,0.0,16542.27378401963,-16467.973784019632,357.5505636652764,West,True
7924,1619473703.5,97.80756821216448,0.33666408069302023,29.0,,,-86.6044178,36.0001445,,,0.0,0.0,0.0,0.0,16544.98704537119,-16470.68704537119,357.56886702654515,West,True
7925,1619473703.6,97.9046965271016,0.31406078864948717,29.0,,,-86.6043952,36.0001283,,,0.0,0.0,0.0,0.0,16547.7033342014,-16473.4033342014,357.57208634833273,West,True
7926,1619473703.7,97.90986458646137,0.29132323000953214,29.0,,,-86.60437250000001,36.00011205,,,0.0,0.0,0.0,0.0,16550.430044111108,-16476.13004411111,357.5720701568797,West,True
7927,1619473703.8,97.91503264582114,0.26890875816381177,29.0,,,-86.60434980000001,36.0000958,,,0.0,0.0,0.0,0.0,16553.156754336902,-16478.856754336903,357.60497764672357,West,True
7928,1619473703.9,97.99865070510124,0.24729065710913,29.0,,,-86.604327,36.0000797,,,0.0,0.0,0.0,0.0,16555.87921160042,-16481.57921160042,357.5953701384914,West,True
7929,1619473704.0,98.04343591949674,0.22692555564429326,29.0,,,-86.60430414999999,36.000063499999996,,,0.0,0.0,0.0,0.0,16558.612375190278,-16484.31237519028,357.59535399367036,West,True
7930,1619473704.1,98.08822113389226,0.20822586924437425,29.0,,,-86.6042813,36.0000473,,,0.0,0.0,0.0,0.0,16561.34553909623,-16487.04553909623,357.60797902220344,West,True
7931,1619473704.2,98.13099262396639,0.1915285726678026,29.0,,,-86.60425839999999,36.00003115,,,0.0,0.0,0.0,0.0,16564.07843116952,-16489.77843116952,357.607962929197,West,True
7932,1619473704.3,98.17376411404052,0.17707436202578383,29.0,,,-86.6042355,36.000015000000005,,,0.0,0.0,0.0,0.0,16566.81132355934,-16492.51132355934,357.61096994518846,West,True
7933,1619473704.4,98.2392619342982,0.16498710986624066,29.0,,,-86.6042125,35.99999879999999,,,0.0,0.0,0.0,0.0,16569.554651214654,-16495.254651214655,357.61831890003066,West,True
7934,1619473704.5,98.27606385055762,0.15526717173813906,29.0,,,-86.6041895,35.99998264999999,,,0.0,0.0,0.0,0.0,16572.294331689056,-16497.994331689057,357.6183028081025,West,True
7935,1619473704.6,98.31286576681704,0.14778675796515942,29.0,,,-86.6041665,35.9999665,,,0.0,0.0,0.0,0.0,16575.03401248294,-16500.734012482942,357.63370127478464,West,True
7936,1619473704.7,98.35840540878155,0.1423001104134327,29.0,,,-86.60414335000002,35.99995035,,,0.0,0.0,0.0,0.0,16577.783898539037,-16503.483898539038,357.6336851841944,West,True
7937,1619473704.8,98.40394505074605,0.1384555637467274,29.0,,,-86.60412020000001,35.9999342,,,0.0,0.0,0.0,0.0,16580.533784919087,-16506.233784919088,357.65168213295277,West,True
7938,1619473704.9,98.41840410902763,0.1358211027648717,29.0,,,-86.6040968,35.999918,,,0.0,0.0,0.0,0.0,16583.30435405801,-16509.00435405801,357.68025232347776,West,True
7939,1619473705.0,98.46314550757602,0.13391003491976847,28.65350803496416,,,-86.60407355,35.9999021,,,0.0,0.0,0.0,0.0,16586.043032407535,-16511.743032407536,357.6802364774409,West,True
7940,1619473705.1,98.5078869061244,0.13221664847353845,28.30701606992832,,,-86.6040503,35.9998862,,,0.0,0.0,0.0,0.0,16588.78171107911,-16514.481711079112,357.65610845074997,West,True
7941,1619473705.2,98.5732693533279,0.13024851577171076,28.15350803496416,,,-86.604027,35.999870099999995,,,0.0,0.0,0.0,0.0,16591.538217871686,-16517.238217871687,357.6560924059032,West,True
7942,1619473705.3,98.6386518005314,0.12756305470797874,28.0,,,-86.6040037,35.999854,,,0.0,0.0,0.0,0.0,16594.294724989137,-16519.994724989137,357.6855025408586,West,True
7943,1619473705.4,98.69068569580989,0.12379578906466521,28.0,,,-86.60398025,35.999838,,,0.0,0.0,0.0,0.0,16597.054325150144,-16522.754325150145,357.68548659596297,West,True
7944,1619473705.5,98.74271959108836,0.11868600413143135,28.0,,,-86.60395679999999,35.999821999999995,,,0.0,0.0,0.0,0.0,16599.813925639308,-16525.51392563931,357.68053050541164,West,True
7945,1619473705.6,98.78885722481499,0.11208941361310315,28.0,,,-86.60393339999999,35.999806,,,0.0,0.0,0.0,0.0,16602.57008959987,-16528.27008959987,357.6805145575289,West,True
7946,1619473705.7,98.83499485854163,0.10398296888160151,28.0,,,-86.60391,35.999790000000004,,,0.0,0.0,0.0,0.0,16605.326253885647,-16531.026253885648,357.7001340712145,West,True
7947,1619473705.8,98.81749742927082,0.09445522801913159,28.0,,,-86.6038864,35.999774,,,0.0,0.0,0.0,0.0,16608.096184162827,-16533.796184162828,357.70011812379545,West,True
7948,1619473705.9,98.8,0.08368829627063942,28.0,,,-86.6038628,35.999758,,,0.0,0.0,0.0,0.0,16610.866114769167,-16536.566114769168,357.69032602456906,West,True
7949,1619473706.0,98.79760546348972,0.07192923169023184,28.0,,,-86.60383929999999,35.999742,,,0.0,0.0,0.0,0.0,16613.629156799638,-16539.32915679964,357.7192723659712,West,True
7950,1619473706.1,98.78564061151681,0.05945803705308607,27.90411210107686,,,-86.60381565,35.999726100000004,,,0.0,0.0,0.0,0.0,16616.39541706012,-16542.09541706012,357.7192565193461,West,True
7951,1619473706.2,98.7736757595439,0.04655342930969339,27.808224202153717,,,-86.603792,35.9997102,,,0.0,0.0,0.0,0.0,16619.161677652,-16544.861677652,357.70491156571364,West,True
7952,1619473706.3,98.78331211456467,0.033463155302345386,27.40411210107686,,,-86.60376835,35.9996942,,,0.0,0.0,0.0,0.0,16621.93505855767,-16547.63505855767,357.7048956181565,West,True
7953,1619473706.4,98.79294846958544,0.020380689095092483,27.0,,,-86.60374470000001,35.9996782,,,0.0,0.0,0.0,0.0,16624.708439793485,-16550.408439793486,357.7097165038216,West,True
7954,1619473706.5,98.76703853166845,0.0074325203301251926,27.0,,,-86.60372100000001,35.9996622,,,0.0,0.0,0.0,0.0,16627.4852733468,-16553.1852733468,357.70970056079585,West,True
7955,1619473706.6,98.74112859375144,-0.005324033318906397,27.0,,,-86.6036973,35.99964620000001,,,0.0,0.0,0.0,0.0,16630.26210723321,-16555.962107233212,357.71929753425655,West,True
7956,1619473706.7,98.71729215943625,-0.017892107837274934,27.0,,,-86.60367349999999,35.999630200000006,,,0.0,0.0,0.0,0.0,16633.045854389304,-16558.745854389304,357.71928158682323,West,True
7957,1619473706.8,98.69345572512108,-0.0303184617252379,27.0,,,-86.60364969999999,35.9996142,,,0.0,0.0,0.0,0.0,16635.829601878504,-16561.529601878505,357.72160396104465,West,True
7958,1619473706.9,98.69837476185542,-0.04267124306978744,27.0,,,-86.60362595,35.999598250000005,,,0.0,0.0,0.0,0.0,16638.606337323145,-16564.306337323145,357.72158806240856,West,True
7959,1619473707.0,98.70329379858975,-0.055016572810613146,27.0,,,-86.6036022,35.9995823,,,0.0,0.0,0.0,0.0,16641.383073100777,-16567.083073100777,357.73822034557764,West,True
7960,1619473707.1,98.69664689929488,-0.06739741453963152,27.0,,,-86.60357834999999,35.9995664,,,0.0,0.0,0.0,0.0,16644.16319795362,-16569.863197953622,357.73820449585384,West,True
7961,1619473707.2,98.69,-0.07981803361623716,27.0,,,-86.6035545,35.9995505,,,0.0,0.0,0.0,0.0,16646.943323139316,-16572.643323139317,357.7381887503193,West,True
7962,1619473707.3,98.6433949060359,-0.09223587759781218,27.0,,,-86.6035308,35.9995347,,,0.0,0.0,0.0,0.0,16649.705963592172,-16575.405963592173,357.73580940310984,West,True
7963,1619473707.4,98.5981085234215,-0.10456159381020366,27.0,,,-86.6035069,35.99951875,,,0.0,0.0,0.0,0.0,16652.493096726666,-16578.193096726667,357.7357935056765,West,True
7964,1619473707.5,98.55282214080712,-0.11666640147661402,27.0,,,-86.603483,35.9995028,,,0.0,0.0,0.0,0.0,16655.280230196604,-16580.980230196605,357.75704938389106,West,True
7965,1619473707.6,98.4981081031502,-0.1283950183886027,26.653814532834097,,,-86.60345910000001,35.999487,,,0.0,0.0,0.0,0.0,16658.056780178325,-16583.756780178326,357.7570336375707,West,True
7966,1619473707.7,98.44339406549328,-0.13958158074047705,26.307629065668195,,,-86.6034352,35.99947120000001,,,0.0,0.0,0.0,0.0,16660.833330494093,-16586.533330494094,357.7594261202902,West,True
7967,1619473707.8,98.39638181195404,-0.15006582405347052,26.153814532834097,,,-86.60341135,35.999455450000006,,,0.0,0.0,0.0,0.0,16663.602880563973,-16589.302880563973,357.7594104228551,West,True
7968,1619473707.9,98.3493695584148,-0.15970697955611093,26.0,,,-86.6033875,35.9994397,,,0.0,0.0,0.0,0.0,16666.3724309658,-16592.0724309658,357.78044580805494,West,True
7969,1619473708.0,98.29129752626544,-0.1683936164430742,26.0,,,-86.6033635,35.999424,,,0.0,0.0,0.0,0.0,16669.14894919465,-16594.84894919465,357.78718469128387,West,True
7970,1619473708.1,98.19805875711225,-0.17604830894417295,26.0,,,-86.60333935,35.99940825,,,0.0,0.0,0.0,0.0,16671.939459452493,-16597.639459452494,357.7871689923554,West,True
7971,1619473708.2,98.10481998795906,-0.18262731900536594,26.0,,,-86.6033152,35.9993925,,,0.0,0.0,0.0,0.0,16674.729970048626,-16600.429970048626,357.79452224902906,West,True
7972,1619473708.3,98.07057195013894,-0.1881157735239699,26.0,,,-86.6032912,35.9993769,,,0.0,0.0,0.0,0.0,16677.499511301274,-16603.199511301274,357.7945066994609,West,True
7973,1619473708.4,98.0363239123188,-0.19252018337804902,26.0,,,-86.6032672,35.9993613,,,0.0,0.0,0.0,0.0,16680.26905288735,-16605.96905288735,357.7969680349668,West,True
7974,1619473708.5,97.96288747159946,-0.1958594450330749,26.0,,,-86.60324324999999,35.99934575,,,0.0,0.0,0.0,0.0,16683.031606565622,-16608.731606565623,357.79695253284854,West,True
7975,1619473708.6,97.8894510308801,-0.19815671695361636,26.0,,,-86.60321929999999,35.9993302,,,0.0,0.0,0.0,0.0,16685.794160574715,-16611.494160574715,357.81766850060654,West,True
7976,1619473708.7,97.86744692443202,-0.1994327202300306,26.0,,,-86.6031952,35.999314700000006,,,0.0,0.0,0.0,0.0,16688.563788513107,-16614.263788513108,357.7944445004429,West,True
7977,1619473708.8,97.80870554174518,-0.1997023472303134,26.0,,,-86.6031712,35.9992991,,,0.0,0.0,0.0,0.0,16691.333331426657,-16617.033331426657,357.79442895271177,West,True
7978,1619473708.9,97.74996415905834,-0.1989737759912787,26.0,,,-86.60314720000001,35.999283500000004,,,0.0,0.0,0.0,0.0,16694.102874672644,-16619.802874672645,357.8176222791668,West,True
7979,1619473709.0,97.67797156819162,-0.1972510842105303,26.0,,,-86.6031231,35.999268,,,0.0,0.0,0.0,0.0,16696.87250361749,-16622.57250361749,357.8176068286528,West,True
7980,1619473709.1,97.6059789773249,-0.19453826889892822,26.0,,,-86.603099,35.999252500000004,,,0.0,0.0,0.0,0.0,16699.6421328954,-16625.3421328954,357.8175913791466,West,True
7981,1619473709.2,97.5600021976316,-0.1908451471351954,26.0,,,-86.6030749,35.99923700000001,,,0.0,0.0,0.0,0.0,16702.411762506857,-16628.11176250686,357.8175759270647,West,True
7982,1619473709.3,97.51402541793831,-0.18619241721467872,26.0,,,-86.60305079999999,35.999221500000004,,,0.0,0.0,0.0,0.0,16705.181392452363,-16630.881392452364,357.7993153940369,West,True
7983,1619473709.4,97.4401848514542,-0.1806166088621773,26.0,,,-86.6030269,35.999206,,,0.0,0.0,0.0,0.0,16707.936961699397,-16633.636961699398,357.7992999472562,West,True
7984,1619473709.5,97.3663442849701,-0.1741723248800391,26.0,,,-86.603003,35.999190500000005,,,0.0,0.0,0.0,0.0,16710.692531276647,-16636.392531276648,357.81752983255683,West,True
7985,1619473709.6,97.33865042725691,-0.16693341823845909,26.0,,,-86.6029789,35.999175,,,0.0,0.0,0.0,0.0,16713.462162222808,-16639.16216222281,357.81751438219527,West,True
7986,1619473709.7,97.3109565695437,-0.1589909660432331,26.0,,,-86.60295479999999,35.9991595,,,0.0,0.0,0.0,0.0,16716.23179350252,-16641.93179350252,357.81343787685074,West,True
7987,1619473709.8,97.26601385653461,-0.15045078055166522,25.654509711662193,,,-86.60293089999999,35.999144099999995,,,0.0,0.0,0.0,0.0,16718.9804228736,-16644.6804228736,357.81342252715507,West,True
7988,1619473709.9,97.22107114352552,-0.14142850591368156,25.309019423324383,,,-86.602907,35.9991287,,,0.0,0.0,0.0,0.0,16721.729052571598,-16647.4290525716,357.7899846882504,West,True
7989,1619473710.0,97.16756794229238,-0.1320458164224391,25.0,,,-86.60288320000001,35.999113200000004,,,0.0,0.0,0.0,0.0,16724.477610455975,-16650.177610455976,357.7945978143845,West,True
7990,1619473710.1,97.17627901128859,-0.12242530823336575,25.0,,,-86.60285935,35.99909770000001,,,0.0,0.0,0.0,0.0,16727.22967389653,-16652.92967389653,357.7945823648057,West,True
7991,1619473710.2,97.1849900802848,-0.11268788796512527,25.0,,,-86.6028355,35.999082200000004,,,0.0,0.0,0.0,0.0,16729.981737666334,-16655.681737666335,357.792427317922,West,True
7992,1619473710.3,97.12171932528574,-0.10294928293604495,25.0,,,-86.60281175,35.99906675,,,0.0,0.0,0.0,0.0,16732.723306851483,-16658.423306851484,357.79241191886405,West,True
7993,1619473710.4,97.05844857028669,-0.09331952159457704,25.0,,,-86.602788,35.9990513,,,0.0,0.0,0.0,0.0,16735.46487636233,-16661.16487636233,357.81380866441884,West,True
7994,1619473710.5,97.04115340276834,-0.0839010501165991,25.0,,,-86.60276425,35.999036000000004,,,0.0,0.0,0.0,0.0,16738.19602534635,-16663.896025346352,357.8137934137932,West,True
7995,1619473710.6,97.02385823525002,-0.07478950918725952,25.0,,,-86.6027405,35.9990207,,,0.0,0.0,0.0,0.0,16740.92717465612,-16666.62717465612,357.8326119878772,West,True
7996,1619473710.7,96.98293382312627,-0.06607236521643947,25.0,,,-86.6027167,35.9990055,,,0.0,0.0,0.0,0.0,16743.65494071503,-16669.35494071503,357.7994877480795,West,True
7997,1619473710.8,96.97955083661697,-0.057829831352832456,25.0,,,-86.60269295,35.9989901,,,0.0,0.0,0.0,0.0,16746.39303102048,-16672.093031020482,357.7994723996609,West,True
7998,1619473710.9,96.97616785010766,-0.05013337409872638,25.0,,,-86.60266920000001,35.998974700000005,,,0.0,0.0,0.0,0.0,16749.13112165099,-16674.83112165099,357.8299981401115,West,True
7999,1619473711.0,96.9461659961569,-0.04304660342002334,25.0,,,-86.60264535,35.99895945,,,0.0,0.0,0.0,0.0,16751.865864544136,-16677.565864544136,357.82998293845037,West,True
8000,1619473711.1,96.91616414220616,-0.036624236451935355,25.0,,,-86.6026215,35.998944200000004,,,0.0,0.0,0.0,0.0,16754.60060776229,-16680.300607762292,357.8208396136867,West,True
8001,1619473711.2,96.89308207110308,-0.030913827040993852,25.0,,,-86.60259775,35.99892895000001,,,0.0,0.0,0.0,0.0,16757.328299219073,-16683.028299219073,357.820824411591,West,True
8002,1619473711.3,96.87,-0.02595631713578314,25.0,,,-86.602574,35.9989137,,,0.0,0.0,0.0,0.0,16760.055990999954,-16685.755990999955,357.80401407288156,West,True
8003,1619473711.4,96.88798763345032,-0.021789343090725742,25.0,,,-86.6025502,35.99889829999999,,,0.0,0.0,0.0,0.0,16762.797594494175,-16688.497594494176,357.8136559629315,West,True
8004,1619473711.5,96.89201229098987,-0.01844961658828625,25.0,,,-86.60252645,35.998883,,,0.0,0.0,0.0,0.0,16765.52874672078,-16691.228746720783,357.81364071295894,West,True
8005,1619473711.6,96.8960369485294,-0.015977101527597428,25.0,,,-86.6025027,35.998867700000005,,,0.0,0.0,0.0,0.0,16768.259899271645,-16693.959899271646,357.8421783247026,West,True
8006,1619473711.7,96.8714138682862,-0.014417663940246432,25.0,,,-86.60247895,35.998852600000006,,,0.0,0.0,0.0,0.0,16770.97725478801,-16696.67725478801,357.84216327054924,West,True
8007,1619473711.8,96.846790788043,-0.013825703327708817,25.0,,,-86.60245520000001,35.9988375,,,0.0,0.0,0.0,0.0,16773.694610626506,-16699.394610626507,357.8273038796943,West,True
8008,1619473711.9,96.91058798619684,-0.014264169731754877,25.0,,,-86.60243129999999,35.9988222,,,0.0,0.0,0.0,0.0,16776.436333211004,-16702.136333211005,357.8094271503721,West,True
8009,1619473712.0,96.91158429525149,-0.015802702700767002,25.0,,,-86.60240775,35.998807,,,0.0,0.0,0.0,0.0,16779.1464867754,-16704.8464867754,357.8094119986082,West,True
8010,1619473712.1,96.91258060430611,-0.01851252206506403,25.0,,,-86.6023842,35.99879179999999,,,0.0,0.0,0.0,0.0,16781.856640659476,-16707.556640659477,357.8160945040132,West,True
8011,1619473712.2,96.91022923116552,-0.022458688506745414,25.0,,,-86.6023605,35.998776549999995,,,0.0,0.0,0.0,0.0,16784.580813592147,-16710.280813592148,357.81607930292523,West,True
8012,1619473712.3,96.90787785802492,-0.027689903185597494,25.0,,,-86.6023368,35.9987613,,,0.0,0.0,0.0,0.0,16787.30498684748,-16713.00498684748,357.8114514176261,West,True
8013,1619473712.4,96.91057498246971,-0.03422686788205115,25.0,,,-86.60231315,35.998746049999994,,,0.0,0.0,0.0,0.0,16790.025641543703,-16715.725641543704,357.8114362175081,West,True
8014,1619473712.5,96.9132721069145,-0.0420506810371057,25.0,,,-86.6022895,35.9987308,,,0.0,0.0,0.0,0.0,16792.746296561152,-16718.446296561153,357.8180775913769,West,True
8015,1619473712.6,96.88124231806424,-0.051092775881126096,25.0,,,-86.6022657,35.9987155,,,0.0,0.0,0.0,0.0,16795.48097250685,-16721.180972506852,357.8046641781317,West,True
8016,1619473712.7,96.88595280126358,-0.06122820155938896,25.0,,,-86.6022422,35.9987003,,,0.0,0.0,0.0,0.0,16798.187613625985,-16723.887613625986,357.8374648621654,West,True
8017,1619473712.8,96.93292702059112,-0.07227383482451757,24.81000041658484,,,-86.6022185,35.998685200000004,,,0.0,0.0,0.0,0.0,16800.901437529254,-16726.601437529254,357.80463374861375,West,True
8018,1619473712.9,96.9217712580758,-0.08399213709509265,24.40500020829242,,,-86.602195,35.998670000000004,,,0.0,0.0,0.0,0.0,16803.60807928379,-16729.30807928379,357.80461859644953,West,True
8019,1619473713.0,96.91061549556046,-0.09610161051801591,24.0,,,-86.6021715,35.9986548,,,0.0,0.0,0.0,0.0,16806.314721356066,-16732.014721356067,357.8041762668739,West,True
8020,1619473713.1,96.91030774778022,-0.10829202046869685,24.0,,,-86.60214785,35.998639499999996,,,0.0,0.0,0.0,0.0,16809.038847030344,-16734.738847030345,357.80416101592425,West,True
8021,1619473713.2,96.91,-0.12024509958331016,24.0,,,-86.6021242,35.9986242,,,0.0,0.0,0.0,0.0,16811.762973025492,-16737.462973025493,357.8045729508752,West,True
8022,1619473713.3,96.7528498254667,-0.13165582693920233,24.0,,,-86.6021007,35.998609,,,0.0,0.0,0.0,0.0,16814.469616057206,-16740.169616057206,357.806667144175,West,True
8023,1619473713.4,96.68642491273334,-0.14225543760833298,24.0,,,-86.6020771,35.99859375,,,0.0,0.0,0.0,0.0,16817.186757962572,-16742.886757962573,357.8066519442336,West,True
8024,1619473713.5,96.62,-0.15182908824625252,24.0,,,-86.6020535,35.9985785,,,0.0,0.0,0.0,0.0,16819.90390018922,-16745.60390018922,357.8333874521746,West,True
8025,1619473713.6,96.58018746124952,-0.16023121901516835,24.0,,,-86.60203,35.9985635,,,0.0,0.0,0.0,0.0,16822.596713071765,-16748.296713071766,357.8112542216051,West,True
8026,1619473713.7,96.5335560072176,-0.1673909169194645,24.0,,,-86.60200635000001,35.99854825,,,0.0,0.0,0.0,0.0,16825.31737193983,-16751.01737193983,357.81123902244497,West,True
8027,1619473713.8,96.48692455318567,-0.17331330634257006,24.0,,,-86.60198270000001,35.998533,,,0.0,0.0,0.0,0.0,16828.03803113012,-16753.73803113012,357.82299127225764,West,True
8028,1619473713.9,96.42499691894012,-0.1780699890223803,24.0,,,-86.601959,35.998517799999995,,,0.0,0.0,0.0,0.0,16830.758752237223,-16756.458752237224,357.82094507210104,West,True
8029,1619473714.0,96.38940776745471,-0.18178744603508407,24.0,,,-86.6019354,35.99850265,,,0.0,0.0,0.0,0.0,16833.468970501905,-16759.168970501905,357.8209299726892,West,True
8030,1619473714.1,96.3538186159693,-0.1846275680403412,24.0,,,-86.6019118,35.9984875,,,0.0,0.0,0.0,0.0,16836.179189087074,-16761.879189087074,357.8203853716586,West,True
8031,1619473714.2,96.29888360389253,-0.1867706793560103,24.0,,,-86.60188804999999,35.998472250000006,,,0.0,0.0,0.0,0.0,16838.9068902361,-16764.6068902361,357.8203701683801,West,True
8032,1619473714.3,96.24394859181578,-0.1883958968724112,24.0,,,-86.60186429999999,35.998457,,,0.0,0.0,0.0,0.0,16841.63459170822,-16767.334591708222,357.82492961782805,West,True
8033,1619473714.4,96.17807022648137,-0.18966855186839948,24.0,,,-86.6018405,35.99844175,,,0.0,0.0,0.0,0.0,16844.365818149323,-16770.065818149324,357.824914418419,West,True
8034,1619473714.5,96.11219186114694,-0.19072941247529995,24.0,,,-86.6018167,35.9984265,,,0.0,0.0,0.0,0.0,16847.097044914484,-16772.797044914485,357.8280390179383,West,True
8035,1619473714.6,96.06848134190705,-0.1916930405956075,24.0,,,-86.6017931,35.9984114,,,0.0,0.0,0.0,0.0,16849.80381281377,-16775.50381281377,357.8280239670535,West,True
8036,1619473714.7,96.02477082266714,-0.19264947454754006,24.0,,,-86.60176949999999,35.9983963,,,0.0,0.0,0.0,0.0,16852.510581031893,-16778.210581031894,357.82542648941705,West,True
8037,1619473714.8,95.97562243729112,-0.19367345329689428,24.0,,,-86.60174585,35.99838115,,,0.0,0.0,0.0,0.0,16855.224326848227,-16780.924326848228,357.8254113878308,West,True
8038,1619473714.9,95.92647405191512,-0.19483503507325275,24.0,,,-86.60172220000001,35.998366,,,0.0,0.0,0.0,0.0,16857.938072984984,-16783.638072984984,357.8279787472236,West,True
8039,1619473715.0,95.88650478807128,-0.19621317359640286,24.0,,,-86.6016986,35.99835089999999,,,0.0,0.0,0.0,0.0,16860.644842162208,-16786.34484216221,357.8279636960859,West,True
8040,1619473715.1,95.84653552422743,-0.19790657463162567,24.0,,,-86.601675,35.99833579999999,,,0.0,0.0,0.0,0.0,16863.351611657778,-16789.05161165778,357.8468768109414,West,True
8041,1619473715.2,95.78281512093957,-0.20004209910423365,24.0,,,-86.60165135,35.998320799999995,,,0.0,0.0,0.0,0.0,16866.05503646636,-16791.755036466362,357.8468618593664,West,True
8042,1619473715.3,95.71909471765171,-0.20277660458559038,24.0,,,-86.6016277,35.9983058,,,0.0,0.0,0.0,0.0,16868.758461593403,-16794.458461593404,357.8370745890837,West,True
8043,1619473715.4,95.68010253283822,-0.20629283863807507,24.0,,,-86.60160400000001,35.9982907,,,0.0,0.0,0.0,0.0,16871.472293874383,-16797.172293874384,357.8331014523431,West,True
8044,1619473715.5,95.63812560177811,-0.21078772495230214,24.0,,,-86.60158050000001,35.9982757,,,0.0,0.0,0.0,0.0,16874.165112813625,-16799.865112813626,357.84681706509673,West,True
8045,1619473715.6,95.58031237295341,-0.21645515887023659,24.0,,,-86.60155685000001,35.9982607,,,0.0,0.0,0.0,0.0,16876.868538898172,-16802.568538898173,357.8468021117361,West,True
8046,1619473715.7,95.52249914412872,-0.22346416664574256,24.0,,,-86.6015332,35.998245700000005,,,0.0,0.0,0.0,0.0,16879.571965301177,-16805.271965301177,357.8494154108996,West,True
8047,1619473715.8,95.47624957206436,-0.23193604166210371,24.0,,,-86.6015096,35.998230750000005,,,0.0,0.0,0.0,0.0,16882.26842241825,-16807.96842241825,357.8494005075365,West,True
8048,1619473715.9,95.43,-0.24192274363683092,24.0,,,-86.601486,35.9982158,,,0.0,0.0,0.0,0.0,16884.96487985268,-16810.66487985268,357.84219970018535,West,True
8049,1619473716.0,95.42559330758158,-0.25339039442207456,24.0,,,-86.6014624,35.99820079999999,,,0.0,0.0,0.0,0.0,16887.66476873145,-16813.36476873145,357.8421847507472,West,True
8050,1619473716.1,95.42118661516317,-0.266209722254964,24.0,,,-86.6014388,35.998185799999995,,,0.0,0.0,0.0,0.0,16890.36465792827,-16816.06465792827,357.84742939784843,West,True
8051,1619473716.2,95.35384103379425,-0.28015569606113283,23.65440520186252,,,-86.60141529999999,35.9981709,,,0.0,0.0,0.0,0.0,16893.050605886838,-16818.75060588684,357.8474145435906,West,True
8052,1619473716.3,95.28649545242536,-0.29491618040037465,23.30881040372504,,,-86.60139179999999,35.998156,,,0.0,0.0,0.0,0.0,16895.736554158768,-16821.43655415877,357.84739969018096,West,True
8053,1619473716.4,95.18405975551505,-0.31010913073459306,23.15440520186252,,,-86.60136829999999,35.9981411,,,0.0,0.0,0.0,0.0,16898.422502745554,-16824.122502745555,357.8473848370887,West,True
8054,1619473716.5,95.08162405860476,-0.32530594290417614,23.0,,,-86.60134479999999,35.9981262,,,0.0,0.0,0.0,0.0,16901.10845164622,-16826.808451646222,357.83293653266725,West,True
8055,1619473716.6,94.99629906439688,-0.3400581220702533,23.0,,,-86.6013213,35.998111200000004,,,0.0,0.0,0.0,0.0,16903.80127404732,-16829.50127404732,357.83292157833284,West,True
8056,1619473716.7,94.910974070189,-0.3539241538069936,23.0,,,-86.6012978,35.998096200000006,,,0.0,0.0,0.0,0.0,16906.494096764087,-16832.194096764088,357.8473402789094,West,True
8057,1619473716.8,94.82,-0.36649296039963297,23.0,,,-86.6012743,35.9980813,,,0.0,0.0,0.0,0.0,16909.180046612564,-16834.880046612565,357.8381347360966,West,True
8058,1619473716.9,94.72,-0.37740241711461686,23.0,,,-86.6012509,35.9980664,,,0.0,0.0,0.0,0.0,16911.85892182051,-16837.55892182051,357.8381198829652,West,True
8059,1619473717.0,94.62,-0.3863500579540059,23.0,,,-86.60122750000001,35.9980515,,,0.0,0.0,0.0,0.0,16914.537797339482,-16840.237797339483,357.84535286353525,West,True
8060,1619473717.1,94.49000000000001,-0.39309781615769007,23.0,,,-86.6012041,35.99803665,,,0.0,0.0,0.0,0.0,16917.213238202323,-16842.913238202324,357.8453380588018,West,True
8061,1619473717.2,94.36,-0.3974688897489821,23.0,,,-86.6011807,35.9980218,,,0.0,0.0,0.0,0.0,16919.888679377524,-16845.588679377524,357.86891800084004,West,True
8062,1619473717.3,94.295,-0.39934227272888745,23.0,,,-86.6011572,35.99800705,,,0.0,0.0,0.0,0.0,16922.56437456461,-16848.26437456461,357.8689032964256,West,True
8063,1619473717.4,94.23,-0.39864256092633327,23.0,,,-86.6011337,35.99799229999999,,,0.0,0.0,0.0,0.0,16925.24007006457,-16850.94007006457,357.8426508133582,West,True
8064,1619473717.5,94.13196715930745,-0.3953333086268327,23.0,,,-86.60111025,35.997977399999996,,,0.0,0.0,0.0,0.0,16927.922483182985,-16853.622483182986,357.8426359603959,West,True
8065,1619473717.6,94.0339343186149,-0.38940878847978433,23.0,,,-86.6010868,35.9979625,,,0.0,0.0,0.0,0.0,16930.604896614845,-16856.304896614845,357.83602489724075,West,True
8066,1619473717.7,93.94114951963387,-0.38089393211167555,23.0,,,-86.60106350000001,35.99794765,,,0.0,0.0,0.0,0.0,16933.273266839187,-16858.973266839188,357.8360100947901,West,True
8067,1619473717.8,93.84836472065284,-0.36984283536525253,23.0,,,-86.6010402,35.9979328,,,0.0,0.0,0.0,0.0,16935.941637374566,-16861.641637374567,357.8632304058492,West,True
8068,1619473717.9,93.8,-0.356346621937089,23.0,,,-86.601017,35.9979182,,,0.0,0.0,0.0,0.0,16938.585789106815,-16864.285789106816,357.8313312180954,West,True
8069,1619473718.0,93.68938624435215,-0.3405364611375774,23.0,,,-86.60099375,35.99790335,,,0.0,0.0,0.0,0.0,16941.250628349582,-16866.950628349583,357.83131641537216,West,True
8070,1619473718.1,93.5787724887043,-0.3225940659577832,23.0,,,-86.6009705,35.9978885,,,0.0,0.0,0.0,0.0,16943.91546790146,-16869.61546790146,357.8432304781452,West,True
8071,1619473718.2,93.48182840811242,-0.3027523857937351,23.0,,,-86.60094720000001,35.9978737,,,0.0,0.0,0.0,0.0,16946.58040276094,-16872.28040276094,357.8003627278072,West,True
8072,1619473718.3,93.4389221312993,-0.28130116581539316,23.0,,,-86.60092420000001,35.9978588,,,0.0,0.0,0.0,0.0,16949.231098877666,-16874.931098877667,357.86315763343913,West,True
8073,1619473718.4,93.3678016695716,-0.25857927407057757,23.187057391714813,,,-86.60090100000001,35.9978442,,,0.0,0.0,0.0,0.0,16951.87525215565,-16877.57525215565,357.83655158123236,West,True
8074,1619473718.5,93.33613441575295,-0.23497081924201932,23.593528695857408,,,-86.60087785,35.997829450000005,,,0.0,0.0,0.0,0.0,16954.526143808387,-16880.226143808388,357.8365368784205,West,True
8075,1619473718.6,93.30446716193428,-0.21088813198846523,24.0,,,-86.6008547,35.997814700000006,,,0.0,0.0,0.0,0.0,16957.177035767123,-16882.877035767124,357.800302996501,West,True
8076,1619473718.7,93.22477148543514,-0.1867595522442752,24.0,,,-86.6008317,35.9977998,,,0.0,0.0,0.0,0.0,16959.827733092603,-16885.527733092604,357.8630996063979,West,True
8077,1619473718.8,93.21124599772074,-0.16300750081040144,24.0,,,-86.6008085,35.9977852,,,0.0,0.1878496655211572,0.0,0.0,16962.47188760299,-16888.17188760299,357.82977127388295,West,True
8078,1619473718.9,93.19776984824156,-0.14003317669917686,24.0,,,-86.6007855,35.9977705,,,0.0,0.5939248327605786,0.0,0.0,16965.1087423159,-16890.8087423159,357.82975661861394,West,True
8079,1619473719.0,93.1842936987624,-0.11819651331117947,24.0,,,-86.6007625,35.99775579999999,,,0.0,1.0,0.0,0.0,16967.74559733192,-16893.44559733192,357.86305619845285,West,True
8080,1619473719.1,93.12156011269435,-0.09780355873863689,24.0,,,-86.60073929999999,35.9977412,,,0.0,1.0,0.0,0.0,16970.389752761916,-16896.089752761916,357.82972718598523,West,True
8081,1619473719.2,93.12,-0.07909382087610403,24.0,,,-86.60071629999999,35.9977265,,,0.0,1.0,0.0,0.0,16973.026608380627,-16898.726608380628,357.85921259229303,West,True
8082,1619473719.3,93.11240226812168,-0.06223387737262065,24.0,,,-86.60069329999999,35.997712,,,0.0,1.0,0.0,0.0,16975.649736581418,-16901.34973658142,357.82969787980164,West,True
8083,1619473719.4,93.20331694508074,-0.047314539578075715,24.0,,,-86.6006703,35.9976973,,,0.0,1.0,0.0,0.0,16978.28659280025,-16903.98659280025,357.8886852760506,West,True
8084,1619473719.5,93.05011866124818,-0.034351500503367646,24.0,,,-86.6006473,35.997683,,,0.0,1.0,0.0,0.0,16980.896111200414,-16906.596111200415,357.82966857268224,West,True
8085,1619473719.6,93.14330161345302,-0.02329200792227366,24.0,,,-86.6006243,35.997668299999994,,,0.0,1.0,0.0,0.0,16983.53296801775,-16909.23296801775,357.8684138740956,West,True
8086,1619473719.7,93.16507530037605,-0.014021544569911212,24.0,,,-86.6006012,35.997653799999995,,,0.0,1.0,0.0,0.0,16986.16319932591,-16911.86319932591,357.84980034576637,West,True
8087,1619473719.8,93.1718742306956,-0.0063779915124428845,24.0,,,-86.6005783,35.9976393,,,0.0,1.0,0.0,0.0,16988.779238783216,-16914.479238783217,357.85912586558743,West,True
8088,1619473719.9,93.1521082880163,-0.00016230941090190302,24.0,,,-86.6005553,35.9976248,,,0.0,1.0,0.0,0.0,16991.402368789022,-16917.102368789023,357.88861399655764,West,True
8089,1619473720.0,93.12990804051336,0.0048430336396574295,24.0,,,-86.6005323,35.9976105,,,0.0,1.0,0.0,0.0,16994.01188869734,-16919.71188869734,357.8590969588923,West,True
8090,1619473720.1,93.13585440733897,0.008862360577674715,24.09493245093673,,,-86.6005093,35.997596,,,0.0,1.0,0.0,0.0,16996.635019298654,-16922.335019298655,357.85908250366896,West,True
8091,1619473720.2,93.1418007741646,0.012108419590296078,24.189864901873467,,,-86.6004863,35.9975815,,,0.0,1.0,0.0,0.0,16999.258150200032,-16924.958150200033,357.88119532957353,West,True
8092,1619473720.3,93.18497940941069,0.014773496570052481,24.59493245093673,,,-86.6004633,35.99756715,,,0.0,1.0,0.0,0.0,17001.871062508846,-16927.571062508847,357.88118102651526,West,True
8093,1619473720.4,93.2281580446568,0.017015858471240167,25.0,,,-86.60044029999999,35.9975528,,,0.0,1.0,0.0,0.0,17004.483975116797,-16930.183975116797,357.82539622038445,West,True
8094,1619473720.5,93.2464705068742,0.018957333653151616,25.0,,,-86.6004175,35.9975382,,,0.0,1.0,0.0,0.0,17007.099824542347,-16932.799824542348,357.8590248143461,West,True
8095,1619473720.6,93.24370977045143,0.020678028669148547,25.0,,,-86.6003945,35.9975237,,,0.0,1.0,0.0,0.0,17009.722956640853,-16935.422956640854,357.85901035675954,West,True
8096,1619473720.7,93.24094903402865,0.022222002001147295,25.0,,,-86.6003715,35.9975092,,,0.0,1.0,0.0,0.0,17012.346089038416,-16938.046089038417,357.8551139824816,West,True
8097,1619473720.8,93.24,0.023600525103578004,25.0,,,-86.60034870000001,35.9974948,,,0.0,1.0,0.0,0.0,17014.94819584864,-16940.64819584864,357.84422981695496,West,True
8098,1619473720.9,93.19794422391482,0.024804063216857786,25.0,,,-86.6003257,35.997480200000005,,,0.0,1.0,0.0,0.0,17017.57817814295,-16943.27817814295,357.86444283696665,West,True
8099,1619473721.0,93.32162262034988,0.025810557249860318,25.0,,,-86.6003028,35.9974658,,,0.0,0.9373339877154628,0.0,0.0,17020.187382670058,-16945.88738267006,357.8401894494324,West,True
8100,1619473721.1,93.31902477272804,0.02659895033549412,25.0,,,-86.60028,35.9974513,,,0.0,0.4686669938577314,0.0,0.1560682066462801,17022.796347474596,-16948.496347474596,357.84017499434265,West,True
8101,1619473721.2,93.3164269251062,0.027156743375806286,25.0,,,-86.6002572,35.9974368,,,0.0,0.0,0.0,0.3121364132925602,17025.405312575604,-16951.105312575604,357.844882173346,West,True
8102,1619473721.3,93.34225443779272,0.027489713677764073,25.0,,,-86.60023435,35.9974223,,,0.0,0.0,0.0,0.5621097430658901,17028.017815761203,-16953.717815761203,357.8448677190799,West,True
8103,1619473721.4,93.36808195047922,0.027623781566822422,25.0,,,-86.6002115,35.9974078,,,0.0,0.0,0.0,0.81208307283922,17030.630319242675,-16956.330319242676,357.8643712515395,West,True
8104,1619473721.5,93.35703087255814,0.027607865296761302,25.0,,,-86.6001886,35.99739339999999,,,0.0,0.0,0.0,0.9060415364196099,17033.239525262965,-16958.939525262966,357.8643568966766,West,True
8105,1619473721.6,93.34597979463705,0.027508399918991275,25.0,,,-86.6001657,35.997378999999995,,,0.0,0.0,0.0,1.0,17035.848731578746,-16961.548731578747,357.8495254652659,West,True
8106,1619473721.7,93.39133942664172,0.027406025313186755,25.0,,,-86.6001428,35.9973645,,,0.0,0.0,0.0,1.0,17038.46477668873,-16964.16477668873,357.85885217688786,West,True
8107,1619473721.8,93.40447998243432,0.027384825896373567,25.0,,,-86.6001198,35.99735,,,0.0,0.0,0.0,1.0,17041.087912381277,-16966.787912381278,357.82933251049326,West,True
8108,1619473721.9,93.45416115403074,0.027526465538868203,25.0,,,-86.6000968,35.9973353,,,0.0,0.0,0.0,1.0,17043.724776052895,-16969.424776052896,357.8251769665174,West,True
8109,1619473722.0,93.49137737068146,0.027898278939895188,25.0,,,-86.60007399999999,35.9973207,,,0.0,0.0,0.0,1.0,17046.34062991579,-16972.04062991579,357.83465039453563,West,True
8110,1619473722.1,93.48789969179879,0.028549133767450684,25.0,,,-86.6000511,35.9973061,,,0.0,0.0,0.0,1.0,17048.963544028404,-16974.663544028404,357.83463584322163,West,True
8111,1619473722.2,93.48442201291611,0.029500268397098968,25.0,,,-86.6000282,35.9972915,,,0.0,0.0,0.0,1.0,17051.586458441558,-16977.28645844156,357.8882872999304,West,True
8112,1619473722.3,93.48252707581229,0.03074583849564874,25.0,,,-86.6000052,35.997277200000006,,,0.0,0.0,0.0,1.0,17054.19598528319,-16979.89598528319,357.82925949808345,West,True
8113,1619473722.4,93.53936461874362,0.032248704338387356,25.0,,,-86.5999822,35.9972625,,,0.0,0.0,0.0,1.0,17056.83285045447,-16982.53285045447,357.84399790392393,West,True
8114,1619473722.5,93.54405160824294,0.03394652233966309,25.0,,,-86.5999592,35.9972479,,,0.0,0.0,0.0,0.9373974123176957,17059.46283754297,-16985.162837542972,357.8439833513672,West,True
8115,1619473722.6,93.54873859774224,0.035752697239937056,25.0,,,-86.5999362,35.9972333,,,0.0,0.0,0.0,0.8747948246353914,17062.092824932817,-16987.792824932818,357.84396879866995,West,True
8116,1619473722.7,93.56,0.037566937839299416,25.0,,,-86.5999132,35.997218700000005,,,0.0,0.0,0.0,0.7748303601624577,17064.722812623524,-16990.422812623525,357.85327895873695,West,True
8117,1619473722.8,93.57971832914859,0.039279853889697354,25.344597162856076,,,-86.59989010000001,35.997204100000005,,,0.0,0.0,0.0,0.6748660148562813,17067.359884127876,-16993.059884127877,357.85326440814714,West,True
8118,1619473722.9,93.5994366582972,0.04078536896133715,25.689194325712155,,,-86.599867,35.997189500000005,,,0.0,0.0,0.0,0.574901669550105,17069.99695593639,-16995.69695593639,357.85867885250684,West,True
8119,1619473723.0,93.65279355402043,0.04198610584088524,25.844597162856076,,,-86.59984399999999,35.997175,,,0.0,0.0,0.0,0.47493744341068606,17072.620095251397,-16998.320095251398,357.85866439803186,West,True
8120,1619473723.1,93.70615044974366,0.04280414735261005,26.0,,,-86.59982099999999,35.9971605,,,0.0,0.0,0.0,0.3749732172712671,17075.243234864975,-17000.943234864975,357.84389590159344,West,True
8121,1619473723.2,93.74295167326251,0.0431838652004321,26.0,,,-86.59979799999999,35.9971459,,,0.0,0.0,0.0,0.2750088719650907,17077.873224058767,-17003.573224058768,357.8438813482516,West,True
8122,1619473723.3,93.77975289678136,0.04309785388895275,26.0,,,-86.599775,35.9971313,,,0.0,0.0,0.0,0.1750445266589144,17080.503213553904,-17006.203213553905,357.87337556001745,West,True
8123,1619473723.4,93.80556778511342,0.04254490356326447,26.0,,,-86.599752,35.9971169,,,0.0,0.0,0.0,0.0875222633294572,17083.119534121033,-17008.819534121034,357.8733612028849,West,True
8124,1619473723.5,93.83138267344548,0.041549924438164146,26.0,,,-86.59972900000001,35.997102500000004,,,0.0,0.0,0.0,0.0,17085.73585498592,-17011.43585498592,357.8143296694573,West,True
8125,1619473723.6,93.85723423162018,0.04015729670519748,26.0,,,-86.59970600000001,35.9970877,,,0.0,0.0,0.0,0.0,17088.379631001564,-17014.079631001565,357.839811113966,West,True
8126,1619473723.7,93.89,0.038426503470021356,26.0,,,-86.5996832,35.9970732,,,0.0,0.0,0.0,0.0,17090.98860353779,-17016.68860353779,357.8531340514856,West,True
8127,1619473723.8,93.85611795329329,0.03642371616030792,26.0,,,-86.5996601,35.9970586,,,0.0,0.0,0.0,0.0,17093.625678064313,-17019.325678064313,357.8531194986135,West,True
8128,1619473723.9,93.82223590658658,0.034216820626542854,26.0,,,-86.599637,35.997044,,,0.0,0.0,0.0,0.0,17096.26275289298,-17021.96275289298,357.82164775322406,West,True
8129,1619473724.0,93.86268656187657,0.03186892980965629,26.0,,,-86.599614,35.99702925,,,0.0,0.0,0.0,0.0,17098.90307289249,-17024.603072892492,357.8216330535842,West,True
8130,1619473724.1,93.90313721716656,0.029436056401499183,26.0,,,-86.599591,35.9970145,,,0.0,0.0,0.0,0.0,17101.543393194763,-17027.243393194763,357.85037884800226,West,True
8131,1619473724.2,93.92114149444535,0.026964619967075568,26.0,,,-86.59956785,35.99699985,,,0.0,0.0,0.0,0.0,17104.18743682692,-17029.88743682692,357.85036424440784,West,True
8132,1619473724.3,93.93914577172416,0.024492551981216908,26.0,,,-86.59954470000001,35.996985200000005,,,0.0,0.0,0.0,0.0,17106.831480762776,-17032.531480762776,357.82896611912184,West,True
8133,1619473724.4,93.94351527509252,0.022050093462432724,26.0,,,-86.59952170000001,35.9969705,,,0.0,0.0,0.0,0.0,17109.468351944743,-17035.168351944743,357.82895146392434,West,True
8134,1619473724.5,93.94788477846087,0.019662602192063477,26.0,,,-86.59949870000001,35.996955799999995,,,0.0,0.0,0.0,0.0,17112.10522342982,-17037.80522342982,357.8603636449123,West,True
8135,1619473724.6,93.96020424371831,0.017352187921034837,26.0,,,-86.5994756,35.99694125,,,0.0,0.0,0.0,0.0,17114.738881328376,-17040.438881328377,357.8603491405338,West,True
8136,1619473724.7,93.97252370897574,0.015139781879820253,26.0,,,-86.5994525,35.9969267,,,0.0,0.0,0.0,0.0,17117.372539529442,-17043.072539529443,357.83095132973,West,True
8137,1619473724.8,93.95858540343556,0.013045540174345237,26.344358646761712,,,-86.59942939999999,35.99691195,,,0.0,0.0,0.0,0.0,17120.01991785421,-17045.71991785421,357.8309366253409,West,True
8138,1619473724.9,93.9446470978954,0.011088991748044737,26.68871729352342,,,-86.5994063,35.9968972,,,0.0,0.0,0.0,0.0,17122.66729648256,-17048.36729648256,357.83826774379696,West,True
8139,1619473725.0,93.935582698362,0.009287899491610832,27.0,,,-86.5993832,35.9968825,,,0.0,0.0,0.0,0.0,17125.311234599554,-17051.011234599555,357.83090721943194,West,True
8140,1619473725.1,93.92348611030897,0.007657108304607457,27.0,,,-86.59936010000001,35.99686775,,,0.0,0.0,0.0,0.0,17127.95861383702,-17053.658613837022,357.8308925198559,West,True
8141,1619473725.2,93.91138952225596,0.006207014520325691,27.0,,,-86.599337,35.996853,,,0.0,0.0,0.0,0.0,17130.60599338057,-17056.30599338057,357.8214559794067,West,True
8142,1619473725.3,93.88623439384733,0.004942575201038666,27.0,,,-86.599314,35.996838249999996,,,0.0,0.0,0.0,0.0,17133.2463173069,-17058.9463173069,357.82144127639145,West,True
8143,1619473725.4,93.86107926543872,0.0038626788409885956,27.0,,,-86.59929100000001,35.9968235,,,0.0,0.0,0.0,0.0,17135.886641535988,-17061.58664153599,357.8214265769885,West,True
8144,1619473725.5,93.88732786844722,0.002960289424690845,27.0,,,-86.599268,35.99680875,,,0.0,0.0,0.0,0.0,17138.526966069327,-17064.226966069327,357.8214118720972,West,True
8145,1619473725.6,93.9135764714557,0.0022231206742281675,27.0,,,-86.599245,35.996794,,,0.0,0.0,0.0,0.0,17141.167290904912,-17066.867290904913,357.82139717028775,West,True
8146,1619473725.7,93.91098837354133,0.001634836612772565,27.0,,,-86.599222,35.99677925,,,0.0,0.0,0.0,0.0,17143.807616043745,-17069.507616043746,357.8213824666016,West,True
8147,1619473725.8,93.90840027562696,0.0011764904806432813,27.0,,,-86.599199,35.996764500000005,,,0.0,0.0,0.0,0.0,17146.447941485825,-17072.147941485826,357.80661175169286,West,True
8148,1619473725.9,93.86049810266084,0.0008280279733628252,27.0,,,-86.599176,35.99674965,,,0.0,0.0,0.0,0.0,17149.09518881325,-17074.795188813252,357.8065969517845,West,True
8149,1619473726.0,93.81259592969472,0.0005696502521430932,27.0,,,-86.599153,35.9967348,,,0.0,0.0,0.0,0.0,17151.742436444692,-17077.442436444693,357.81396021683895,West,True
8150,1619473726.1,93.86033248109196,0.0003829039314548228,27.0,,,-86.59913,35.996719999999996,,,0.0,0.0,0.0,0.0,17154.38622001008,-17080.086220010082,357.81394546744656,West,True
8151,1619473726.2,93.9080690324892,0.00025144608986399646,27.0,,,-86.59910699999999,35.9967052,,,0.0,0.0,0.0,0.0,17157.03000387986,-17082.73000387986,357.82868726514266,West,True
8152,1619473726.3,93.91399610316456,0.00016146653813068859,27.0,,,-86.59908399999999,35.9966905,,,0.0,0.0,0.0,0.0,17159.66688082594,-17085.36688082594,357.79696878508474,West,True
8153,1619473726.4,93.90512157418007,0.00010183546851148265,27.34345103693156,,,-86.5990611,35.99667565,,,0.0,0.0,0.0,0.0,17162.307104022013,-17088.007104022014,357.79695398583004,West,True
8154,1619473726.5,93.89624704519557,6.403820286290077e-05,27.686902073863127,,,-86.5990382,35.996660799999994,,,0.0,0.0,0.0,0.0,17164.947327522244,-17090.647327522245,357.83131194572377,West,True
8155,1619473726.6,93.94554926792301,4.2008294689431374e-05,27.84345103693156,,,-86.59901525,35.99664615,,,0.0,0.0,0.0,0.0,17167.5772298044,-17093.2772298044,357.83129734370584,West,True
8156,1619473726.7,93.99485149065045,3.193794166051671e-05,28.0,,,-86.59899229999999,35.9966315,,,0.0,0.0,0.0,0.0,17170.207132387626,-17095.907132387627,357.83599282417583,West,True
8157,1619473726.8,93.97685026787704,3.2163870454868704e-05,28.0,,,-86.5989693,35.99661685,,,0.0,0.0,0.0,0.0,17172.840568052005,-17098.540568052005,357.83597822082976,West,True
8158,1619473726.9,93.95884904510362,4.318842598030495e-05,28.0,,,-86.5989463,35.996602200000005,,,0.0,0.0,0.0,0.0,17175.47400401836,-17101.17400401836,357.84334241901576,West,True
8159,1619473727.0,93.95408146228509,6.790393289768147e-05,28.0,,,-86.5989233,35.9965876,,,0.0,0.0,0.0,0.0,17178.104004735935,-17103.804004735935,357.8433278660932,West,True
8160,1619473727.1,93.94931387946656,0.00011205091263572226,28.0,,,-86.5989003,35.996573,,,0.0,0.0,0.0,0.0,17180.734005754362,-17106.434005754363,357.83528089584087,West,True
8161,1619473727.2,93.94965693973327,0.00018495123790232055,28.0,,,-86.59887714999999,35.99655825,,,0.0,0.0,0.0,0.0,17183.384923778405,-17109.084923778406,357.83526619138416,West,True
8162,1619473727.3,93.95,0.00030051228547694575,28.0,,,-86.598854,35.9965435,,,0.0,0.0,0.0,0.0,17186.03584210743,-17111.73584210743,357.8572452537109,West,True
8163,1619473727.4,93.91643075282809,0.00047851849668986083,28.0,,,-86.59883085000001,35.9965289,,,0.0,0.0,0.0,0.0,17188.676473796924,-17114.376473796925,357.8572307012219,West,True
8164,1619473727.5,93.88286150565617,0.0007461599062224807,28.0,,,-86.59880770000001,35.9965143,,,0.0,0.0,0.0,0.0,17191.317105791484,-17117.017105791485,357.82319388472376,West,True
8165,1619473727.6,93.91488676485503,0.001139789060754735,28.0,,,-86.5987846,35.9964995,,,0.0,0.0,0.0,0.0,17193.967940646653,-17119.667940646654,357.82317913427784,West,True
8166,1619473727.7,93.9469120240539,0.0017067978418027696,28.0,,,-86.5987615,35.9964847,,,0.0,0.0,0.0,0.0,17196.61877580704,-17122.31877580704,357.8910646763064,West,True
8167,1619473727.8,93.98083333333334,0.0025075850605112333,28.0,,,-86.5987383,35.9964703,,,0.0,0.0,0.0,0.0,17199.24936230571,-17124.94936230571,357.86450416009524,West,True
8168,1619473727.9,93.95385283273328,0.003617442676285351,28.093538632642638,,,-86.59871515,35.996455749999996,,,0.0,0.0,0.0,0.0,17201.88658106504,-17127.58658106504,357.8644896577582,West,True
8169,1619473728.0,93.9268723321332,0.005128310973721998,28.187077265285275,,,-86.598692,35.9964412,,,0.0,0.0,0.0,0.0,17204.5238001283,-17130.2238001283,357.8424801315941,West,True
8170,1619473728.1,93.92389506543651,0.00715015228308246,28.593538632642638,,,-86.59866885,35.9964265,,,0.0,0.0,0.0,0.0,17207.171284673244,-17132.871284673245,357.8424654783236,West,True
8171,1619473728.2,93.92091779873984,0.009811840101211104,29.0,,,-86.5986457,35.9964118,,,0.0,0.0,0.0,0.0,17209.818769522528,-17135.51876952253,357.87636050718595,West,True
8172,1619473728.3,93.97899299319792,0.013261197705770642,29.0,,,-86.5986225,35.9963973,,,0.0,0.0,0.0,0.0,17212.45614060827,-17138.15614060827,357.8644316096276,West,True
8173,1619473728.4,94.01449649659895,0.017663965015990976,29.0,,,-86.59859935,35.99638275,,,0.0,0.0,0.0,0.0,17215.093360890365,-17140.793360890366,357.86441710570455,West,True
8174,1619473728.5,94.05,0.02320120331684572,29.0,,,-86.5985762,35.996368200000006,,,0.0,0.0,0.0,0.0,17217.73058147587,-17143.43058147587,357.8944518094279,West,True
8175,1619473728.6,94.01249437803844,0.03006479482747544,29.0,,,-86.5985528,35.9963537,,,0.0,0.0,0.0,0.0,17220.382215040834,-17146.082215040835,357.86249534221344,West,True
8176,1619473728.7,94.03242412216545,0.038450578936621405,29.0,,,-86.59852975,35.9963392,,,0.0,0.0,0.0,0.0,17223.008921231576,-17148.708921231577,357.8624808881359,West,True
8177,1619473728.8,94.05235386629248,0.048548862550029374,29.0,,,-86.5985067,35.9963247,,,0.0,0.0,0.0,0.0,17225.635627723274,-17151.335627723274,357.8516342238684,West,True
8178,1619473728.9,94.08578713624459,0.060532301704684016,29.0,,,-86.59848345,35.99631,,,0.0,0.0,0.0,0.0,17228.290197396913,-17153.990197396914,357.8516195704244,West,True
8179,1619473729.0,94.11922040619672,0.07454138334558046,29.0,,,-86.5984602,35.9962953,,,0.0,0.0,0.0,0.0,17230.944767377718,-17156.64476737772,357.8873154528094,West,True
8180,1619473729.1,94.1055598645559,0.09066849364647467,29.0,,,-86.59843719999999,35.996281,,,0.0,0.0,0.0,0.0,17233.55431494307,-17159.25431494307,357.8762306037862,West,True
8181,1619473729.2,94.15023050464626,0.10894158853942143,29.0,,,-86.59841399999999,35.996266500000004,,,0.0,0.0,0.0,0.0,17236.191688767973,-17161.891688767973,357.87621614851264,West,True
8182,1619473729.3,94.1949011447366,0.12930962869926138,29.0,,,-86.59839079999999,35.996252,,,0.0,0.0,0.0,0.0,17238.82906289701,-17164.52906289701,357.8349572993815,West,True
8183,1619473729.4,94.2274505723683,0.15163123683765067,29.343989506130164,,,-86.59836765,35.99623724999999,,,0.0,0.0,0.0,0.0,17241.479987579645,-17167.179987579646,357.8349425985418,West,True
8184,1619473729.5,94.26,0.17566935380976326,29.687979012260328,,,-86.5983445,35.996222499999995,,,0.0,0.0,0.0,0.0,17244.130912568784,-17169.830912568785,357.8495925249256,West,True
8185,1619473729.6,94.28750854068471,0.20109258285126072,29.843989506130164,,,-86.59832134999999,35.99620785,,,0.0,0.0,0.0,0.0,17246.77497267362,-17172.47497267362,357.84957791900376,West,True
8186,1619473729.7,94.31501708136943,0.22748551380419885,30.0,,,-86.5982982,35.9961932,,,0.0,0.0,0.0,0.0,17249.419033082144,-17175.119033082145,357.8615102701422,West,True
8187,1619473729.8,94.4323836558172,0.2543663655937499,30.0,,,-86.598275,35.9961786,,,0.0,0.0,0.0,0.0,17252.063221151064,-17177.763221151064,357.86149571846704,West,True
8188,1619473729.9,94.54975023026496,0.28121306797454926,30.0,,,-86.59825179999999,35.996164,,,0.0,0.0,0.0,0.0,17254.707409525952,-17180.407409525953,357.8375353965365,West,True
8189,1619473730.0,94.64554392104328,0.30749279621546366,30.0,,,-86.5982287,35.9961493,,,0.0,0.0,0.0,0.0,17257.351362826437,-17183.051362826438,357.8595662323476,West,True
8190,1619473730.1,94.73239152166894,0.3326956524651331,30.0,,,-86.5982056,35.99613475,,,0.0,0.0,0.0,0.0,17259.985037492723,-17185.685037492723,357.8595517279664,West,True
8191,1619473730.2,94.81923912229462,0.3563644274064491,30.0,,,-86.5981825,35.99612020000001,,,0.0,0.0,0.0,0.0,17262.61871246151,-17188.31871246151,357.85603621902584,West,True
8192,1619473730.3,94.92881732015998,0.3781229835784732,30.0,,,-86.59815920000001,35.9961055,,,0.0,0.0,0.0,0.0,17265.276832115564,-17190.976832115564,357.8280834327069,West,True
8193,1619473730.4,95.00876246512529,0.3976931606814328,30.0,,,-86.59813620000001,35.9960908,,,0.0,0.0,0.0,0.0,17267.913721407032,-17193.613721407033,357.8614086453161,West,True
8194,1619473730.5,95.14465442887136,0.4149072894022746,30.0,,,-86.598113,35.996076200000005,,,0.0,0.0,0.0,0.0,17270.557911615364,-17196.257911615365,357.8347808634431,West,True
8195,1619473730.6,95.25442974182033,0.42970491926248794,30.0,,,-86.59808985000001,35.99606145,,,0.0,0.0,0.0,0.0,17273.208839944935,-17198.908839944936,357.8347661637628,West,True
8196,1619473730.7,95.3642050547693,0.44212698653511484,30.0,,,-86.5980667,35.9960467,,,0.0,0.0,0.0,0.0,17275.859768581005,-17201.559768581006,357.8394134853516,West,True
8197,1619473730.8,95.47981230815094,0.45229442420821864,30.34377655372532,,,-86.5980435,35.99603195,,,0.0,0.0,0.0,0.0,17278.514232861486,-17204.214232861486,357.8393987813779,West,True
8198,1619473730.9,95.5954195615326,0.46039026812843886,30.68755310745064,,,-86.5980203,35.996017200000004,,,0.0,0.0,0.0,0.0,17281.168697448866,-17206.868697448866,357.8559342146075,West,True
8199,1619473731.0,95.73866068132088,0.46662964123070116,31.0,,,-86.59799699999999,35.9960025,,,0.0,0.0,0.0,0.0,17283.826819263082,-17209.526819263083,357.84401140808956,West,True
8200,1619473731.1,95.8321270953384,0.47124060499842646,31.0,,,-86.59797375,35.99598775,,,0.0,0.0,0.0,0.0,17286.484822714872,-17212.184822714873,357.8439967049219,West,True
8201,1619473731.2,95.92559350935592,0.47443697474626123,31.0,,,-86.5979505,35.995973,,,0.0,0.0,0.0,0.0,17289.142826473988,-17214.84282647399,357.84131828792346,West,True
8202,1619473731.3,96.01856273680136,0.4764074524357389,31.0,,,-86.5979272,35.995958200000004,,,0.0,0.0,0.0,0.0,17291.807801374693,-17217.507801374693,357.8531920908172,West,True
8203,1619473731.4,96.15169567297895,0.4772993994889287,31.0,,,-86.59790385,35.99594345,,,0.0,0.0,0.0,0.0,17294.472890943416,-17220.172890943417,357.8531773881184,West,True
8204,1619473731.5,96.28482860915652,0.4772204807908033,31.0,,,-86.5978805,35.9959287,,,0.0,0.0,0.0,0.0,17297.137980820287,-17222.837980820288,357.8432355444969,West,True
8205,1619473731.6,96.3558524384525,0.47623546062776445,31.0,,,-86.5978571,35.99591385,,,0.0,0.0,0.0,0.0,17299.81346626421,-17225.513466264212,357.8432207407406,West,True
8206,1619473731.7,96.42687626774848,0.4743782788783272,31.0,,,-86.59783370000001,35.995899,,,0.0,0.0,0.0,0.0,17302.488952018986,-17228.188952018987,357.8504610492171,West,True
8207,1619473731.8,96.63047533812475,0.47165807419893635,31.0,,,-86.5978103,35.9958842,,,0.0,0.0,0.0,0.0,17305.16101032754,-17230.861010327542,357.842497876585,West,True
8208,1619473731.9,96.7314558126318,0.4680749855613391,31.0,,,-86.59778675000001,35.99586925,,,0.0,0.0,0.0,0.0,17307.853977229523,-17233.553977229523,357.84248297549664,West,True
8209,1619473732.0,96.83243628713882,0.4636282545353544,31.0,,,-86.5977632,35.9958543,,,0.0,0.0,0.0,0.0,17310.546944448444,-17236.246944448445,357.84051601870704,West,True
8210,1619473732.1,96.92600343142175,0.4583279139445587,31.0,,,-86.59773974999999,35.995839399999994,,,0.0,0.0,0.0,0.0,17313.229402543493,-17238.929402543494,357.84050116700854,West,True
8211,1619473732.2,97.01957057570466,0.45219832491216483,31.0,,,-86.59771629999999,35.9958245,,,0.0,0.0,0.0,0.0,17315.91186095048,-17241.61186095048,357.84964753271265,West,True
8212,1619473732.3,97.12222737125971,0.44528080876066306,31.0,,,-86.59769275,35.9958096,,,0.0,0.0,0.0,0.0,17318.60140064912,-17244.30140064912,357.84963268199346,West,True
8213,1619473732.4,97.22488416681476,0.4376300650678543,31.0,,,-86.5976692,35.995794700000005,,,0.0,0.0,0.0,0.0,17321.29094066304,-17246.99094066304,357.84888767912855,West,True
8214,1619473732.5,97.28967431398522,0.42930828732937515,31.0,,,-86.5976455,35.9957797,,,0.10237738876382965,0.0,0.0,0.0,17323.99796089577,-17249.69796089577,357.8488727284507,West,True
8215,1619473732.6,97.35446446115566,0.42037723369280333,31.0,,,-86.5976218,35.9957647,,,0.2047547775276593,0.0,0.0,0.0,17326.704981447387,-17252.404981447387,357.83056772827575,West,True
8216,1619473732.7,97.51989383703297,0.41088923936908545,31.0,,,-86.5975983,35.995749700000005,,,0.3721602247872663,0.0,0.0,0.0,17329.39785354438,-17255.09785354438,357.82994172288625,West,True
8217,1619473732.8,97.59731102357122,0.400880868801099,31.0,,,-86.59757465,35.995734600000006,,,0.5395654724843144,0.0,0.0,0.0,17332.1082076055,-17257.8082076055,357.82992667136824,West,True
8218,1619473732.9,97.67472821010946,0.39036742661274965,31.0,,,-86.597551,35.9957195,,,0.7069707201813624,0.0,0.0,0.0,17334.818561986864,-17260.518561986864,357.82930825613346,West,True
8219,1619473733.0,97.75394739045105,0.37934305548655123,31.0,,,-86.5975272,35.99570429999999,,,0.8743757683158516,0.0,0.0,0.0,17337.546398389713,-17263.246398389714,357.830507539285,West,True
8220,1619473733.1,97.87572168626689,0.36778227225199683,31.0,,,-86.5975037,35.995689299999995,,,0.9716382058004028,0.0,0.0,0.0,17340.239271757746,-17265.939271757747,357.8241442236251,West,True
8221,1619473733.2,97.97,0.35564709112135606,31.0,,,-86.5974798,35.995674,,,0.8579994776364458,0.0,0.0,0.0,17342.98106164452,-17268.681061644522,357.83184613721744,West,True
8222,1619473733.3,98.02096457112165,0.34289421541991655,31.0,,,-86.59745605,35.99565885,,,0.7443608849402155,0.0,0.0,0.0,17345.701923959758,-17271.40192395976,357.83183103673036,West,True
8223,1619473733.4,98.07192914224332,0.32948550945247357,31.0,,,-86.5974323,35.9956437,,,0.630722292243985,0.0,0.0,0.0,17348.422786597792,-17274.122786597793,357.8292326920372,West,True
8224,1619473733.5,98.16921067506762,0.31539620777942334,31.0,,,-86.5974085,35.995628499999995,,,0.5170838350154813,0.0,0.0,0.0,17351.15062461577,-17276.85062461577,357.82921754049374,West,True
8225,1619473733.6,98.26649220789191,0.30062363185692764,31.0,,,-86.5973847,35.995613299999995,,,0.4034453777869775,0.0,0.0,0.0,17353.878462957135,-17279.578462957135,357.82662995287643,West,True
8226,1619473733.7,98.3106483482039,0.2851918645108959,31.0,,,-86.59736085,35.99559805,,,0.28980678509074703,0.0,0.0,0.0,17356.6132775937,-17282.3132775937,357.826614752849,West,True
8227,1619473733.8,98.35480448851588,0.26915530729790765,31.0,,,-86.597337,35.9955828,,,0.1761681923945166,0.0,0.0,0.0,17359.348092555745,-17285.048092555746,357.82659955162785,West,True
8228,1619473733.9,98.45196996162119,0.2525977715637905,31.0,,,-86.59731314999999,35.995567550000004,,,0.0880840961972583,0.0,0.140769490230259,0.0,17362.082907843265,-17287.782907843266,357.82658434950173,West,True
8229,1619473734.0,98.54913543472648,0.2356304350912904,31.0,,,-86.59728929999999,35.9955523,,,0.0,0.0,0.281538980460518,0.0,17364.817723456752,-17290.517723456753,357.8189159844729,West,True
8230,1619473734.1,98.58456771736324,0.21838602971806792,31.0,,,-86.59726529999999,35.995536900000005,,,0.0,0.0,0.640769490230259,0.0,17367.57347271325,-17293.273472713252,357.8189006321616,West,True
8231,1619473734.2,98.62,0.20101296647472547,31.0,,,-86.5972413,35.9955215,,,0.0,0.0,1.0,0.0,17370.329222300537,-17296.029222300538,357.8097682119531,West,True
8232,1619473734.3,98.66802112575535,0.18366682565434872,31.0,,,-86.5972174,35.9955061,,,0.0,0.0,1.0,0.0,17373.077929250067,-17298.777929250067,357.80975286395983,West,True
8233,1619473734.4,98.71604225151069,0.16650321969265688,31.0,,,-86.5971935,35.9954907,,,0.0,0.0,1.0,0.0,17375.826636528986,-17301.526636528986,357.8457567091766,West,True
8234,1619473734.5,98.75722847825888,0.1496691277402657,31.0,,,-86.59716920000001,35.995475299999995,,,0.0,0.0,1.0,0.0,17378.60358371744,-17304.30358371744,357.84197216895967,West,True
8235,1619473734.6,98.76011962134402,0.13329694385030283,31.0,,,-86.5971451,35.99546,,,0.0,0.0,1.0,0.0,17381.359510830476,-17307.059510830477,357.84195691738614,West,True
8236,1619473734.7,98.76301076442915,0.11749793813235221,31.0,,,-86.597121,35.99544470000001,,,0.0,0.0,1.0,0.0,17384.115438274384,-17309.815438274385,357.82531194857427,West,True
8237,1619473734.8,98.80910129145374,0.10235938919656422,31.0,,,-86.59709685000001,35.99542925,,,0.0,0.0,1.0,0.0,17386.885220544453,-17312.585220544453,357.82529655124256,West,True
8238,1619473734.9,98.85519181847832,0.08794178269917297,31.0,,,-86.59707270000001,35.995413799999994,,,0.0,0.0,1.0,0.0,17389.65500314935,-17315.35500314935,357.8508203799225,West,True
8239,1619473735.0,98.87134340162345,0.07427990724529646,31.0,,,-86.5970485,35.9953985,,,0.0,0.0,1.0,0.0,17392.4180147567,-17318.1180147567,357.85080512810816,West,True
8240,1619473735.1,98.88749498476857,0.06138413265127667,31.0,,,-86.5970243,35.995383200000006,,,0.0,0.0,1.0,0.0,17395.181026695805,-17320.881026695806,357.8482145462253,West,True
8241,1619473735.2,98.90992074525923,0.04924478831236115,30.658336176673043,,,-86.59700004999999,35.99536785000001,,,0.0,0.0,0.5,0.0,17397.95100713358,-17323.65100713358,357.84819924167664,West,True
8242,1619473735.3,98.9323465057499,0.037836191599870256,30.316672353346085,,,-86.5969758,35.9953525,,,0.0,0.0,0.0,0.0,17400.720987905224,-17326.420987905225,357.83286610453024,West,True
8243,1619473735.4,98.89053156661224,0.02712209288504144,30.0,,,-86.5969518,35.9953372,,,0.0,0.0,0.0,0.0,17403.469845693908,-17329.16984569391,357.81617004319975,West,True
8244,1619473735.5,98.92818472063581,0.01705992593688967,30.0,,,-86.59692774999999,35.99532175,,,0.0,0.0,0.0,0.0,17406.2325791227,-17331.932579122702,357.8161546426187,West,True
8245,1619473735.6,98.9658378746594,0.0076045999570579495,30.0,,,-86.5969037,35.9953063,,,0.0,0.0,0.0,0.0,17408.995312882405,-17334.695312882406,357.8901559886895,West,True
8246,1619473735.7,98.93523377357818,-0.0012893837682022256,30.0,,,-86.59687945,35.99529125000001,,,0.0,0.0,0.0,0.0,17411.74486527481,-17337.44486527481,357.8901409857372,West,True
8247,1619473735.8,98.90462967249697,-0.009667474661423519,30.0,,,-86.59685520000001,35.995276200000006,,,0.0,0.0,0.0,0.0,17414.494417997987,-17340.194417997987,357.85648838163945,West,True
8248,1619473735.9,98.91355886730736,-0.017575912434656667,30.0,,,-86.5968303,35.9952605,,,0.0,0.0,0.0,0.0,17417.334442891115,-17343.034442891116,357.86000496402676,West,True
8249,1619473736.0,98.91587727272729,-0.025064316881311322,30.0,,,-86.5968052,35.99524470000001,,,0.0,0.0,0.0,0.0,17420.19549622473,-17345.89549622473,357.8734939678614,West,True
8250,1619473736.1,98.89162581905308,-0.0321884543076787,30.0,,,-86.5967805,35.99522925,,,0.0,0.0,0.0,0.0,17423.004262954735,-17348.704262954736,357.87347856630856,West,True
8251,1619473736.2,98.86737436537888,-0.039013968689790596,30.0,,,-86.5967558,35.995213799999995,,,0.0,0.0,0.0,0.0,17425.813030028086,-17351.513030028087,357.88553768280264,West,True
8252,1619473736.3,98.83774236485986,-0.04561904756976082,30.0,,,-86.59673120000001,35.9951985,,,0.0,0.0,0.0,0.0,17428.604488946672,-17354.304488946673,357.9479062242683,West,True
8253,1619473736.4,98.83287403724233,-0.05209695572977614,30.0,,,-86.5967061,35.995183350000005,,,0.0,0.0,0.0,0.0,17431.421738512858,-17357.12173851286,357.94789112138506,West,True
8254,1619473736.5,98.8280057096248,-0.05855671172554611,30.0,,,-86.596681,35.9951682,,,0.0,0.0,0.0,0.0,17434.238988427158,-17359.93898842716,357.98422538124527,West,True
8255,1619473736.6,98.79356838203796,-0.06512258793228308,30.0,,,-86.5966557,35.9951532,,,0.0,0.0,0.0,0.0,17437.06079003541,-17362.760790035412,357.80845234181436,West,True
8256,1619473736.7,98.76334878982925,-0.07193153770758864,30.0,,,-86.5966315,35.99513759999999,,,0.0,0.0,0.0,0.0,17439.844471347882,-17365.544471347883,357.8084367932868,West,True
8257,1619473736.8,98.73312919762056,-0.0791284944332567,30.0,,,-86.5966073,35.995121999999995,,,0.0,0.0,0.0,0.0,17442.628152996633,-17368.328152996633,357.9093745273374,West,True
8258,1619473736.9,98.68376502978597,-0.08685983075397788,30.0,,,-86.59658315,35.995107149999995,,,0.0,0.0,0.0,0.0,17445.357062894047,-17371.057062894048,357.9093597241855,West,True
8259,1619473737.0,98.6344008619514,-0.09526394694983323,30.0,,,-86.596559,35.9950923,,,0.0,0.0,0.0,0.0,17448.08597311665,-17373.78597311665,357.78635544791587,West,True
8260,1619473737.1,98.5972004309757,-0.1044608390290425,30.0,,,-86.59653435000001,35.995076250000004,,,0.0,0.0,0.02823328121949365,0.0,17450.932533197105,-17376.632533197106,357.7863394500924,West,True
8261,1619473737.2,98.56,-0.11453880182295337,30.0,,,-86.59650970000001,35.995060200000005,,,0.0,0.0,0.0564665624389873,0.0,17453.779093630106,-17379.479093630107,357.89257491253295,West,True
8262,1619473737.3,98.52911160317224,-0.1255420226361375,30.0,,,-86.5964855,35.99504520000001,,,0.0,0.0,0.1814891045312213,0.0,17456.521698966404,-17382.221698966405,357.85670454645185,West,True
8263,1619473737.4,98.49141954258806,-0.13745667858940522,30.0,,,-86.59646115000001,35.99502985000001,,,0.0,0.0,0.3065117956620817,0.0,17459.298777852167,-17384.998777852168,357.8566892448889,West,True
8264,1619473737.5,98.45372748200388,-0.1502011426530921,30.0,,,-86.5964368,35.9950145,,,0.0,0.0,0.4315344867929421,0.0,17462.075857075717,-17387.775857075718,357.86185135020247,West,True
8265,1619473737.6,98.41221856317902,-0.16361721753146313,30.0,,,-86.59641255,35.994999250000006,,,0.0,0.0,0.5565571779238024,0.0,17464.83900769085,-17390.53900769085,357.8618361454243,West,True
8266,1619473737.7,98.37070964435416,-0.1774691374698986,30.0,,,-86.59638829999999,35.994984,,,0.0,0.0,0.6815798690546628,0.0,17467.602158639504,-17393.302158639504,357.86182094444064,West,True
8267,1619473737.8,98.31498341956322,-0.19144578527674921,30.0,,,-86.59636404999999,35.99496875,,,0.0,0.0,0.8066025601855232,0.0,17470.36530992018,-17396.06530992018,357.86180574246157,West,True
8268,1619473737.9,98.25925719477226,-0.20517294049057908,30.0,,,-86.5963398,35.994953499999994,,,0.0,0.0,0.9316252513163836,0.0,17473.128461533892,-17398.828461533893,357.8591964343978,West,True
8269,1619473738.0,98.1965573422246,-0.2182285796611524,30.0,,,-86.5963155,35.99493820000001,,,0.0,0.0,1.0,0.0,17475.898577477,-17401.598577477,357.8565977207303,West,True
8270,1619473738.1,98.11970833647368,-0.23016754345622537,30.0,,,-86.59629115,35.99492285000001,,,0.0,0.0,1.0,0.0,17478.675658707958,-17404.37565870796,357.85658241634843,West,True
8271,1619473738.2,98.04285933072276,-0.24054578547445885,30.0,,,-86.5962668,35.994907500000004,,,0.0,0.0,1.0,0.0,17481.452740275694,-17407.152740275695,357.8041086788197,West,True
8272,1619473738.3,98.00982117590112,-0.2489505875390935,30.0,,,-86.5962428,35.994892,,,0.0,0.0,1.0,0.0,17484.215426634742,-17409.915426634743,357.85214580662375,West,True
8273,1619473738.4,97.94660974169727,-0.2550246661168549,30.0,,,-86.59621849999999,35.994876649999995,,,0.0,0.0,1.0,0.0,17486.988961944466,-17412.688961944466,357.852130503014,West,True
8274,1619473738.5,97.88339830749342,-0.2584921818260345,30.0,,,-86.5961942,35.9948613,,,0.0,0.0,1.0,0.0,17489.762497588035,-17415.462497588036,357.8221925177431,West,True
8275,1619473738.6,97.7668435266668,-0.2591732305253125,30.0,,,-86.59617,35.9948458,,,0.0,0.0,1.0,0.0,17492.539269763343,-17418.239269763344,357.852838120178,West,True
8276,1619473738.7,97.70589316929679,-0.2569980416055667,30.0,,,-86.59614585,35.99483055,,,0.0,0.0,1.0,0.0,17495.29532647956,-17420.995326479562,357.85282291642585,West,True
8277,1619473738.8,97.64494281192675,-0.2520066608842549,30.0,,,-86.59612170000001,35.9948153,,,0.0,0.0,1.0,0.0,17498.0513835264,-17423.7513835264,357.85022103165204,West,True
8278,1619473738.9,97.55330279635034,-0.2443491815158963,30.0,,,-86.5960975,35.9948,,,0.0,0.0,1.0,0.0,17500.814408151226,-17426.514408151226,357.8316924688883,West,True
8279,1619473739.0,97.48456149024955,-0.23427127165106362,30.0,,,-86.59607335000001,35.9947846,,,0.0,0.0,1.0,0.0,17503.58075936369,-17429.28075936369,357.83167712034634,West,True
8280,1619473739.1,97.41582018414876,-0.22210331008750012,30.0,,,-86.59604920000001,35.99476920000001,,,0.0,0.0,1.0,0.0,17506.34711091031,-17432.04711091031,357.86421342511903,West,True
8281,1619473739.2,97.36558807564293,-0.20823630897074202,30.0,,,-86.596025,35.994754,,,0.0,0.0,1.0,0.0,17509.103303839613,-17434.803303839613,357.8641982748315,West,True
8282,1619473739.3,97.3153559671371,-0.19310493429690395,30.0,,,-86.59600079999998,35.9947388,,,0.0,0.0,1.0,0.0,17511.85949709984,-17437.55949709984,357.81304080411076,West,True
8283,1619473739.4,97.253599706607,-0.17715922231248868,30.0,,,-86.5959767,35.9947233,,,0.0,0.0,1.0,0.0,17514.629223839198,-17440.3292238392,357.8782066732217,West,True
8284,1619473739.5,97.19724162847918,-0.16084610633527333,30.0,,,-86.5959525,35.994708200000005,,,0.0,0.0,1.0,0.0,17517.378613061974,-17443.078613061974,357.85973497386703,West,True
8285,1619473739.6,97.1586431719825,-0.1445816819106896,30.0,,,-86.59592835000001,35.994693,,,0.0,0.0,1.0,0.0,17520.131255505734,-17445.831255505735,357.85971982297485,West,True
8286,1619473739.7,97.12004471548585,-0.12873517524089653,30.0,,,-86.5959042,35.9946778,,,0.0,0.0,1.0,0.0,17522.88389828048,-17448.58389828048,357.83218513905763,West,True
8287,1619473739.8,97.07596543343236,-0.1136062633654119,30.0,,,-86.5958802,35.9946625,,,0.0,0.0,1.0,0.0,17525.63277057721,-17451.33277057721,357.8500688312005,West,True
8288,1619473739.9,97.03608342672824,-0.09941550319711107,30.0,,,-86.59585600000001,35.9946472,,,0.0,0.0,1.0,0.0,17528.395798522815,-17454.095798522816,357.8463100477059,West,True
8289,1619473740.0,97.03783650302228,-0.08629128580291659,30.0,,,-86.595832,35.994632,,,0.0,0.0,1.0,0.0,17531.13780351257,-17456.83780351257,357.82506153784334,West,True
8290,1619473740.1,97.042205317924,-0.07427043396419479,30.0,,,-86.595808,35.99461665,,,0.0,0.0,1.0,0.0,17533.890121194887,-17459.590121194888,357.8250462392295,West,True
8291,1619473740.2,97.04657413282573,-0.06329795320710495,30.0,,,-86.595784,35.9946013,,,0.0,0.0,1.0,0.0,17536.642439207346,-17462.342439207347,357.83210875503494,West,True
8292,1619473740.3,96.97326800948514,-0.05323896281558867,30.0,,,-86.59576,35.994586,,,0.0,0.0,1.0,0.0,17539.39131314792,-17465.09131314792,357.82559442327465,West,True
8293,1619473740.4,96.94749096510431,-0.04389043315717087,30.0,,,-86.59573615,35.994570749999994,,,0.0,0.0,1.0,0.0,17542.12614971019,-17467.826149710192,357.82557922061545,West,True
8294,1619473740.5,96.92171392072348,-0.03500098604107006,30.0,,,-86.5957123,35.9945555,,,0.0,0.0,1.0,0.0,17544.860986596443,-17470.560986596443,357.80672569460427,West,True
8295,1619473740.6,96.90590729023248,-0.02628894084549861,30.0,,,-86.5956885,35.99454014999999,,,0.0,0.0,1.0,0.0,17547.599213435977,-17473.299213435977,357.8067103947789,West,True
8296,1619473740.7,96.89010065974148,-0.017462653842091492,30.0,,,-86.5956647,35.99452479999999,,,0.0,0.0,1.0,0.0,17550.337440599847,-17476.03744059985,357.8184111618208,West,True
8297,1619473740.8,96.86386470003066,-0.008236937743090913,30.0,,,-86.59564085,35.9945095,,,0.0,0.0,1.0,0.0,17553.07572923544,-17478.77572923544,357.81839591098884,West,True
8298,1619473740.9,96.83762874031984,0.0016532507734392352,30.0,,,-86.595617,35.994494200000005,,,0.0,0.0,1.0,0.0,17555.814018196157,-17481.514018196158,357.82550327993323,West,True
8299,1619473741.0,96.87331801670696,0.012443463073829018,30.0,,,-86.59559315,35.99447895,,,0.0,0.0,1.0,0.0,17558.548856717654,-17484.248856717655,357.82548807847314,West,True
8300,1619473741.1,96.90900729309408,0.024335378455830906,30.0,,,-86.5955693,35.994463700000004,,,0.0,0.0,1.0,0.0,17561.283695564132,-17486.983695564133,357.78522145742073,West,True
8301,1619473741.2,96.91588162762022,0.03749437278239081,30.0,,,-86.5955455,35.9944482,,,0.0,0.0,1.0,0.0,17564.032352099824,-17489.732352099825,357.7902052693284,West,True
8302,1619473741.3,96.9230847154633,0.05205152487529996,30.0,,,-86.5955218,35.9944328,,,0.0,0.0,1.0,0.0,17566.767030107858,-17492.46703010786,357.8070711163472,West,True
8303,1619473741.4,96.95386657824679,0.06810366901342924,30.0,,,-86.59549815,35.994417549999994,,,0.0,0.0,1.0,0.0,17569.487776115657,-17495.187776115657,357.807055917378,West,True
8304,1619473741.5,96.98464844103027,0.08571667124618329,30.0,,,-86.5954745,35.9944023,,,0.0,0.0,1.0,0.0,17572.208522444656,-17497.908522444657,357.816265207019,West,True
8305,1619473741.6,97.03109125779321,0.10492398741488297,30.0,,,-86.59545075,35.99438705,,,0.0,0.0,1.0,0.0,17574.93631027748,-17500.63631027748,357.81625000603657,West,True
8306,1619473741.7,97.07753407455614,0.12572877193595522,30.0,,,-86.595427,35.9943718,,,0.0,0.0,1.0,0.0,17577.664098433885,-17503.364098433885,357.80446424636557,West,True
8307,1619473741.8,97.10824396992795,0.14810131882681155,30.0,,,-86.59540329999999,35.9943565,,,0.0,0.0,1.0,0.0,17580.391829024808,-17506.09182902481,357.7851136990483,West,True
8308,1619473741.9,97.17723781266363,0.17198211919911338,30.0,,,-86.5953795,35.994341,,,0.0,0.0,1.0,0.0,17583.14048782636,-17508.84048782636,357.81620440309325,West,True
8309,1619473742.0,97.19352077418796,0.19728228218765634,30.0,,,-86.59535575000001,35.99432575,,,0.0,0.0,1.0,0.0,17585.86827695987,-17511.56827695987,357.81618920237213,West,True
8310,1619473742.1,97.2098037357123,0.22389118837573427,30.0,,,-86.595332,35.9943105,,,0.0,0.0,1.0,0.0,17588.596066418457,-17514.296066418457,357.8044031159961,West,True
8311,1619473742.2,97.26580332774944,0.2516829388875153,30.0,,,-86.5953083,35.9942952,,,0.0,0.0,1.0,0.0,17591.323798303132,-17517.023798303133,357.823312067529,West,True
8312,1619473742.3,97.43040585550233,0.28052860540038305,30.0,,,-86.59528455,35.99428,,,0.0,0.0,1.0,0.0,17594.048135689045,-17519.748135689046,357.8232969171202,West,True
8313,1619473742.4,97.59500838325523,0.31030628274454414,30.0,,,-86.5952608,35.9942648,,,0.0,0.0,1.0,0.0,17596.772473397887,-17522.472473397887,357.8298214947437,West,True
8314,1619473742.5,97.6849588786661,0.3409121049253284,30.0,,,-86.5952369,35.994249550000006,,,0.0,0.0,1.0,0.0,17599.51084741982,-17525.21084741982,357.8298062938131,West,True
8315,1619473742.6,97.77490937407696,0.37226651880066197,30.0,,,-86.595213,35.9942343,,,0.0,0.0,1.0,0.0,17602.249221768656,-17527.949221768657,357.81354302131575,West,True
8316,1619473742.7,97.83174174202054,0.40431600880750307,30.0,,,-86.5951892,35.994219,,,0.0,0.0,1.0,0.0,17604.98399328579,-17530.68399328579,357.8226673036372,West,True
8317,1619473742.8,97.96974613270588,0.43702900217679497,29.81472447162173,,,-86.59516529999999,35.9942037,,,0.0,0.0,1.0,0.0,17607.725814604466,-17533.425814604467,357.8420667931196,West,True
8318,1619473742.9,98.06358101713202,0.4703849103544018,29.407362235810865,,,-86.5951415,35.9941886,,,0.0,0.0,1.0,0.0,17610.44680776412,-17536.146807764122,357.8420517390854,West,True
8319,1619473743.0,98.15741590155817,0.5043601439686072,29.0,,,-86.5951177,35.994173499999995,,,0.0,0.0,1.0,0.0,17613.167801246815,-17538.867801246815,357.83943256681505,West,True
8320,1619473743.1,98.25496017053491,0.5389099554002903,29.0,,,-86.59509385,35.99415835,,,0.0,0.0,1.0,0.0,17615.8957659935,-17541.5957659935,357.83941746411125,West,True
8321,1619473743.2,98.35250443951166,0.5739531576300747,29.0,,,-86.59506999999999,35.9941432,,,0.0,0.0,1.0,0.0,17618.623731064334,-17544.323731064334,357.8562844913558,West,True
8322,1619473743.3,98.44876814580329,0.609358460325928,29.0,,,-86.5950462,35.9941282,,,0.0,0.0,1.0,0.0,17621.337878117447,-17547.037878117448,357.84130579511736,West,True
8323,1619473743.4,98.62947744112256,0.644938849974874,29.0,,,-86.59502225,35.994113,,,0.0,0.0,1.0,0.0,17624.0763535939,-17549.7763535939,357.8412906435146,West,True
8324,1619473743.5,98.81018673644184,0.6804522882929891,29.0,,,-86.5949983,35.99409779999999,,,0.0,0.0,1.0,0.0,17626.814829397536,-17552.514829397536,357.82965453657175,West,True
8325,1619473743.6,99.00858924432661,0.7156107957533299,29.0,,,-86.5949744,35.994082549999995,,,0.0,0.0,1.0,0.0,17629.553206993958,-17555.25320699396,357.8296393342086,West,True
8326,1619473743.7,99.2069917522114,0.7500963555955483,29.0,,,-86.5949505,35.9940673,,,0.0,0.0,1.0,0.0,17632.291584916795,-17557.991584916796,357.8405680947906,West,True
8327,1619473743.8,99.36125154788141,0.7835796358825305,29.0,,,-86.59492639999999,35.994051999999996,,,0.0,0.0,1.0,0.0,17635.04754247872,-17560.74754247872,357.84055284548685,West,True
8328,1619473743.9,99.51551134355144,0.8157422341085576,29.0,,,-86.59490229999999,35.9940367,,,0.0,0.0,1.0,0.0,17637.803500371017,-17563.503500371018,357.8457079552498,West,True
8329,1619473744.0,99.75982104091796,0.8462931452162025,29.0,,,-86.59487829999999,35.9940215,,,0.0,0.0,1.0,0.0,17640.54551851912,-17566.24551851912,357.83153321538305,West,True
8330,1619473744.1,99.92,0.8749851046225204,29.0,,,-86.5948543,35.9940062,,,0.0,0.0,1.0,0.0,17643.294404926077,-17568.994404926078,357.85015225209696,West,True
8331,1619473744.2,100.12992110126311,0.9016182977604674,29.0,,,-86.59483025,35.993990999999994,,,0.0,0.0,1.0,0.0,17646.039967242763,-17571.739967242764,357.8501371020476,West,True
8332,1619473744.3,100.3398422025262,0.9260436494674943,29.0,,,-86.59480620000001,35.993975799999994,,,0.0,0.0,1.0,0.0,17648.785529887537,-17574.485529887537,357.8564135312102,West,True
8333,1619473744.4,100.55201249989503,0.9481516741811711,28.657691161920397,,,-86.59478200000001,35.99396055,,,0.0,0.0,1.0,0.0,17651.545152955627,-17577.245152955627,357.8563983305241,West,True
8334,1619473744.5,100.76418279726386,0.9678651422259658,28.31538232384079,,,-86.5947578,35.9939453,,,0.0,0.0,1.0,0.0,17654.304776356807,-17580.004776356807,357.84491302265826,West,True
8335,1619473744.6,100.93904988554678,0.9851203855112967,28.157691161920397,,,-86.59473365,35.993930000000006,,,0.0,0.0,1.0,0.0,17657.064276835597,-17582.764276835598,357.8448977703041,West,True
8336,1619473744.7,101.1139169738297,0.999859136497736,28.0,,,-86.5947095,35.993914700000005,,,0.0,0.0,1.0,0.0,17659.823777646685,-17585.523777646686,357.8327396193279,West,True
8337,1619473744.8,101.33695848691485,1.0120138419072076,28.0,,,-86.59468525,35.99389925,,,0.0,0.0,1.0,0.0,17662.600655557977,-17588.300655557978,357.8327242206205,West,True
8338,1619473744.9,101.56,1.021508980891522,28.0,,,-86.594661,35.9938838,,,0.0,0.0,1.0,0.0,17665.37753380451,-17591.07753380451,357.8617390404837,West,True
8339,1619473745.0,101.78053066452125,1.0282586680301926,28.0,,,-86.59463650000001,35.9938684,,,0.0,0.0,0.9045200474903448,0.0,17668.168703083218,-17593.86870308322,357.86172369018624,West,True
8340,1619473745.1,102.00106132904251,1.032181498551704,28.0,,,-86.594612,35.993853,,,0.0,0.0,0.8090400949806894,0.0,17670.959872702282,-17596.659872702283,357.84783634200767,West,True
8341,1619473745.2,102.19126744736928,1.0332103677523823,27.65814328963054,,,-86.59458749999999,35.9938375,,,0.0,0.0,0.6775448545177118,0.0,17673.75787832628,-17599.45787832628,357.8478208901164,West,True
8342,1619473745.3,102.38147356569604,1.03131596334273,27.31628657926108,,,-86.594563,35.993821999999994,,,0.0,0.0,0.5460496140547344,0.0,17676.555884290472,-17602.255884290473,357.8478054410723,West,True
8343,1619473745.4,102.57502344419916,1.0265204450425973,27.0,,,-86.5945385,35.9938065,,,0.0,0.0,0.4145542168372522,0.0,17679.353890595376,-17605.053890595376,357.8608743049008,West,True
8344,1619473745.5,102.81316046814382,1.018918441573747,27.0,,,-86.59451385,35.993791,,,0.0,0.0,0.2830591331287792,0.0,17682.162540249545,-17607.862540249545,357.8608588519177,West,True
8345,1619473745.6,103.05129749208848,1.0086828363845353,27.0,,,-86.5944892,35.9937755,,,0.0,0.0,0.1515640494203062,0.0,17684.97119024828,-17610.671190248282,357.85140940671664,West,True
8346,1619473745.7,103.2557990302533,0.9960721996717563,26.907283335260644,,,-86.59446449999999,35.9937599,,,0.0,0.0,0.0757820247101531,0.0,17687.79022222434,-17613.49022222434,357.8513938541035,West,True
8347,1619473745.8,103.46030056841812,0.9814204600841034,26.81456667052129,,,-86.59443979999999,35.9937443,,,0.0,0.0,0.0,0.0,17690.609254545816,-17616.309254545817,357.84884860364616,West,True
8348,1619473745.9,103.6375160321357,0.9651263146908324,47.32603358809898,,,-86.59441504999998,35.99372865,,,0.0,0.0,0.0,0.0,17693.43525462188,-17619.13525462188,357.84883300225897,West,True
8349,1619473746.0,103.81473149585328,0.9476272826846661,67.83750050567667,,,-86.59439029999999,35.993713,,,0.0,0.0,0.0,0.0,17696.26125504502,-17621.961255045022,357.8431182116179,West,True
8350,1619473746.1,103.98713709894915,0.9293763042560805,159.91875025283832,,,-86.59436529999999,35.99369715,,,0.0,0.0,0.0,0.0,17699.118673924964,-17624.818673924965,357.84310241119,West,True
8351,1619473746.2,104.15954270204502,0.9108097204807826,252.0,,,-86.5943403,35.9936813,,,0.0,0.0,0.0,0.0,17701.97609316113,-17627.67609316113,357.8498843601986,West,True
8352,1619473746.3,104.31894075666479,0.8923234289008428,252.0,,,-86.5943153,35.993665500000006,,,0.0,0.0,0.0,0.0,17704.830086888054,-17630.530086888055,357.8498686096667,West,True
8353,1619473746.4,104.47833881128456,0.8742482491594261,252.0,,,-86.5942903,35.993649700000006,,,0.0,0.0,0.0,0.0,17707.68408097151,-17633.38408097151,357.8270036197254,West,True
8354,1619473746.5,104.62508627573,0.8568381510353933,252.0,,,-86.59426525,35.993633700000004,,,0.0,0.0,0.0,0.0,17710.55534831344,-17636.25534831344,357.8269876723224,West,True
8355,1619473746.6,104.77183374017544,0.8402625771812591,252.0,,,-86.5942402,35.9936177,,,0.0,0.0,0.0,0.0,17713.42661601517,-17639.12661601517,357.8702687772576,West,True
8356,1619473746.7,104.93211757013133,0.8246120867455475,252.0,,,-86.59421479999999,35.9936018,,,0.0,0.0,0.0,0.0,17716.315846955145,-17642.015846955146,357.84415135449086,West,True
8357,1619473746.8,105.0903626186784,0.8099077863669184,252.0,,,-86.59418954999998,35.993585800000005,,,0.0,0.0,0.449382572596182,0.0,17719.20125967623,-17644.90125967623,357.8441354034442,West,True
8358,1619473746.9,105.24860766722549,0.7961197554195678,252.0,,,-86.59416429999999,35.9935698,,,0.0,0.0,0.898765145192364,0.0,17722.086672759557,-17647.786672759557,357.8585707931984,West,True
8359,1619473747.0,105.42873846679792,0.7831847922481476,252.0,,,-86.5941388,35.993553750000004,,,0.0,0.0,0.7425582652072014,0.0,17724.99323697205,-17650.693236972053,357.8585547939503,West,True
8360,1619473747.1,105.60886926637036,0.7710265909445015,252.0,,,-86.59411329999999,35.993537700000005,,,0.0,0.0,0.5863513852220389,0.0,17727.899801554,-17653.599801554,357.85187381526595,West,True
8361,1619473747.2,105.73580573755277,0.7595700821562171,252.0,,,-86.5940878,35.9935216,,,0.0,0.0,0.4301443190235869,0.0,17730.80978358848,-17656.50978358848,357.8518577652466,West,True
8362,1619473747.3,105.86274220873516,0.7487531809800365,252.0,,,-86.5940623,35.9935055,,,0.0,0.0,0.2739372528251349,0.0,17733.719765992115,-17659.419765992116,357.8560415909747,West,True
8363,1619473747.4,106.02684996475816,0.7385302168239536,252.0,,,-86.59403675000001,35.9934894,,,0.0,0.0,0.13696862641256746,0.0,17736.633296387805,-17662.333296387806,357.8560255432595,West,True
8364,1619473747.5,106.19095772078116,0.7288716877784187,252.0,,,-86.59401120000001,35.9934733,,,0.0,0.0,0.0,0.0,17739.54682715514,-17665.24682715514,357.83363676690914,West,True
8365,1619473747.6,106.33649445774735,0.7197569952588337,252.0,,,-86.5939856,35.993457,,,0.0,0.0,0.0,0.0,17742.477609399568,-17668.17760939957,357.8336205189858,West,True
8366,1619473747.7,106.48203119471354,0.711166116237123,252.0,,,-86.59396,35.9934407,,,0.0,0.0,0.0,0.0,17745.408392016998,-17671.108392017,357.8444493985412,West,True
8367,1619473747.8,106.64892396603409,0.7030679703378504,252.0,,,-86.59393435,35.993424450000006,,,0.0,0.0,0.0,0.0,17748.33928038488,-17674.03928038488,357.8444331993518,West,True
8368,1619473747.9,106.81581673735464,0.6954118917228163,252.0,,,-86.5939087,35.993408200000005,,,0.0,0.0,0.0,0.0,17751.270169127547,-17676.970169127548,357.8395791064241,West,True
8369,1619473748.0,106.94373925411585,0.6881195231349417,252.0,,,-86.59388295,35.99339185,,,0.0,0.0,0.0,0.0,17754.214998721418,-17679.91499872142,357.8395628082742,West,True
8370,1619473748.1,107.07166177087706,0.6810831672087996,252.0,,,-86.5938572,35.9933755,,,0.0,0.0,0.0,0.0,17757.15982869203,-17682.85982869203,357.8478962261117,West,True
8371,1619473748.2,107.20101069982368,0.6741664006304782,252.0,,,-86.59383135,35.993359149999996,,,0.0,0.0,0.0,0.0,17760.111741690554,-17685.811741690555,357.84787992910236,West,True
8372,1619473748.3,107.3303596287703,0.6672122270088194,252.0,,,-86.5938055,35.99334279999999,,,0.0,0.0,0.0,0.0,17763.063655068854,-17688.763655068855,357.8668056029011,West,True
8373,1619473748.4,107.49694067130667,0.6600526907359767,252.0,,,-86.59377950000001,35.9933265,,,0.0,0.0,0.0,0.0,17766.02280368094,-17691.72280368094,357.83231032049616,West,True
8374,1619473748.5,107.62890563861833,0.6525245340261088,252.0,,,-86.59375360000001,35.99331,,,0.0,0.0,0.0,0.0,17768.98855236186,-17694.688552361862,357.83229387324377,West,True
8375,1619473748.6,107.76087060593,0.6444832034725942,252.0,,,-86.5937277,35.9932935,,,0.0,0.0,0.0,0.0,17771.954301426736,-17697.654301426737,357.857075214409,West,True
8376,1619473748.7,107.93203354962662,0.6358195588509846,252.0,,,-86.5937015,35.993277,,,0.0,0.0,0.0,0.0,17774.94130290575,-17700.64130290575,357.8529652260722,West,True
8377,1619473748.8,108.04225313283689,0.6264707775689558,252.0,,,-86.59367535,35.9932605,,,0.0,0.0,0.0,0.0,17777.924756323744,-17703.624756323745,357.85294877834116,West,True
8378,1619473748.9,108.15247271604714,0.6164304083968748,252.0,,,-86.5936492,35.993244,,,0.0,0.0,0.0,0.0,17780.9082101298,-17706.6082101298,357.83107515036346,West,True
8379,1619473749.0,108.31956295640629,0.6057493598448809,252.0,,,-86.593623,35.9932273,,,0.0,0.0,0.0,0.0,17783.908924019972,-17709.608924019973,357.86108754631897,West,True
8380,1619473749.1,108.41635687905926,0.5945343116968291,252.0,,,-86.59359674999999,35.9932108,,,0.0,0.0,0.0,0.0,17786.89947806803,-17712.59947806803,357.861071097135,West,True
8381,1619473749.2,108.51315080171226,0.5829365098191142,252.0,,,-86.5935705,35.9931943,,,0.0,0.0,0.0,0.0,17789.890032505184,-17715.590032505184,357.85697652750224,West,True
8382,1619473749.3,108.65236926282022,0.571139426851372,252.0,,,-86.59354429999999,35.9931778,,,0.0,0.0,0.0,0.0,17792.877036323407,-17718.577036323408,357.86836907199546,West,True
8383,1619473749.4,108.76476265779142,0.559339492687446,252.0,,,-86.5935178,35.9931612,,,0.0,0.0,0.0,0.0,17795.89217899584,-17721.59217899584,357.8555232282222,West,True
8384,1619473749.5,108.8656576391886,0.5477298428233083,252.0,,,-86.5934913,35.9931445,,,0.0,0.0,0.0,0.0,17798.914142083333,-17724.614142083334,357.8650677578713,West,True
8385,1619473749.6,108.98759025735296,0.5364816706612305,252.0,,,-86.59346500000001,35.993128000000006,,,0.0,0.0,0.0,0.0,17801.908251647375,-17727.608251647376,357.8619047798989,West,True
8386,1619473749.7,109.11510199790422,0.5257331473522191,252.0,,,-86.5934385,35.99311135000001,,,0.0,0.0,0.0,0.0,17804.926802324724,-17730.626802324725,357.8618881833016,West,True
8387,1619473749.8,109.24261373845546,0.5155797286319395,252.0,,,-86.593412,35.99309470000001,,,0.0,0.0,0.0,0.0,17807.945353399537,-17733.645353399537,357.88111636549024,West,True
8388,1619473749.9,109.2924702728128,0.5060741661484011,252.0,,,-86.5933855,35.9930782,,,0.0,0.0,0.0,0.0,17810.953703685595,-17736.653703685595,357.85544011975185,West,True
8389,1619473750.0,109.40688319227024,0.49722886267068583,252.0,,,-86.59335899999999,35.9930615,,,0.0,0.0,0.0,0.0,17813.975668751715,-17739.675668751715,357.8563825488181,West,True
8390,1619473750.1,109.51126837887742,0.48902619898282174,252.0,,,-86.59333225,35.99304465,,,0.0,0.0,0.0,0.0,17817.025627716273,-17742.725627716274,357.8563657550042,West,True
8391,1619473750.2,109.61565356548458,0.4814292309070519,252.0,,,-86.5933055,35.9930278,,,0.0,0.0,0.0,0.0,17820.075587087482,-17745.775587087483,357.86821995584506,West,True
8392,1619473750.3,109.7215679659142,0.47439558626778655,252.0,,,-86.59327900000001,35.993011200000005,,,0.0,0.0,0.0,0.0,17823.090733344714,-17748.790733344715,357.8769718045824,West,True
8393,1619473750.4,109.84037278975053,0.4678887209587277,252.0,,,-86.59325215000001,35.99299445,,,0.0,0.0,0.0,0.0,17826.140995092934,-17751.840995092934,357.8769551089396,West,True
8394,1619473750.5,109.95917761358686,0.46188703041005463,252.0,,,-86.5932253,35.9929777,,,0.0,0.0,0.0,0.0,17829.191257247898,-17754.8912572479,357.8553394829922,West,True
8395,1619473750.6,110.0668483717338,0.4563888012081416,252.0,,,-86.5931988,35.992961,,,0.0,0.0,0.0,0.0,17832.213224710405,-17757.913224710406,357.85628195996617,West,True
8396,1619473750.7,110.1716487924999,0.4514115503221885,252.0,,,-86.59317204999999,35.99294415,,,0.0,0.0,0.0,0.0,17835.263186095377,-17760.963186095378,357.85626516037047,West,True
8397,1619473750.8,110.276449213266,0.446988662938206,252.0,,,-86.5931453,35.9929273,,,0.0,0.0,0.0,0.0,17838.313147884983,-17764.013147884983,357.86658769935406,West,True
8398,1619473750.9,110.41213313936998,0.4431598322420245,252.0,,,-86.5931185,35.9929105,,,0.0,0.0,0.0,0.0,17841.363252493564,-17767.063252493565,357.88235956375684,West,True
8399,1619473751.0,110.5389471998829,0.4399628236312615,252.0,,,-86.5930915,35.9928937,,,0.0,0.0,0.0,0.0,17844.42760105094,-17770.12760105094,357.84519612776353,West,True
8400,1619473751.1,110.63522936908504,0.43742055580542427,252.0,,,-86.59306465,35.992876700000004,,,0.0,0.0,0.0,0.0,17847.49491877361,-17773.19491877361,357.84517918158537,West,True
8401,1619473751.2,110.73151153828717,0.43553418109037456,252.0,,,-86.5930378,35.992859700000004,,,0.0,0.0,0.0,0.0,17850.562236906266,-17776.262236906266,357.86341900258543,West,True
8402,1619473751.3,110.8773125295295,0.4342732923468602,252.0,,,-86.5930108,35.99284275,,,0.0,0.0,0.0,0.0,17853.63678305529,-17779.336783055292,357.8634021058878,West,True
8403,1619473751.4,111.02311352077184,0.43357524547608506,252.0,,,-86.5929838,35.9928258,,,0.0,0.0,0.0,0.0,17856.711329616704,-17782.411329616705,357.8696820931534,West,True
8404,1619473751.5,111.11043065063282,0.4333421414683598,252.0,,,-86.5929568,35.9928089,,,0.0,0.0,0.0,0.0,17859.782471503862,-17785.482471503863,357.86966524630367,West,True
8405,1619473751.6,111.19774778049378,0.43344724748621366,252.0,,,-86.5929298,35.992792,,,0.0,0.0,0.0,0.0,17862.853613802647,-17788.553613802647,357.8570544860028,West,True
8406,1619473751.7,111.27646193057282,0.43373798150440307,252.0,,,-86.59290279999999,35.992775,,,0.0,0.0,0.0,0.0,17865.93157295968,-17791.63157295968,357.8570375405799,West,True
8407,1619473751.8,111.35517608065184,0.4340462053470275,252.0,,,-86.59287579999999,35.992758,,,0.0,0.0,0.0,0.0,17869.009532529857,-17794.709532529858,357.88220902211737,West,True
8408,1619473751.9,111.5,0.4341933890804508,252.0,,,-86.5928488,35.992741200000005,,,0.0,0.0,0.0,0.0,17872.073884808826,-17797.773884808827,357.8516885641307,West,True
8409,1619473752.0,111.5714114163215,0.434000039774019,252.0,,,-86.59282155,35.992724,,,0.0,0.0,0.0,0.0,17875.183255722353,-17800.883255722354,357.8516714184841,West,True
8410,1619473752.1,111.64282283264298,0.4332893936754365,252.0,,,-86.5927943,35.9927068,,,0.0,0.0,0.0,0.0,17878.29262705736,-17803.99262705736,357.82949987889356,West,True
8411,1619473752.2,111.74113229179542,0.43189304537554585,252.0,,,-86.59276725,35.99268955,,,0.0,0.0,0.0,0.0,17881.391270133467,-17807.091270133467,357.82948268316136,West,True
8412,1619473752.3,111.83944175094788,0.4296524545526863,252.0,,,-86.5927402,35.9926723,,,0.0,0.0,0.0,0.0,17884.48991362754,-17810.189913627542,357.85392564811985,West,True
8413,1619473752.4,111.91543455771247,0.4264213405813979,252.0,,,-86.592713,35.992655150000004,,,0.0,0.0,0.0,0.0,17887.59232014557,-17813.29232014557,357.85390855368536,West,True
8414,1619473752.5,111.99142736447706,0.42206752441526896,252.0,,,-86.5926858,35.992638,,,0.0,0.0,0.0,0.0,17890.694727084745,-17816.394727084746,357.8328676247322,West,True
8415,1619473752.6,112.09482512677401,0.4164749739403716,252.0,,,-86.59265855,35.99262065,,,0.0,0.0,0.0,0.0,17893.81438752467,-17819.514387524672,357.8328503293754,West,True
8416,1619473752.7,112.19822288907096,0.40954926702884487,252.0,,,-86.5926313,35.9926033,,,0.0,0.0,0.0,0.0,17896.93404838835,-17822.63404838835,357.83112097782436,West,True
8417,1619473752.8,112.29411144453547,0.4012212685592982,252.0,,,-86.59260415,35.992586,,,0.0,0.0,0.0,0.0,17900.04320159225,-17825.74320159225,357.831103732127,West,True
8418,1619473752.9,112.39,0.391456873568071,252.0,,,-86.592577,35.99256870000001,,,0.0,0.0,0.0,0.0,17903.152355217004,-17828.852355217005,357.8225675939122,West,True
8419,1619473753.0,112.48062643253586,0.3802606783624734,252.0,,,-86.5925498,35.992551299999995,,,0.0,0.0,0.0,0.0,17906.27192869844,-17831.97192869844,357.8180622898914,West,True
8420,1619473753.1,112.56756724901675,0.367686522352802,252.0,,,-86.5925225,35.99253379999999,,,0.0,0.0,0.0,0.0,17909.405457942095,-17835.105457942096,357.8180448468812,West,True
8421,1619473753.2,112.65450806549764,0.3538361544163561,252.0,,,-86.5924952,35.99251629999999,,,0.0,0.0,0.0,0.0,17912.538987612348,-17838.23898761235,357.85080556372446,West,True
8422,1619473753.3,112.7377057233629,0.3388649199386312,252.0,,,-86.5924678,35.992499,,,0.0,0.0,0.0,0.0,17915.665843843315,-17841.365843843316,357.83046646213137,West,True
8423,1619473753.4,112.81066209752532,0.32297056603771,252.0,,,-86.5924405,35.992481600000005,,,0.0,0.0,0.0,0.0,17918.792481344037,-17844.492481344038,357.83044911699466,West,True
8424,1619473753.5,112.88361847168774,0.3063905384490652,252.0,,,-86.5924132,35.99246420000001,,,0.0,0.0,0.0,0.0,17921.91911927034,-17847.61911927034,357.80110863009696,West,True
8425,1619473753.6,112.90909100801623,0.2893804581447301,252.0,,,-86.5923858,35.9924465,,,0.0,0.0,0.0,0.0,17925.073534955187,-17850.773534955188,357.84287143508107,West,True
8426,1619473753.7,112.96298770059312,0.2722048974906268,252.0,,,-86.5923585,35.992429200000004,,,0.0,0.0,0.0,0.0,17928.193305126348,-17853.89330512635,357.8219253206151,West,True
8427,1619473753.8,112.99941504656778,0.25511095141618234,252.0,,,-86.59233115,35.992411700000005,,,0.0,0.0,0.0,0.0,17931.330364470177,-17857.030364470178,357.8219078770745,West,True
8428,1619473753.9,113.03584239254243,0.23831920852680488,252.0,,,-86.5923038,35.99239420000001,,,0.0,0.0,0.0,0.0,17934.46742424318,-17860.16742424318,357.81790510534415,West,True
8429,1619473754.0,113.12569328210417,0.22200096797102142,252.0,,,-86.5922765,35.99237670000001,,,0.0,0.0,0.0,0.0,17937.600957320363,-17863.300957320364,357.83374226871143,West,True
8430,1619473754.1,113.15725178950638,0.20627674078476693,252.0,,,-86.592249,35.99235920000001,,,0.0,0.0,0.0,0.0,17940.748614180007,-17866.448614180008,357.8337248228896,West,True
8431,1619473754.2,113.1888102969086,0.1912036877526187,252.0,,,-86.5922215,35.992341700000004,,,0.0,0.0,0.0,0.0,17943.896271471564,-17869.596271471564,357.8133969158226,West,True
8432,1619473754.3,113.24165594625904,0.17678491279684622,252.0,,,-86.5921941,35.992324100000005,,,0.0,0.0,0.0,0.0,17947.043764307884,-17872.743764307885,357.8133793709093,West,True
8433,1619473754.4,113.29450159560947,0.16296811480691825,252.0,,,-86.5921667,35.9923065,,,0.0,0.0,0.0,0.0,17950.191257575454,-17875.891257575455,357.82919169242814,West,True
8434,1619473754.5,113.32941927412676,0.14966323954168523,252.0,,,-86.5921391,35.9922889,,,0.0,0.0,0.0,0.0,17953.352863495093,-17879.052863495093,357.8291741478811,West,True
8435,1619473754.6,113.36433695264404,0.13674817111018217,252.0,,,-86.5921115,35.9922713,,,0.0,0.0,0.0,0.0,17956.514469848844,-17882.214469848845,357.83531789813924,West,True
8436,1619473754.7,113.40207717201409,0.12408898392589154,252.0,,,-86.5920839,35.99225375,,,0.0,0.0,0.0,0.0,17959.672638179363,-17885.372638179364,357.8353004036294,West,True
8437,1619473754.8,113.43981739138412,0.11154697724228431,252.0,,,-86.5920563,35.9922362,,,0.0,0.0,0.0,0.0,17962.830806945734,-17888.530806945735,357.8167988822764,West,True
8438,1619473754.9,113.50945561131428,0.09899652880400883,252.0,,,-86.5920287,35.9922185,,,0.0,0.0,0.0,0.0,17965.999309589442,-17891.699309589443,357.8307944085829,West,True
8439,1619473755.0,113.5014706818568,0.08632992679317412,252.0,,,-86.59200100000001,35.99220085,,,0.0,0.0,0.0,0.0,17969.171425360888,-17894.87142536089,357.830776816034,West,True
8440,1619473755.1,113.49348575239932,0.07347102778027814,252.0,,,-86.5919733,35.99218320000001,,,0.0,0.0,0.0,0.0,17972.343541571405,-17898.043541571406,357.8251325857311,West,True
8441,1619473755.2,113.5039841728334,0.06037738336397257,252.0,,,-86.59194575000001,35.99216560000001,,,0.0,0.0,0.0,0.0,17975.5016187766,-17901.201618776602,357.82511504310014,West,True
8442,1619473755.3,113.51448259326747,0.04705027728092283,252.0,,,-86.59191820000001,35.992148,,,0.0,0.0,0.0,0.0,17978.65969641632,-17904.35969641632,357.8346290761473,West,True
8443,1619473755.4,113.5407010673776,0.03353462353345113,252.0,,,-86.59189045,35.992130350000004,,,0.0,0.0,0.0,0.0,17981.835349205812,-17907.535349205813,357.83461148149314,West,True
8444,1619473755.5,113.5669195414877,0.019925539547440353,252.0,,,-86.5918627,35.99211270000001,,,0.0,0.0,0.0,0.0,17985.011002433464,-17910.711002433465,357.82846545655855,West,True
8445,1619473755.6,113.57991926240389,0.006364884267457624,252.0,,,-86.59183494999999,35.992095000000006,,,0.0,0.0,0.0,0.0,17988.19009509305,-17913.89009509305,357.82844781052495,West,True
8446,1619473755.7,113.59291898332008,-0.006957638544538203,252.0,,,-86.5918072,35.9920773,,,0.0,0.0,0.0,0.0,17991.36918819205,-17917.06918819205,357.8423266486721,West,True
8447,1619473755.8,113.58942297339635,-0.019814281808167383,252.0,,,-86.59177935,35.99205965,,,0.0,0.0,0.0,0.0,17994.551920575024,-17920.251920575025,357.84230905232585,West,True
8448,1619473755.9,113.58592696347262,-0.03194643070332107,252.0,,,-86.5917515,35.992042,,,0.0,0.0,0.0,0.0,17997.734653398828,-17923.43465339883,357.8406520657045,West,True
8449,1619473756.0,113.56286881516692,-0.04308274210018931,252.0,,,-86.59172375,35.9920244,,,0.0,0.0,0.0,0.0,18000.906875850393,-17926.606875850393,357.8406345217772,West,True
8450,1619473756.1,113.53981066686124,-0.052954603914829715,252.0,,,-86.591696,35.9920068,,,0.0,0.0,0.0,0.0,18004.07909874035,-17929.77909874035,357.8444970619458,West,True
8451,1619473756.2,113.46,-0.06132005222752725,252.0,,,-86.5916682,35.991989200000006,,,0.0,0.0,0.0,0.0,18007.254863601174,-17932.954863601175,357.8361319995614,West,True
8452,1619473756.3,113.45127665403837,-0.06798216756557748,252.0,,,-86.59164035,35.991971500000005,,,0.0,0.0,0.0,0.0,18010.441029536112,-17936.141029536113,357.83611435725754,West,True
8453,1619473756.4,113.44255330807675,-0.0728108864862144,252.0,,,-86.5916125,35.9919538,,,0.0,0.0,0.0,0.0,18013.62719591466,-17939.327195914662,357.8338749945768,West,True
8454,1619473756.5,113.41997249515381,-0.07575510166528279,252.0,,,-86.5915846,35.99193604999999,,,0.0,0.0,0.0,0.0,18016.820335017426,-17942.520335017427,357.8338573032308,West,True
8455,1619473756.6,113.39739168223088,-0.07685280629749511,252.0,,,-86.5915567,35.991918299999995,,,0.0,0.0,0.0,0.0,18020.013474564697,-17945.713474564698,357.86048979472747,West,True
8456,1619473756.7,113.3736928672483,-0.07622901643689742,252.0,,,-86.59152885,35.991900799999996,,,0.0,0.0,0.0,0.0,18023.185953071923,-17948.885953071924,357.86047235100824,West,True
8457,1619473756.8,113.34999405226571,-0.07408893035532277,252.0,,,-86.591501,35.9918833,,,0.0,0.0,0.0,0.0,18026.358432019166,-17952.058432019167,357.83436456664384,West,True
8458,1619473756.9,113.29552390367991,-0.07070053430733952,252.0,,,-86.59147324999999,35.991865649999994,,,0.0,0.0,0.0,0.0,18029.534091394282,-17955.234091394283,357.8343469748289,West,True
8459,1619473757.0,113.24105375509411,-0.06637354997705155,252.0,,,-86.59144549999999,35.991848,,,0.0,0.0,0.0,0.0,18032.709751208065,-17958.409751208066,357.83376908954295,West,True
8460,1619473757.1,113.21906504271541,-0.061433752491043284,252.0,,,-86.5914176,35.99183025,,,0.0,0.0,0.0,0.0,18035.90289295677,-17961.60289295677,357.83375139799136,West,True
8461,1619473757.2,113.1970763303367,-0.0561973487920238,252.0,,,-86.5913897,35.9918125,,,0.0,0.0,0.0,0.0,18039.096035150465,-17964.796035150466,357.8298482807469,West,True
8462,1619473757.3,113.19457775005013,-0.050948455123650246,252.0,,,-86.59136185,35.99179475,,,0.0,0.0,0.0,0.0,18042.28564284402,-17967.98564284402,357.8298305893238,West,True
8463,1619473757.4,113.19207916976356,-0.045919930533917436,252.0,,,-86.591334,35.991777,,,0.0,0.0,0.0,0.0,18045.475250979976,-17971.175250979977,357.851987932361,West,True
8464,1619473757.5,113.17875868857972,-0.04128355471655015,252.0,,,-86.5913061,35.99175939999999,,,0.0,0.0,0.0,0.0,18048.65811192644,-17974.35811192644,357.8519703882109,West,True
8465,1619473757.6,113.16543820739588,-0.037143762109399125,252.0,,,-86.5912782,35.99174179999999,,,0.0,0.0,0.0,0.0,18051.840973313072,-17977.540973313073,357.8596172317075,West,True
8466,1619473757.7,113.22142684057388,-0.033543430539924805,252.0,,,-86.5912502,35.9917242,,,0.0,0.0,0.0,0.0,18055.03093510607,-17980.730935106072,357.843602676935,West,True
8467,1619473757.8,113.22207610086261,-0.030469668535105826,252.0,,,-86.59122225,35.9917065,,,0.0,0.0,0.0,0.0,18058.224187593576,-17983.924187593577,357.8435850323171,West,True
8468,1619473757.9,113.22272536115132,-0.02787096994290504,252.0,,,-86.5911943,35.9916888,,,0.0,0.0,0.0,0.0,18061.41744052539,-17987.11744052539,357.85641796463756,West,True
8469,1619473758.0,113.17415769596624,-0.025668535607658097,252.0,,,-86.5911665,35.9916713,,,0.0,0.0,0.0,0.0,18064.586373176393,-17990.286373176394,357.8541375038013,West,True
8470,1619473758.1,113.19207139404755,-0.02377663598122482,252.0,,,-86.59113865,35.99165375,,,0.0,0.0,0.0,0.0,18067.762271105494,-17993.462271105494,357.85412000938527,West,True
8471,1619473758.2,113.20998509212885,-0.022111512137869722,252.0,,,-86.5911108,35.9916362,,,0.0,0.0,0.0,0.0,18070.938169474903,-17996.638169474903,357.83189013641584,West,True
8472,1619473758.3,113.14223561527608,-0.02060737353205853,252.0,,,-86.591083,35.9916185,,,0.0,0.0,0.0,0.0,18074.1208078867,-17999.8208078867,357.8563481235376,West,True
8473,1619473758.4,113.17,-0.019217542596670356,252.0,,,-86.5910552,35.991601,,,0.0,0.0,0.0,0.0,18077.289742296896,-18002.989742296897,357.83961853931515,West,True
8474,1619473758.5,113.13828180046474,-0.017922302645458008,252.0,,,-86.5910273,35.991583299999995,,,0.0,0.0,0.0,0.0,18080.47945669604,-18006.17945669604,357.82846744443253,West,True
8475,1619473758.6,113.1772474768084,-0.0167214878788259,252.0,,,-86.5909997,35.9915657,,,0.0,0.0,0.0,0.0,18083.641080493526,-18009.341080493527,357.82299076596,West,True
8476,1619473758.7,113.15925627681914,-0.01563492061800795,252.0,,,-86.59097170000001,35.99154779999999,,,0.0,0.0,0.0,0.0,18086.85162009283,-18012.551620092832,357.84854653847765,West,True
8477,1619473758.8,113.07662954467996,-0.014689631168674298,252.0,,,-86.590944,35.991530299999994,,,0.0,0.0,0.0,0.0,18090.01346026033,-18015.71346026033,357.84402249109934,West,True
8478,1619473758.9,113.16905181122816,-0.013916761095488379,252.0,,,-86.5909162,35.9915127,,,0.0,0.0,0.0,0.0,18093.189237019495,-18018.889237019495,357.81514208131995,West,True
8479,1619473759.0,113.11731388210322,-0.013338441079653526,252.0,,,-86.59088829999999,35.9914948,,,0.0,0.0,0.0,0.0,18096.392723552424,-18022.092723552425,357.8384546724824,West,True
8480,1619473759.1,113.11246533279247,-0.012965805775030929,252.0,,,-86.59086065,35.99147725,,,0.0,0.0,0.0,0.0,18099.55444920119,-18025.25444920119,357.83843717945575,West,True
8481,1619473759.2,113.10761678348172,-0.01278994129633955,252.0,,,-86.59083299999999,35.9914597,,,0.0,0.0,0.0,0.0,18102.716175286885,-18028.416175286886,357.8294946094712,West,True
8482,1619473759.3,113.11518679932064,-0.012784234583805796,252.0,,,-86.59080515,35.99144195,,,0.0,0.0,0.0,0.0,18105.905791782803,-18031.605791782804,357.8294769163302,West,True
8483,1619473759.4,113.12275681515958,-0.012901413707566391,252.0,,,-86.5907773,35.991424200000004,,,0.0,0.0,0.0,0.0,18109.09540872161,-18034.79540872161,357.82777536473947,West,True
8484,1619473759.5,113.09241626713396,-0.013080799028679018,252.0,,,-86.59074955,35.991406500000004,,,0.0,0.0,0.0,0.0,18112.2745184935,-18037.9745184935,357.8277577204848,West,True
8485,1619473759.6,113.06207571910834,-0.013250532999926762,252.0,,,-86.5907218,35.9913888,,,0.0,0.0,0.0,0.0,18115.453628705316,-18041.153628705317,357.8255238261935,West,True
8486,1619473759.7,113.097038588218,-0.013337702907648803,252.0,,,-86.590694,35.99137105,,,0.0,0.0,0.0,0.0,18118.63971443015,-18044.339714430153,357.8255061331166,West,True
8487,1619473759.8,113.13200145732765,-0.013272701782304374,252.0,,,-86.5906662,35.9913533,,,0.0,0.0,0.0,0.0,18121.825800596285,-18047.525800596286,357.83607068149627,West,True
8488,1619473759.9,113.07289465189844,-0.012998816030239248,252.0,,,-86.5906385,35.9913357,,,0.0,0.0,0.0,0.0,18124.994501056557,-18050.694501056558,357.8198382809486,West,True
8489,1619473760.0,113.07183015745056,-0.012475174379927192,252.0,,,-86.59061085,35.991318,,,0.0,0.0,0.0,0.0,18128.16655249874,-18053.86655249874,357.81982063787734,West,True
8490,1619473760.1,113.07076566300267,-0.011682785903169684,252.0,,,-86.59058320000001,35.9913003,,,0.0,0.0,0.0,0.0,18131.338604378652,-18057.038604378653,357.8096933233676,West,True
8491,1619473760.2,113.07058976206126,-0.01062378027773591,252.0,,,-86.59055560000002,35.99128255,,,0.0,0.0,0.0,0.0,18134.510586574976,-18060.210586574976,357.80967563145003,West,True
8492,1619473760.3,113.07041386111985,-0.009322664997325751,252.0,,,-86.590528,35.9912648,,,0.0,0.0,0.0,0.0,18137.682569209686,-18063.382569209687,357.85914716708965,West,True
8493,1619473760.4,113.03774078862314,-0.007821693606297348,252.0,,,-86.5905,35.991247200000004,,,0.0,0.0,0.0,0.0,18140.872543032183,-18066.572543032184,357.8275990590931,West,True
8494,1619473760.5,113.0363295015274,-0.006178183665211886,252.0,,,-86.59047225,35.9912295,,,0.0,0.0,0.0,0.0,18144.051657203283,-18069.751657203284,357.8275814159953,West,True
8495,1619473760.6,113.03491821443168,-0.0044576363431435145,252.0,,,-86.59044449999999,35.991211799999995,,,0.0,0.0,0.0,0.0,18147.230771815797,-18072.930771815798,357.8359302675627,West,True
8496,1619473760.7,113.0504869614782,-0.0027292159826410116,252.0,,,-86.5904168,35.9911942,,,0.0,0.0,0.0,0.0,18150.399475790306,-18076.099475790306,357.8135437399498,West,True
8497,1619473760.8,113.03092373373849,-0.001058876619360005,252.0,,,-86.59038915,35.991176450000005,,,0.0,0.0,0.0,0.0,18153.574983356597,-18079.274983356598,357.813526045933,West,True
8498,1619473760.9,113.01136050599877,0.0004948384978187809,252.0,,,-86.5903615,35.99115870000001,,,0.0,0.0,0.0,0.0,18156.750491360373,-18082.450491360374,357.8135083515473,West,True
8499,1619473761.0,112.99212281722633,0.0018858592805639867,252.0,,,-86.59033385000001,35.99114095,,,0.0,0.0,0.0,0.0,18159.925999803127,-18085.625999803127,357.81349066057885,West,True
8500,1619473761.1,112.9728851284539,0.003083032768844229,252.0,,,-86.5903062,35.991123200000004,,,0.0,0.0,0.0,0.0,18163.101508684875,-18088.801508684875,357.80951575613625,West,True
8501,1619473761.2,112.97340197490638,0.004072441216918878,252.0,,,-86.5902786,35.991105450000006,,,0.0,0.0,0.0,0.0,18166.273495245212,-18091.973495245213,357.8094980618437,West,True
8502,1619473761.3,112.97391882135886,0.004857475976760323,252.0,,,-86.590251,35.9910877,,,0.0,0.0,0.0,0.0,18169.445482244428,-18095.14548224443,357.80948036899076,West,True
8503,1619473761.4,112.96426774963285,0.005458197914993684,252.0,,,-86.5902234,35.99106995,,,0.0,0.0,0.0,0.0,18172.617469679535,-18098.317469679536,357.8094626770213,West,True
8504,1619473761.5,112.95461667790686,0.00590902995958327,252.0,,,-86.5901958,35.991052200000006,,,0.0,0.0,0.0,0.0,18175.78945755203,-18101.48945755203,357.78911346629604,West,True
8505,1619473761.6,112.98212897385928,0.006255442184891733,252.0,,,-86.5901683,35.99103435000001,,,0.0,0.0,0.0,0.0,18178.961353946317,-18104.661353946318,357.78909567280925,West,True
8506,1619473761.7,113.0096412698117,0.006549773009203766,252.0,,,-86.5901408,35.9910165,,,0.0,0.0,0.0,0.0,18182.133250777777,-18107.833250777778,357.7705173757278,West,True
8507,1619473761.8,112.91859478396265,0.006846039582159417,252.0,,,-86.59011329999998,35.9909985,,,0.0,0.0,0.0,0.0,18185.315611753515,-18111.015611753515,357.78906008878414,West,True
8508,1619473761.9,112.94650099808396,0.00719505643200873,252.0,,,-86.5900858,35.99098065,,,0.0,0.0,0.0,0.0,18188.48750946101,-18114.18750946101,357.7890422977253,West,True
8509,1619473762.0,112.97440721220528,0.00763881625954249,252.0,,,-86.5900583,35.9909628,,,0.0,0.0,0.0,0.0,18191.65940760569,-18117.35940760569,357.7666110401435,West,True
8510,1619473762.1,112.97754829127959,0.00820675908091285,252.0,,,-86.590031,35.9909449,,,0.0,0.0,0.0,0.0,18194.82078818321,-18120.52078818321,357.76659319921885,West,True
8511,1619473762.2,112.9806893703539,0.008911636445284823,252.0,,,-86.5900037,35.990927,,,0.0,0.0,0.0,0.0,18197.98216919422,-18123.68216919422,357.7580540234238,West,True
8512,1619473762.3,112.96533890700377,0.00974899872608678,252.0,,,-86.5899762,35.9909089,,,0.0,0.0,0.0,0.0,18201.171537538732,-18126.871537538733,357.7580359831212,West,True
8513,1619473762.4,112.94998844365364,0.010696195657438439,252.0,,,-86.58994870000001,35.9908908,,,0.0,0.0,0.0,0.0,18204.36090632262,-18130.060906322622,357.7622631143316,West,True
8514,1619473762.5,112.96350698086157,0.011716365812925702,252.0,,,-86.5899213,35.99087279999999,,,0.0,0.0,0.0,0.0,18207.536280715285,-18133.236280715286,357.75405671652993,West,True
8515,1619473762.6,112.96649864286297,0.012760907327588278,252.0,,,-86.589894,35.990854799999994,,,0.0,0.0,0.0,0.0,18210.70467602019,-18136.40467602019,357.7540387770753,West,True
8516,1619473762.7,112.96949030486438,0.013777433903334736,252.0,,,-86.5898667,35.9908368,,,0.0,0.0,0.0,0.0,18213.87307175954,-18139.57307175954,357.73945959132215,West,True
8517,1619473762.8,112.97445522182902,0.014714030466198343,252.0,,,-86.58983935,35.990818649999994,,,0.0,0.0,0.0,0.0,18217.055507593206,-18142.755507593207,357.7394415044753,West,True
8518,1619473762.9,112.97942013879366,0.015528560455530638,252.0,,,-86.589812,35.9908005,,,0.0,0.0,0.0,0.0,18220.237943865097,-18145.937943865098,357.7539848877079,West,True
8519,1619473763.0,112.93801668806162,0.016191417860269893,252.0,,,-86.58978470000001,35.9907825,,,0.0,0.0,0.0,0.0,18223.406340914036,-18149.106340914037,357.7621557352552,West,True
8520,1619473763.1,112.98011388806688,0.016692566759297457,252.0,,,-86.5897573,35.990764500000004,,,0.0,0.0,0.0,0.0,18226.581717933022,-18152.281717933023,357.69972022914123,West,True
8521,1619473763.2,112.95842264524649,0.017039592477568435,252.0,,,-86.5897302,35.990746200000004,,,0.0,0.0,0.0,0.0,18229.757458035096,-18155.457458035096,357.7372804197613,West,True
8522,1619473763.3,112.9861052044091,0.017259939187828394,252.0,,,-86.5897028,35.990728000000004,,,0.0,0.0,0.0,0.0,18232.94690037484,-18158.646900374843,357.712240192199,West,True
8523,1619473763.4,112.94265621139893,0.017393278235543163,252.0,,,-86.5896757,35.9907098,,,0.0,0.0,0.0,0.0,18236.115527988535,-18161.815527988536,357.72687949274314,West,True
8524,1619473763.5,112.9633693005178,0.0174893178074996,252.0,,,-86.58964850000001,35.99069165,,,0.0,0.0,0.0,0.0,18239.28754382121,-18164.98754382121,357.726861402625,West,True
8525,1619473763.6,112.98408238963668,0.017596786425927376,252.0,,,-86.5896213,35.9906735,,,0.0,0.0,0.0,0.0,18242.45956008974,-18168.15956008974,357.70372137752275,West,True
8526,1619473763.7,112.93564748529064,0.017760223853176355,252.0,,,-86.5895943,35.99065529999999,,,0.0,0.0,0.0,0.0,18245.62127135517,-18171.32127135517,357.7164451613576,West,True
8527,1619473763.8,113.00008426660868,0.018010136579675845,252.0,,,-86.589567,35.990637,,,0.0,0.0,0.0,0.0,18248.810849610887,-18174.510849610888,357.7205515594049,West,True
8528,1619473763.9,113.03281714058603,0.0183632437271012,252.0,,,-86.5895398,35.9906188,,,0.0,0.0,0.0,0.0,18251.986407458586,-18177.686407458586,357.66585650212016,West,True
8529,1619473764.0,113.02890373813672,0.018817920995229026,252.0,,,-86.58951280000001,35.9906003,,,0.0,0.0,0.0,0.0,18255.169575282576,-18180.869575282577,357.7225891676238,West,True
8530,1619473764.1,113.04189832728514,0.019360527183358706,252.0,,,-86.58948565,35.990582149999994,,,0.0,0.0,0.0,0.0,18258.33812453017,-18184.038124530172,357.7225710802757,West,True
8531,1619473764.2,113.05489291643354,0.019967173646339875,252.0,,,-86.58945849999999,35.990564,,,0.0,0.0,0.0,0.0,18261.50667421051,-18187.20667421051,357.71001839279813,West,True
8532,1619473764.3,113.06744645821678,0.02061503114189029,252.0,,,-86.58943135,35.990545749999995,,,0.0,0.0,0.0,0.0,18264.68231838484,-18190.38231838484,357.7100002061101,West,True
8533,1619473764.4,113.08,0.021287625871014917,252.0,,,-86.5894042,35.9905275,,,0.0,0.0,0.0,0.0,18267.857962993323,-18193.557962993324,357.73706460084446,West,True
8534,1619473764.5,113.02028216621352,0.021986769348295937,252.0,,,-86.5893768,35.9905093,,,0.0,0.0,0.0,0.0,18271.047410615236,-18196.747410615237,357.7266692443779,West,True
8535,1619473764.6,113.04603246640158,0.02273638475051875,252.0,,,-86.58934975,35.990491250000005,,,0.0,0.0,0.0,0.0,18274.20194498732,-18199.90194498732,357.7266512546323,West,True
8536,1619473764.7,113.07178276658964,0.023589914770186817,252.0,,,-86.58932270000001,35.990473200000004,,,0.0,0.0,0.0,0.0,18277.356479788505,-18203.056479788505,357.7183223882466,West,True
8537,1619473764.8,113.09178859447225,0.02462837435923986,252.0,,,-86.58929545000001,35.99045495,,,0.0,0.0,0.0,0.0,18280.53905166718,-18206.23905166718,357.71830420017585,West,True
8538,1619473764.9,113.11179442235486,0.025960119580273167,252.0,,,-86.5892682,35.990436700000004,,,0.0,0.0,0.0,0.0,18283.721623982263,-18209.421623982264,357.7266198225131,West,True
8539,1619473765.0,113.11093672568738,0.027711824964645727,252.0,,,-86.58924085000001,35.99041845000001,,,0.0,0.0,0.0,0.0,18286.911132620335,-18212.611132620335,357.72660163377077,West,True
8540,1619473765.1,113.1100790290199,0.030021047608699128,252.0,,,-86.5892135,35.9904002,,,0.0,0.0,0.0,0.0,18290.100641699064,-18215.800641699065,357.72449428952586,West,True
8541,1619473765.2,113.14694055332896,0.03302239462066102,252.0,,,-86.58918625,35.990382,,,0.0,0.0,0.0,0.0,18293.279673143767,-18218.979673143767,357.7244761530895,West,True
8542,1619473765.3,113.18380207763803,0.03683653256790295,252.0,,,-86.589159,35.9903638,,,0.0,0.0,0.0,0.0,18296.458705024164,-18222.158705024165,357.7576583784051,West,True
8543,1619473765.4,113.19017992059739,0.041556235807948996,252.0,,,-86.58913164999998,35.9903458,,,0.0,0.0,0.0,0.0,18299.630601137742,-18225.330601137743,357.75764043653834,West,True
8544,1619473765.5,113.19655776355675,0.04723698986491176,252.0,,,-86.58910429999999,35.9903278,,,0.0,0.0,0.0,0.0,18302.802497685883,-18228.502497685884,357.74728601085127,West,True
8545,1619473765.6,113.2265120503346,0.053887932981699666,252.0,,,-86.589077,35.99030975,,,0.0,0.0,0.0,0.0,18305.974421208586,-18231.674421208587,357.7472680217146,West,True
8546,1619473765.7,113.25646633711246,0.061468426304399415,252.0,,,-86.5890497,35.9902917,,,0.0,0.0,0.0,0.0,18309.146345167446,-18234.846345167447,357.7740970765634,West,True
8547,1619473765.8,113.20680516543246,0.06988698155352538,252.0,,,-86.5890223,35.9902738,,,0.0,0.0,0.0,0.0,18312.314737022065,-18238.014737022066,357.7493481155749,West,True
8548,1619473765.9,113.27686370798935,0.07900538749395711,252.0,,,-86.58899505,35.9902558,,,0.0,0.0,0.0,0.0,18315.479660804947,-18241.179660804948,357.74933017491946,West,True
8549,1619473766.0,113.34692225054626,0.08864528856603614,252.0,,,-86.58896779999999,35.9902378,,,0.0,0.0,0.0,0.0,18318.64458502116,-18244.34458502116,357.7635632618395,West,True
8550,1619473766.1,113.38346112527313,0.09859789470102323,252.0,,,-86.58894029999999,35.99021975000001,,,0.0,0.0,0.0,0.0,18321.830464632345,-18247.530464632346,357.763545270501,West,True
8551,1619473766.2,113.42,0.10863465357248538,252.0,,,-86.5889128,35.99020170000001,,,0.0,0.0,0.0,0.0,18325.016344682666,-18250.716344682667,357.7759052319902,West,True
8552,1619473766.3,113.48317387383325,0.11851828416174634,252.0,,,-86.5888853,35.99018375,,,0.0,0.0,0.0,0.0,18328.19523174818,-18253.89523174818,357.7758873425616,West,True
8553,1619473766.4,113.5463477476665,0.128013053348159,252.0,,,-86.5888578,35.9901658,,,0.0,0.0,0.0,0.0,18331.374119251355,-18257.074119251356,357.7860798645223,West,True
8554,1619473766.5,113.62821050353858,0.13689353536427168,252.0,,,-86.58883025,35.9901479,,,0.0,0.0,0.0,0.0,18334.553025636724,-18260.253025636724,357.78606202467773,West,True
8555,1619473766.6,113.71007325941068,0.14495214204634002,252.0,,,-86.5888027,35.99013,,,0.0,0.0,0.0,0.0,18337.731932460123,-18263.431932460124,357.7777172191621,West,True
8556,1619473766.7,113.7596481963864,0.1520051360865829,252.0,,,-86.58877509999999,35.990111999999996,,,0.0,0.0,0.0,0.0,18340.9213148556,-18266.6213148556,357.7776992781041,West,True
8557,1619473766.8,113.80922313336212,0.15789843626798566,252.0,,,-86.5887475,35.990094,,,0.0,0.0,0.0,0.0,18344.11069769071,-18269.81069769071,357.79618232168747,West,True
8558,1619473766.9,113.87961156668106,0.16251306745563585,252.0,,,-86.5887199,35.99007615,,,0.0,0.0,0.0,0.0,18347.289640374303,-18272.989640374304,357.79616453074266,West,True
8559,1619473767.0,113.95,0.16577148762297014,252.0,,,-86.58869229999999,35.9900583,,,0.0,0.0,0.0,0.0,18350.468583497775,-18276.168583497776,357.75719373269857,West,True
8560,1619473767.1,113.99266921258412,0.16764387441269088,252.0,,,-86.58866479999999,35.9900402,,,0.0,0.0,0.0,0.0,18353.65797297746,-18279.35797297746,357.7797765712291,West,True
8561,1619473767.2,114.04633460629205,0.16815463546655582,252.0,,,-86.58863725,35.990022249999996,,,0.0,0.0,0.0,0.0,18356.84036647893,-18282.54036647893,357.77975868358067,West,True
8562,1619473767.3,114.1,0.16738697293601118,252.0,,,-86.5886097,35.990004299999995,,,0.0,0.0,0.0,0.0,18360.022760420165,-18285.722760420165,357.8101871119474,West,True
8563,1619473767.4,114.16572850469828,0.16548515982195502,252.0,,,-86.588582,35.9899865,,,0.0,0.0,0.0,0.0,18363.205277405123,-18288.905277405123,357.8101693686814,West,True
8564,1619473767.5,114.23145700939656,0.1626516546510135,252.0,,,-86.5885543,35.989968700000006,,,0.0,0.0,0.0,0.0,18366.387794830414,-18292.087794830415,357.7895569162142,West,True
8565,1619473767.6,114.30620037105437,0.15913977707264343,252.0,,,-86.58852655,35.98995070000001,,,0.0,0.0,0.0,0.0,18369.58769963398,-18295.28769963398,357.7895389733128,West,True
8566,1619473767.7,114.38094373271218,0.1552393791443998,252.0,,,-86.5884988,35.989932700000004,,,0.0,0.0,0.0,0.0,18372.787604882502,-18298.487604882503,357.8196975010314,West,True
8567,1619473767.8,114.44684256542511,0.15125910782603955,252.0,,,-86.5884709,35.989914850000005,,,0.0,0.0,0.0,0.0,18375.987679434435,-18301.687679434435,357.8196797096331,West,True
8568,1619473767.9,114.51274139813805,0.14750319333790624,252.0,,,-86.588443,35.989897,,,0.0,0.0,0.0,0.0,18379.187754433377,-18304.887754433377,357.8135604456914,West,True
8569,1619473768.0,114.57878841734225,0.1442497950599587,252.0,,,-86.58841509999999,35.989879099999996,,,0.0,0.0,0.0,0.0,18382.391281249256,-18308.091281249257,357.8135426041978,West,True
8570,1619473768.1,114.64483543654646,0.1417280020444375,252.0,,,-86.5883872,35.9898612,,,0.0,0.0,0.0,0.0,18385.594808509923,-18311.294808509923,357.81352476211754,West,True
8571,1619473768.2,114.65316398193828,0.140102979841641,252.0,,,-86.5883593,35.9898433,,,0.0,0.0,0.0,0.0,18388.798336218362,-18314.498336218363,357.83346805279655,West,True
8572,1619473768.3,114.6955113368402,0.13946331800156964,252.0,,,-86.5883313,35.9898255,,,0.0,0.0,0.0,0.0,18392.002037364087,-18317.702037364088,357.8433777800057,West,True
8573,1619473768.4,114.73317141004908,0.13982105907592096,252.0,,,-86.58830325,35.98980775,,,0.0,0.0,0.0,0.0,18395.205849398204,-18320.905849398205,357.84336008729747,West,True
8574,1619473768.5,114.77083148325796,0.14111383253967782,252.0,,,-86.5882752,35.98979,,,0.0,0.0,0.0,0.0,18398.409661879105,-18324.109661879105,357.8334147593003,West,True
8575,1619473768.6,114.82143648672724,0.14321998951984036,252.0,,,-86.58824720000001,35.989772200000004,,,0.0,0.0,0.0,0.0,18401.613364362158,-18327.31336436216,357.82123678785894,West,True
8576,1619473768.7,114.82007828610011,0.14597154782210284,252.0,,,-86.5882192,35.989754299999994,,,0.0,0.0,0.0,0.0,18404.823948901496,-18330.523948901497,357.84873076441227,West,True
8577,1619473768.8,114.86911676457592,0.14917712500224145,252.0,,,-86.588191,35.9897365,,,0.0,0.0,0.0,0.0,18408.041820750204,-18333.741820750205,357.84871301829173,West,True
8578,1619473768.9,114.91815524305171,0.15263637088179827,252.0,,,-86.5881628,35.989718700000005,,,0.0,0.0,0.0,0.0,18411.259693049262,-18336.959693049263,357.8090226741041,West,True
8579,1619473769.0,115.0112323354226,0.156161056179504,252.0,,,-86.5881348,35.98970070000001,,,0.0,0.0,0.0,0.0,18414.477184240626,-18340.177184240627,357.83111472118384,West,True
8580,1619473769.1,115.0406161677113,0.1595824197788855,252.0,,,-86.58810675000001,35.98968285000001,,,0.0,0.0,0.0,0.0,18417.68786152984,-18343.38786152984,357.8310969285237,West,True
8581,1619473769.2,115.07,0.16276433489572809,252.0,,,-86.5880787,35.989665,,,0.0,0.0,0.0,0.0,18420.89853926938,-18346.59853926938,357.86377855395943,West,True
8582,1619473769.3,115.04835191388874,0.16560036645800036,252.0,,,-86.5880503,35.9896472,,,0.0,0.0,0.0,0.0,18424.130619941126,-18349.830619941127,357.80895058635497,West,True
8583,1619473769.4,115.13983471838344,0.16801910230103703,252.0,,,-86.5880223,35.9896292,,,0.0,0.0,0.0,0.0,18427.34811292012,-18353.04811292012,357.8288400918976,West,True
8584,1619473769.5,115.12521545535505,0.16997352305606336,252.0,,,-86.5879942,35.98961129999999,,,0.0,0.0,0.0,0.0,18430.565765360592,-18356.265765360593,357.8244391375347,West,True
8585,1619473769.6,115.1682393628721,0.17144301056300065,252.0,,,-86.587966,35.989593299999996,,,0.0,0.0,0.0,0.0,18433.79736729469,-18359.49736729469,357.82442119506254,West,True
8586,1619473769.7,115.21126327038915,0.1724203312233049,252.0,,,-86.5879378,35.9895753,,,0.0,0.0,0.0,0.0,18437.028969682273,-18362.728969682274,357.81666845773003,West,True
8587,1619473769.8,115.26126989307174,0.17291521590541134,252.0,,,-86.58790970000001,35.989557299999994,,,0.0,0.0,0.0,0.0,18440.25351365616,-18365.95351365616,357.8726874460138,West,True
8588,1619473769.9,115.32089335729732,0.1729431380313851,252.0,,,-86.5878815,35.98953970000001,,,0.0,0.0,0.0,0.0,18443.457759595978,-18369.15775959598,357.80798277726507,West,True
8589,1619473770.0,115.33969408578044,0.17253252355750565,252.0,,,-86.5878532,35.9895215,,,0.0,0.0,0.0,0.0,18446.710222571954,-18372.410222571954,357.82873271921164,West,True
8590,1619473770.1,115.38484704289021,0.17171651735294607,252.0,,,-86.5878251,35.989503600000006,,,0.0,0.0,0.0,0.0,18449.927877722264,-18375.627877722265,357.82871487680444,West,True
8591,1619473770.2,115.43,0.1705425197963979,252.0,,,-86.587797,35.9894857,,,0.0,0.0,0.0,0.0,18453.14553332478,-18378.84553332478,357.82431367018336,West,True
8592,1619473770.3,115.4476522147724,0.16906587533723316,252.0,,,-86.58776879999999,35.989467700000006,,,0.0,0.0,0.0,0.0,18456.37713843021,-18382.07713843021,357.8319763135503,West,True
8593,1619473770.4,115.5382263399302,0.16735876203975403,252.0,,,-86.58774050000001,35.9894497,,,0.0,0.0,0.0,0.0,18459.615812480282,-18385.315812480283,357.83195837368163,West,True
8594,1619473770.5,115.56739339884936,0.1655043526053211,252.0,,,-86.5877122,35.989431700000004,,,0.0,0.0,0.0,0.0,18462.854486988595,-18388.554486988596,357.81558544997347,West,True
8595,1619473770.6,115.59265618694744,0.16360236496191968,252.0,,,-86.5876838,35.9894135,,,0.0,0.0,0.0,0.0,18466.114000788824,-18391.814000788825,357.81650627890207,West,True
8596,1619473770.7,115.61909598580908,0.1617629795282185,252.0,,,-86.5876557,35.9893955,,,0.0,0.0,0.0,0.0,18469.338548827538,-18395.03854882754,357.84837620838874,West,True
8597,1619473770.8,115.7000128830905,0.1601074103793249,252.0,,,-86.5876275,35.9893777,,,0.0,0.0,0.0,0.0,18472.55642977489,-18398.25642977489,357.8318867300561,West,True
8598,1619473770.9,115.745736885069,0.15876144873780235,252.0,,,-86.58759920000001,35.9893597,,,0.0,0.0,0.0,0.0,18475.79510610807,-18401.495106108072,357.82367656110404,West,True
8599,1619473771.0,115.79669088550591,0.15785036604283909,252.0,,,-86.58757085,35.9893416,,,0.0,0.0,0.0,0.0,18479.044196883217,-18404.744196883217,357.8236585194944,West,True
8600,1619473771.1,115.84764488594284,0.15749223902542192,252.0,,,-86.5875425,35.9893235,,,0.0,0.0,0.0,0.0,18482.293288118253,-18407.993288118254,357.8559009757255,West,True
8601,1619473771.2,115.8843796778053,0.15778772359072335,252.0,,,-86.5875142,35.9893057,,,0.0,0.0,0.0,0.0,18485.51826948505,-18411.21826948505,357.815458972418,West,True
8602,1619473771.3,115.9146054419882,0.15881418468513864,252.0,,,-86.5874858,35.9892875,,,0.0,0.0,0.0,0.0,18488.777786483868,-18414.47778648387,357.8558654250982,West,True
8603,1619473771.4,116.012971061639,0.16061299042698468,252.0,,,-86.5874575,35.9892697,,,0.0,0.0,0.0,0.0,18492.002768768463,-18417.702768768464,357.83177894997124,West,True
8604,1619473771.5,115.97018592297476,0.16318715407892947,252.0,,,-86.5874292,35.989251700000004,,,0.0,0.0,0.0,0.0,18495.24144784296,-18420.94144784296,357.85293727721194,West,True
8605,1619473771.6,116.02162100517573,0.16649097411127792,252.0,,,-86.5874007,35.98923375,,,0.0,0.0,0.0,0.0,18498.490874972576,-18424.190874972577,357.85291938495186,West,True
8606,1619473771.7,116.0730560873767,0.17043487439855892,252.0,,,-86.5873722,35.9892158,,,0.0,0.0,0.0,0.0,18501.74030256209,-18427.440302562092,357.8273602015678,West,True
8607,1619473771.8,116.1284776441856,0.17488226384979966,252.0,,,-86.5873438,35.9891977,,,0.0,0.0,0.0,0.0,18504.992929728716,-18430.692929728717,357.8349581905813,West,True
8608,1619473771.9,116.16588163954208,0.17966348593470705,252.0,,,-86.5873153,35.9891796,,,0.0,0.0,0.0,0.0,18508.25262997501,-18433.95262997501,357.8349401474996,West,True
8609,1619473772.0,116.20328563489858,0.18458134405640103,252.0,,,-86.5872868,35.9891615,,,0.0,0.0,0.0,0.0,18511.51233068407,-18437.21233068407,357.8213098081594,West,True
8610,1619473772.1,116.27163290851709,0.18943150995671765,252.0,,,-86.5872584,35.989143350000006,,,0.0,0.0,0.0,0.0,18514.76840236484,-18440.46840236484,357.82129171403034,West,True
8611,1619473772.2,116.33998018213562,0.19401285330608103,252.0,,,-86.58723,35.989125200000004,,,0.0,0.0,0.0,0.0,18518.024474506405,-18443.724474506405,357.8229356724526,West,True
8612,1619473772.3,116.4141816756368,0.19814724313268373,252.0,,,-86.58720149999999,35.989107000000004,,,0.0,0.0,0.0,0.0,18521.291053794754,-18446.991053794754,357.8229175285164,West,True
8613,1619473772.4,116.48838316913796,0.20168752043288435,252.0,,,-86.58717299999999,35.9890888,,,0.0,0.0,0.0,0.0,18524.55763354693,-18450.25763354693,357.8288747041117,West,True
8614,1619473772.5,116.52654429361047,0.20452910695486692,252.0,,,-86.5871445,35.98907065,,,0.0,0.0,0.0,0.0,18527.820772245363,-18453.520772245363,357.8288566078487,West,True
8615,1619473772.6,116.564705418083,0.20661010049405315,252.0,,,-86.58711600000001,35.9890525,,,0.0,0.0,0.0,0.0,18531.083911406833,-18456.783911406834,357.8271974430158,West,True
8616,1619473772.7,116.60083959889393,0.20791158743372123,252.0,,,-86.58708760000002,35.9890344,,,0.0,0.0,0.0,0.0,18534.336542727335,-18460.036542727335,357.8271794011194,West,True
8617,1619473772.8,116.63697377970486,0.20845004853802668,252.0,,,-86.58705920000001,35.9890163,,,0.0,0.0,0.0,0.0,18537.58917450936,-18463.289174509362,357.8244774609462,West,True
8618,1619473772.9,116.67031327054549,0.20826980812217646,252.0,,,-86.5870306,35.988998050000006,,,0.0,0.0,0.0,0.0,18540.866263718162,-18466.566263718163,357.8244592688098,West,True
8619,1619473773.0,116.70365276138612,0.20743341497935414,252.0,,,-86.587002,35.9889798,,,0.0,0.0,0.0,0.0,18544.14335339484,-18469.84335339484,357.82876615079203,West,True
8620,1619473773.1,116.7591367579374,0.20601341448898336,252.0,,,-86.5869735,35.98896165,,,0.0,0.0,0.0,0.0,18547.40649487764,-18473.10649487764,357.82874805899024,West,True
8621,1619473773.2,116.81462075448869,0.20408733911839164,252.0,,,-86.586945,35.9889435,,,0.0,0.0,0.0,0.0,18550.66963682399,-18476.36963682399,357.81080297665653,West,True
8622,1619473773.3,116.91593673610858,0.20173417955984388,252.0,,,-86.5869165,35.988925200000004,,,0.0,0.0,0.0,0.0,18553.943121247365,-18479.643121247365,357.83034157341234,West,True
8623,1619473773.4,117.00217239106917,0.1990363878764052,252.0,,,-86.5868879,35.988907,,,0.0,0.0,0.0,0.0,18557.21677288066,-18482.91677288066,357.83032343225557,West,True
8624,1619473773.5,117.08840804602976,0.19608067338839547,252.0,,,-86.5868593,35.9888888,,,0.0,0.0,0.0,0.0,18560.490424979056,-18486.190424979057,357.83247457356987,West,True
8625,1619473773.6,117.13004257845373,0.1929635176724412,252.0,,,-86.58683074999999,35.988870649999996,,,0.0,0.0,0.0,0.0,18563.7571049466,-18489.4571049466,357.832456481476,West,True
8626,1619473773.7,117.17167711087768,0.18979101566887818,252.0,,,-86.5868022,35.9888525,,,0.0,0.0,0.0,0.0,18567.023785377325,-18492.723785377326,357.8437562933248,West,True
8627,1619473773.8,117.21947320220124,0.18668174276628682,252.0,,,-86.58677349999999,35.988834350000005,,,0.0,0.0,0.0,0.0,18570.301088916014,-18496.001088916015,357.8437382006439,West,True
8628,1619473773.9,117.2672692935248,0.183760387921042,252.0,,,-86.58674479999999,35.9888162,,,0.0,0.0,0.0,0.0,18573.57839292324,-18499.27839292324,357.83023266044955,West,True
8629,1619473774.0,117.2970112520816,0.18115466378117773,252.0,,,-86.5867162,35.988798,,,0.0,0.0,0.0,0.0,18576.85204734948,-18502.55204734948,357.8318329567187,West,True
8630,1619473774.1,117.36809735525291,0.17898244141038366,252.0,,,-86.5866875,35.988779750000006,,,0.0,0.0,0.0,0.0,18580.1362114441,-18505.8362114441,357.8318147661294,West,True
8631,1619473774.2,117.43918345842422,0.17734540889368322,252.0,,,-86.5866588,35.9887615,,,0.0,0.0,0.0,0.0,18583.420376008853,-18509.120376008854,357.85114607262113,West,True
8632,1619473774.3,117.51090678366319,0.1763151457285581,252.0,,,-86.58663,35.98874335000001,,,0.0,0.0,0.0,0.0,18586.704775388007,-18512.404775388008,357.85112797878793,West,True
8633,1619473774.4,117.58263010890214,0.1759303073198154,252.0,,,-86.5866012,35.988725200000005,,,0.0,0.0,0.0,0.0,18589.989175237948,-18515.68917523795,357.8489266070185,West,True
8634,1619473774.5,117.63896406107358,0.1761886502181442,252.0,,,-86.58657235000001,35.988707000000005,,,0.0,0.0,0.0,0.0,18593.28054137432,-18518.98054137432,357.84890846340056,West,True
8635,1619473774.6,117.69529801324504,0.17705305359236653,252.0,,,-86.5865435,35.9886888,,,0.0,0.0,0.0,0.0,18596.571907984413,-18522.271907984414,357.8333307759223,West,True
8636,1619473774.7,117.74653226931557,0.17845242447521495,252.0,,,-86.5865147,35.988670500000005,,,0.0,0.0,0.0,0.0,18599.866584531337,-18525.566584531338,357.86806339415733,West,True
8637,1619473774.8,117.80407014132942,0.18029587425843657,252.0,,,-86.58648575,35.98865240000001,,,0.0,0.0,0.0,0.0,18603.158241606656,-18528.858241606657,357.86804535055524,West,True
8638,1619473774.9,117.86160801334329,0.1824789282039378,252.0,,,-86.5864568,35.9886343,,,0.0,0.0,0.0,0.0,18606.449899155312,-18532.149899155313,357.8332758608617,West,True
8639,1619473775.0,117.97912702763423,0.1848994473647385,252.0,,,-86.586428,35.988616,,,0.0,0.0,0.0,0.0,18609.7445771095,-18535.4445771095,357.8429134234081,West,True
8640,1619473775.1,118.02537207978202,0.18746185731873463,252.0,,,-86.58639915,35.98859775,,,0.0,0.0,0.0,0.0,18613.039367491194,-18538.739367491195,357.84289523332956,West,True
8641,1619473775.2,118.0716171319298,0.19008747047114105,252.0,,,-86.5863703,35.9885795,,,0.0,0.0,0.0,0.0,18616.334158346443,-18542.034158346443,357.84505019987637,West,True
8642,1619473775.3,118.1665008358471,0.19271138160991452,252.0,,,-86.5863415,35.98856129999999,,,0.0,0.0,0.0,0.0,18619.621981700227,-18545.32198170023,357.886192471983,West,True
8643,1619473775.4,118.21814329723848,0.19528429020198707,252.0,,,-86.5863123,35.9885432,,,0.0,0.0,0.0,0.0,18622.931468765557,-18548.631468765558,357.83636587141655,West,True
8644,1619473775.5,118.2158608698852,0.1977625992022966,252.0,,,-86.5862833,35.98852479999999,,,0.0,0.0,0.0,0.0,18626.24716965844,-18551.94716965844,357.8465507755989,West,True
8645,1619473775.6,118.27239916263466,0.2001050922212248,252.0,,,-86.5862544,35.98850655,,,0.0,0.0,0.0,0.0,18629.545507614657,-18555.245507614658,357.8465325846521,West,True
8646,1619473775.7,118.32893745538412,0.20226204804383574,252.0,,,-86.5862255,35.9884883,,,0.0,0.0,0.0,0.0,18632.843846045038,-18558.54384604504,357.87155579981555,West,True
8647,1619473775.8,118.4573889135337,0.20417352576933037,252.0,,,-86.5861965,35.9884702,,,0.0,0.0,0.0,0.0,18636.13906874492,-18561.83906874492,357.85109848257616,West,True
8648,1619473775.9,118.5012694879554,0.20576419204748886,252.0,,,-86.5861673,35.9884518,,,0.0,0.0,0.0,0.0,18639.468950097096,-18565.168950097097,357.84802246211154,West,True
8649,1619473776.0,118.56043279645851,0.20694824626624442,252.0,,,-86.58613829999999,35.9884335,,,0.0,0.0,0.0,0.0,18642.77780354735,-18568.47780354735,357.8458405270809,West,True
8650,1619473776.1,118.62878924662546,0.20763277190909601,252.0,,,-86.58610924999999,35.988415149999994,,,0.0,0.0,0.0,0.0,18646.09362432445,-18571.79362432445,357.84582223724317,West,True
8651,1619473776.2,118.6971456967924,0.20772895698799004,252.0,,,-86.5860802,35.9883968,,,0.0,0.0,0.0,0.0,18649.40944558025,-18575.109445580252,357.84796767368334,West,True
8652,1619473776.3,118.71900007393168,0.2071610514080905,252.0,,,-86.5860512,35.9883785,,,0.0,0.0,0.0,0.0,18652.718300463337,-18578.418300463338,357.8626756608615,West,True
8653,1619473776.4,118.82359891170634,0.20587834816432812,252.0,,,-86.586022,35.9883602,,,0.0,0.0,0.0,0.0,18656.041363633216,-18581.741363633217,357.8393205048869,West,True
8654,1619473776.5,118.88623120821484,0.20386325355028553,252.0,,,-86.5859928,35.9883417,,,0.0,0.0,0.0,0.0,18659.37809157923,-18585.07809157923,357.8435925720758,West,True
8655,1619473776.6,118.93368061882722,0.20113701711136017,252.0,,,-86.5859637,35.9883233,,,0.0,0.0,0.0,0.0,18662.700882393732,-18588.400882393733,357.8626209978939,West,True
8656,1619473776.7,119.01311853237154,0.19776139153404243,252.0,,,-86.5859345,35.988305,,,0.0,0.0,0.0,0.0,18666.023947016834,-18591.723947016835,357.84787602266454,West,True
8657,1619473776.8,119.05733563141835,0.19383426092678396,252.0,,,-86.58590550000001,35.9882867,,,0.0,0.0,0.0,0.0,18669.332804292928,-18595.03280429293,357.8466144962792,West,True
8658,1619473776.9,119.09442493478456,0.18948414797568167,252.0,,,-86.5858762,35.9882682,,,0.0,0.0,0.0,0.0,18672.676622727562,-18598.376622727563,357.8360900606688,West,True
8659,1619473777.0,119.15,0.18485747500483096,252.0,,,-86.5858472,35.9882498,,,0.0,0.0,0.0,0.0,18675.992330776764,-18601.692330776765,357.8625482168708,West,True
8660,1619473777.1,119.18595007237866,0.18011044834467949,252.0,,,-86.585818,35.9882315,,,0.0,0.0,0.0,0.0,18679.315397334864,-18605.015397334864,357.8391916711001,West,True
8661,1619473777.2,119.2352487119438,0.175393883545476,252.0,,,-86.58578879999999,35.988213,,,0.0,0.0,0.0,0.0,18682.65212865574,-18608.35212865574,357.85451269743373,West,True
8662,1619473777.3,119.31495579747315,0.1708491670619449,252.0,,,-86.58575954999999,35.9881946,,,0.0,0.0,0.0,0.0,18685.98556717535,-18611.68556717535,357.8544943558647,West,True
8663,1619473777.4,119.3946628830025,0.16659664046887745,252.0,,,-86.5857303,35.988176200000005,,,0.0,0.0,0.0,0.0,18689.31900617903,-18615.01900617903,357.83171777408694,West,True
8664,1619473777.5,119.41082153137044,0.1627400458223069,252.0,,,-86.5857012,35.9881577,,,0.0,0.0,0.0,0.0,18692.64865959479,-18618.34865959479,357.84280819776524,West,True
8665,1619473777.6,119.45948599530661,0.15936056904181592,252.0,,,-86.58567195,35.988139200000006,,,0.0,0.0,0.0,0.0,18695.98893598893,-18621.688935988932,357.8427897560574,West,True
8666,1619473777.7,119.50815045924276,0.15652912072091713,252.0,,,-86.58564270000001,35.9881207,,,0.0,0.0,0.0,0.0,18699.329212869747,-18625.029212869747,357.8305867073945,West,True
8667,1619473777.8,119.56913810386528,0.15430305225224533,252.0,,,-86.58561329999999,35.988102000000005,,,0.0,0.0,0.0,0.0,18702.693831576154,-18628.393831576155,357.8550633067325,West,True
8668,1619473777.9,119.68547728156042,0.1527411912352365,252.0,,,-86.5855842,35.988083700000004,,,0.0,0.0,0.0,0.0,18706.00979348944,-18631.70979348944,357.85373047699795,West,True
8669,1619473778.0,119.70922521449442,0.15189725205370658,252.0,,,-86.5855548,35.9880652,,,0.0,0.0,0.0,0.0,18709.360715019542,-18635.060715019543,357.85938775644905,West,True
8670,1619473778.1,119.7493436611972,0.15183148380059308,252.0,,,-86.58552579999998,35.988046999999995,,,0.0,0.0,0.0,0.0,18712.662751986503,-18638.362751986504,357.84941109029955,West,True
8671,1619473778.2,119.81028312520037,0.15259566831060323,252.0,,,-86.58549629999999,35.9880284,,,0.0,0.0,0.0,0.0,18716.027604549705,-18641.727604549706,357.8493925496279,West,True
8672,1619473778.3,119.87122258920354,0.15423819087439444,252.0,,,-86.58546679999999,35.9880098,,,0.0,0.0,0.0,0.0,18719.392457606486,-18645.092457606486,357.8463383825782,West,True
8673,1619473778.4,119.91821009564663,0.15677979757829946,252.0,,,-86.5854375,35.9879913,,,0.0,0.0,0.0,0.0,18722.736283334354,-18648.436283334355,357.8463199415011,West,True
8674,1619473778.5,119.96519760208972,0.16021436310250348,252.0,,,-86.5854082,35.987972799999994,,,0.0,0.0,0.0,0.0,18726.08010954956,-18651.78010954956,357.8514749913359,West,True
8675,1619473778.6,119.97777438795137,0.16448007409556395,252.0,,,-86.58537875,35.98795425,,,0.0,0.0,0.0,0.0,18729.437998655183,-18655.137998655184,357.8514564997498,West,True
8676,1619473778.7,119.99035117381302,0.16946329817323236,252.0,,,-86.5853493,35.9879357,,,0.0,0.0,0.0,0.0,18732.795888252895,-18658.495888252895,357.8578953694161,West,True
8677,1619473778.8,120.04814518550876,0.17497358380363115,252.0,,,-86.58532,35.98791729999999,,,0.0,0.0,0.0,0.0,18736.132886790936,-18661.832886790937,357.86083397592625,West,True
8678,1619473778.9,120.1453185258399,0.18075974140362427,252.0,,,-86.5852905,35.9878988,,,0.0,0.0,0.0,0.0,18739.49091959677,-18665.19091959677,357.8535462526104,West,True
8679,1619473779.0,120.18059689045552,0.1864964220807746,178.52227360913355,,,-86.5852611,35.9878803,,,0.0,0.0,0.0,0.0,18742.841846020503,-18668.541846020504,357.85352780947755,West,True
8680,1619473779.1,120.21587525507114,0.19181793832974386,105.0445472182671,,,-86.58523170000001,35.9878618,,,0.0,0.0,0.0,0.0,18746.192772932853,-18671.892772932853,357.8261217190222,West,True
8681,1619473779.2,120.2338992486401,0.19631858055749274,35.177014668435966,,,-86.5852022,35.987843,,,0.0,0.0,0.0,0.0,18749.571345253054,-18675.271345253055,357.87515261567563,West,True
8682,1619473779.3,120.31265829572368,0.19960174730829652,35.67843130222716,,,-86.5851725,35.9878245,,,0.0,0.0,0.0,0.0,18752.943620881964,-18678.643620881965,357.84615315364806,West,True
8683,1619473779.4,120.36490168010938,0.201288048292671,36.0,,,-86.5851432,35.987806,,,0.0,0.0,0.0,0.0,18756.28745149108,-18681.98745149108,357.8607234526396,West,True
8684,1619473779.5,120.4862300062958,0.20106902903785437,36.0,,,-86.5851137,35.9877875,,,0.0,0.0,0.0,0.0,18759.645487257905,-18685.345487257906,357.8578847097128,West,True
8685,1619473779.6,120.52811500314789,0.19871128250757963,36.33901357882348,,,-86.585084,35.98776885,,,0.0,0.0,0.0,0.0,18763.02796462021,-18688.72796462021,357.85786611813796,West,True
8686,1619473779.7,120.57,0.19410055461090014,36.67802715764697,,,-86.5850543,35.9877502,,,0.0,0.0,0.0,0.0,18766.410442481538,-18692.11044248154,357.84486037314,West,True
8687,1619473779.8,120.5722661984096,0.18723062800343887,37.17829039972016,,,-86.58502469999999,35.9877315,,,0.0,0.0,0.0,0.0,18769.789236126202,-18695.489236126203,357.83754309526955,West,True
8688,1619473779.9,120.67765175981172,0.17822746548936552,37.67903716641735,,,-86.58499520000001,35.9877128,,,0.0,0.0,0.0,0.0,18773.160943112787,-18698.860943112788,357.8405973742327,West,True
8689,1619473780.0,120.69284999755298,0.1673186943214054,38.0,,,-86.58496550000001,35.987694,,,0.0,0.0,0.0,0.0,18776.55367404256,-18702.25367404256,357.8317291325557,West,True
8690,1619473780.1,120.73069393789817,0.15483652393565256,38.08922340749626,,,-86.584936,35.987675249999995,,,0.0,0.0,0.0,0.0,18779.928813579016,-18705.628813579016,357.8317104431507,West,True
8691,1619473780.2,120.76853787824336,0.14117301658999307,38.178446814992526,,,-86.58490649999999,35.9876565,,,0.0,0.0,0.0,0.0,18783.303953611023,-18709.003953611023,357.84054140598306,West,True
8692,1619473780.3,120.82620463359775,0.12676931748358017,38.677582850179455,,,-86.58487679999999,35.9876377,,,0.0,0.0,0.0,0.0,18786.696686042673,-18712.396686042674,357.8122709156768,West,True
8693,1619473780.4,120.83370029237874,0.11206799052566732,38.838791425089724,,,-86.58484725,35.987618749999996,,,0.0,0.0,0.0,0.0,18790.08913421579,-18715.78913421579,357.812252025955,West,True
8694,1619473780.5,120.84119595115972,0.09749984372867194,39.0,,,-86.5848177,35.9875998,,,0.0,0.0,0.0,0.0,18793.481582888875,-18719.181582888876,357.8404853753463,West,True
8695,1619473780.6,120.82730314689488,0.08344455448532148,39.177044946598514,,,-86.584788,35.987581,,,0.0,0.0,0.0,0.0,18796.874316833073,-18722.574316833074,357.8404666368416,West,True
8696,1619473780.7,120.87,0.07022415615222577,39.67806806195791,,,-86.5847583,35.987562200000006,,,0.0,0.0,0.0,0.0,18800.2670512783,-18725.9670512783,357.8373747674747,West,True
8697,1619473780.8,120.8674566642389,0.05807830257831384,40.0,,,-86.5847288,35.9875435,,,0.0,0.0,0.0,0.0,18803.63876275036,-18729.33876275036,357.8237104249226,West,True
8698,1619473780.9,120.90249374081398,0.047168079102620435,40.08872869702904,,,-86.58469925,35.98752465,,,0.0,0.0,0.0,0.0,18807.024318004514,-18732.724318004515,357.8236916346289,West,True
8699,1619473781.0,120.93753081738906,0.037566278624212156,40.17745739405809,,,-86.5846697,35.987505799999994,,,0.0,0.0,0.0,0.0,18810.409873757504,-18736.109873757505,357.82158805229176,West,True
8700,1619473781.1,120.9219579580289,0.02927029274292833,40.58872869702904,,,-86.5846401,35.98748689999999,,,0.0,0.0,0.0,0.0,18813.802405272185,-18739.502405272186,357.82156921481703,West,True
8701,1619473781.2,120.90638509866874,0.02220376280693586,41.0,,,-86.5846105,35.987468,,,0.0,0.0,0.0,0.0,18817.194937287197,-18742.894937287198,357.8403546372975,West,True
8702,1619473781.3,120.8889499454925,0.01623489633745135,41.0,,,-86.5845808,35.9874492,,,0.0,0.0,0.0,0.0,18820.587674747327,-18746.287674747327,357.81208170810197,West,True
8703,1619473781.4,120.88947497274626,0.011184611591343117,41.0,,,-86.58455125,35.98743025,,,0.0,0.0,0.0,0.0,18823.98012789818,-18749.68012789818,357.81206281883476,West,True
8704,1619473781.5,120.89,0.006846486053352703,41.0,,,-86.58452170000001,35.9874113,,,0.0,0.0,0.0,0.0,18827.372581549986,-18753.072581549986,357.83915073018034,West,True
8705,1619473781.6,120.90911811364292,0.002997033847125414,41.17714752305756,,,-86.5844917,35.9873923,,,0.0,0.0,0.0,0.0,18830.800282788023,-18756.500282788023,357.8402796774738,West,True
8706,1619473781.7,120.91980177704892,-0.0005856851904934015,41.58857376152878,,,-86.584462,35.987373500000004,,,0.0,0.0,0.0,0.0,18834.193022267544,-18759.893022267544,357.8402609382217,West,True
8707,1619473781.8,120.9304854404549,-0.004113061262123758,42.0,,,-86.5844323,35.987354700000004,,,0.0,0.0,0.0,0.0,18837.585762248575,-18763.285762248575,357.80992136376125,West,True
8708,1619473781.9,120.91332583246026,-0.00777086903327117,42.0,,,-86.5844027,35.9873357,,,0.0,0.0,0.0,0.0,18840.98519720102,-18766.68519720102,357.8432558620065,West,True
8709,1619473782.0,120.91281608089912,-0.011714145419804055,42.1779068923634,,,-86.5843728,35.987316799999995,,,0.0,0.0,0.0,0.0,18844.398963311116,-18770.098963311117,357.80988329444864,West,True
8710,1619473782.1,120.87377042808758,-0.016057256956436006,42.6768736980979,,,-86.5843432,35.98729779999999,,,0.0,0.0,0.0,0.0,18847.79839926481,-18773.498399264812,357.8172313404582,West,True
8711,1619473782.2,120.92781719597212,-0.02087435829445339,43.0,,,-86.58431350000001,35.98727879999999,,,0.0,0.0,0.0,0.0,18851.204889026594,-18776.904889026595,357.82136134730615,West,True
8712,1619473782.3,120.93857343258402,-0.026195216417509763,43.08867546441961,,,-86.5842839,35.9872599,,,0.0,0.0,0.0,0.0,18854.597426555934,-18780.297426555935,357.8213425067111,West,True
8713,1619473782.4,120.94932966919592,-0.03201145381604448,43.177350928839225,,,-86.5842543,35.987241,,,0.0,0.0,0.0,0.0,18857.989964586584,-18783.689964586585,357.8098074772472,West,True
8714,1619473782.5,120.96726871673896,-0.03827717079290863,43.67704058109488,,,-86.5842247,35.987222,,,0.0,0.0,0.0,0.0,18861.38940254529,-18787.08940254529,357.8286334052145,West,True
8715,1619473782.6,120.90794471610735,-0.04491926088090313,43.838520290547436,,,-86.584195,35.9872031,,,0.0,0.0,0.0,0.0,18864.789009208824,-18790.489009208824,357.82861456590445,West,True
8716,1619473782.7,120.84862071547576,-0.05184026357318166,44.0,,,-86.5841653,35.9871842,,,0.0,0.0,0.0,0.0,18868.18861637552,-18793.88861637552,357.8023332893552,West,True
8717,1619473782.8,120.83509109935903,-0.05892970815048704,44.17735110137664,,,-86.5841358,35.9871652,,,0.0,0.0,0.0,0.0,18871.581011714843,-18797.281011714844,357.8191701670177,West,True
8718,1619473782.9,120.82922890387226,-0.06606614356745398,44.58867555068832,,,-86.58410615,35.987146249999995,,,0.0,0.0,0.0,0.0,18874.980528262884,-18800.680528262885,357.8191512779037,West,True
8719,1619473783.0,120.82336670838548,-0.07312676383410625,45.0,,,-86.5840765,35.9871273,,,0.0,0.0,0.0,0.0,18878.380045313243,-18804.080045313243,357.82121050513183,West,True
8720,1619473783.1,120.79784207112479,-0.07998678008230842,45.0,,,-86.5840469,35.9871084,,,0.0,0.0,0.0,0.0,18881.772586856572,-18807.472586856573,357.8211916678229,West,True
8721,1619473783.2,120.77231743386412,-0.08652641866131341,45.0,,,-86.5840173,35.9870895,,,0.0,0.0,0.0,0.0,18885.165128901233,-18810.865128901234,357.8248435077536,West,True
8722,1619473783.3,120.74918243756582,-0.09262789634553714,45.088426328257995,,,-86.58398765,35.9870706,,,0.0,0.0,0.0,0.0,18888.56120412867,-18814.26120412867,357.82482466848404,West,True
8723,1619473783.4,120.72604744126753,-0.0981808290045931,45.176852656516,,,-86.583958,35.9870517,,,0.0,0.0,0.0,0.0,18891.957279858096,-18817.657279858096,357.82846423179336,West,True
8724,1619473783.5,120.72558391553244,-0.10307836649554947,45.67616814085547,,,-86.5839283,35.9870328,,,0.0,0.0,0.0,0.0,18895.35689105539,-18821.056891055392,357.79062510727323,West,True
8725,1619473783.6,120.68622172294144,-0.10722257137347213,46.0,,,-86.5838988,35.987013700000006,,,0.0,0.0,0.0,0.0,18898.756226462367,-18824.456226462367,357.8132701952232,West,True
8726,1619473783.7,120.6179878072596,-0.11052084585487251,46.088379018459406,,,-86.58386915,35.986994700000004,,,0.0,0.0,0.0,0.0,18902.15919595617,-18827.85919595617,357.813251255808,West,True
8727,1619473783.8,120.54975389157777,-0.11289183507526962,46.176758036918805,,,-86.5838395,35.9869757,,,0.0,0.0,0.0,0.0,18905.562165953597,-18831.262165953598,357.8169101488169,West,True
8728,1619473783.9,120.55872832261572,-0.11426194458029894,46.676173999187945,,,-86.5838098,35.98695670000001,,,0.0,0.0,0.0,0.0,18908.968664272572,-18834.668664272573,357.80210506639645,West,True
8729,1619473784.0,120.52618465223466,-0.11457122293005775,47.0,,,-86.5837803,35.986937700000006,,,0.0,0.0,0.0,0.0,18912.36106559985,-18838.06106559985,357.7946176651693,West,True
8730,1619473784.1,120.49608075905591,-0.11376920580526113,47.08910165507133,,,-86.5837509,35.986918700000004,,,0.0,0.0,0.0,0.0,18915.746432530974,-18841.446432530975,357.79459872628166,West,True
8731,1619473784.2,120.46597686587717,-0.11182042459687459,47.17820331014266,,,-86.5837215,35.9868997,,,0.0,0.0,0.0,0.0,18919.131799959836,-18844.831799959837,357.8168349033341,West,True
8732,1619473784.3,120.46267676205323,-0.10869971619963834,47.677187330471774,,,-86.5836918,35.9868807,,,0.0,0.0,0.0,0.0,18922.538300298493,-18848.238300298493,357.76377031659734,West,True
8733,1619473784.4,120.44517812622716,-0.10439824877405798,48.0,,,-86.5836625,35.9868615,,,0.0,0.0,0.0,0.0,18925.930595046084,-18851.630595046085,357.7904535725241,West,True
8734,1619473784.5,120.40979027781987,-0.09891968310213972,48.0,,,-86.583633,35.9868424,,,0.0,0.0,0.0,0.0,18929.32993495307,-18855.029934953072,357.79043453576054,West,True
8735,1619473784.6,120.37440242941258,-0.09228822076062289,48.0,,,-86.58360350000001,35.9868233,,,0.0,0.0,0.0,0.0,18932.72927536176,-18858.42927536176,357.77534824349567,West,True
8736,1619473784.7,120.36,-0.08454680857324481,48.0,,,-86.58357420000002,35.9868042,,,0.0,0.0,0.0,0.0,18936.114584571165,-18861.814584571166,357.7788395414109,West,True
8737,1619473784.8,120.29152914595572,-0.07576736469005602,48.17640889909861,,,-86.5835447,35.986785,,,0.0,0.0,0.0,0.0,18939.520884230034,-18865.220884230035,357.7672634403114,West,True
8738,1619473784.9,120.2472763665478,-0.06605007724980835,48.67512059631713,,,-86.5835152,35.9867657,,,0.0,0.0,0.0,0.0,18942.934164675728,-18868.63416467573,357.75600414160226,West,True
8739,1619473785.0,120.27405518213357,-0.05553321618313847,49.0,,,-86.583486,35.9867465,,,0.0,0.0,0.0,0.0,18946.31947509226,-18872.01947509226,357.76163378464173,West,True
8740,1619473785.1,120.26633631182035,-0.0443900187392162,49.08816298382162,,,-86.58345664999999,35.98672725,,,0.0,0.0,0.0,0.0,18949.718768706123,-18875.418768706124,357.76161459549104,West,True
8741,1619473785.2,120.25861744150714,-0.032833568425016044,49.17632596764324,,,-86.5834273,35.986708,,,0.0,0.0,0.0,0.0,18953.118062819507,-18878.818062819508,357.74824300088045,West,True
8742,1619473785.3,120.18311117136136,-0.021107179387088924,49.6776335290293,,,-86.5833982,35.9866888,,,0.0,0.0,0.0,0.0,18956.49639691251,-18882.19639691251,357.7363882837702,West,True
8743,1619473785.4,120.24,-0.00948078403366509,50.0,,,-86.5833688,35.9866693,,,0.0,0.0,0.0,0.0,18959.91674286727,-18885.61674286727,357.75992065344326,West,True
8744,1619473785.5,120.25,0.0017666293470658496,50.0,,,-86.5833397,35.98665020000001,,,0.0,0.0,0.0,0.0,18963.28806199373,-18888.988061993732,357.7051602690001,West,True
8745,1619473785.6,120.28384795950366,0.01235870952049706,50.17667890371302,,,-86.58331070000001,35.986630700000006,,,0.0,0.0,0.0,0.0,18966.680652057847,-18892.380652057847,357.7325180404895,West,True
8746,1619473785.7,120.34366243821914,0.022043918425016316,50.67595872734718,,,-86.5832815,35.98661129999999,,,0.0,0.0,0.0,0.0,18970.080034759932,-18895.780034759933,357.70512126752567,West,True
8747,1619473785.8,120.3576395118006,0.030610074831106355,51.0,,,-86.5832525,35.98659179999999,,,0.0,0.0,0.0,0.0,18973.472625814433,-18899.172625814434,357.72861447165945,West,True
8748,1619473785.9,120.37,0.03790375831520247,51.0,,,-86.5832235,35.9865725,,,0.0,0.0,0.0,0.0,18976.851047094806,-18902.551047094807,357.7246763099656,West,True
8749,1619473786.0,120.36639965593248,0.043839894194124034,51.33816377916351,,,-86.5831944,35.9865531,,,0.0,0.0,0.0,0.0,18980.243482400205,-18905.943482400206,357.7246569747894,West,True
8750,1619473786.1,120.36279931186496,0.04841043224567827,51.67632755832701,,,-86.58316529999999,35.9865337,,,0.0,0.0,0.0,0.0,18983.635918202464,-18909.335918202465,357.68912355207834,West,True
8751,1619473786.2,120.4147994370162,0.05168277112439364,52.0,,,-86.5831365,35.9865142,,,0.0,0.0,0.0,0.0,18987.014691003333,-18912.714691003333,357.6891041173708,West,True
8752,1619473786.3,120.43048703075408,0.0537934631294395,52.0,,,-86.5831077,35.9864947,,,0.0,0.0,0.0,0.0,18990.393464295357,-18916.093464295358,357.6930853726839,West,True
8753,1619473786.4,120.44066174405557,0.0549345336631689,52.338557725658106,,,-86.58307884999999,35.9864752,,,0.0,0.0,0.0,0.0,18993.775689457125,-18919.475689457126,357.6930659379044,West,True
8754,1619473786.5,120.45083645735708,0.05533418090161305,52.67711545131621,,,-86.58305,35.9864557,,,0.0,0.0,0.0,0.0,18997.157915110267,-18922.857915110268,357.63348684720773,West,True
8755,1619473786.6,120.44364852406862,0.05523622341368267,53.0,,,-86.5830213,35.986435799999995,,,0.0,0.0,0.0,0.0,19000.558566866566,-18926.258566866567,357.64719081155897,West,True
8756,1619473786.7,120.4699197462563,0.054875267399577966,53.08773154247705,,,-86.58299265,35.98641605,,,0.0,0.0,0.0,0.0,19003.944964008555,-18929.644964008556,357.64717112781017,West,True
8757,1619473786.8,120.49619096844395,0.05445834800945622,53.1754630849541,,,-86.582964,35.9863963,,,0.0,0.0,0.0,0.0,19007.331361641256,-18933.031361641257,357.6527256754921,West,True
8758,1619473786.9,120.51973262425705,0.05414403575784146,53.67330285269352,,,-86.5829355,35.98637670000001,,,0.0,0.0,0.0,0.0,19010.69667211476,-18936.39667211476,357.64161570113833,West,True
8759,1619473787.0,120.51704599213984,0.05403486660389034,54.0,,,-86.58290670000001,35.9863568,,,0.0,0.0,0.0,0.0,19014.10416297329,-18939.80416297329,357.6287614280073,West,True
8760,1619473787.1,120.6364403774302,0.054167469291725334,54.0,,,-86.5828782,35.986337,,,0.0,0.0,0.0,0.0,19017.483919173214,-18943.183919173214,357.6571267462814,West,True
8761,1619473787.2,120.63296622346714,0.0545198845783473,54.17725136209759,,,-86.5828495,35.9863173,,,0.0,0.0,0.0,0.0,19020.870145252582,-18946.570145252583,357.62872182583504,West,True
8762,1619473787.3,120.67128869072346,0.0550143333090308,54.67686185102333,,,-86.582821,35.9862975,,,0.0,0.0,0.0,0.0,19024.249902425534,-18949.949902425535,357.6452080157317,West,True
8763,1619473787.4,120.6528204941596,0.055537212268681045,55.0,,,-86.5827923,35.9862777,,,0.0,0.0,0.0,0.0,19027.64333325249,-18953.34333325249,357.61671964833687,West,True
8764,1619473787.5,120.7,0.05595029677921841,55.0,,,-86.5827638,35.9862578,,,0.0,0.0,0.0,0.0,19031.030345427687,-18956.730345427688,357.6119234000586,West,True
8765,1619473787.6,120.72205629001796,0.05611602507022691,55.17410033451207,,,-86.5827355,35.986238,,,0.0,0.0,0.0,0.0,19034.39647154918,-18960.09647154918,357.6213900460658,West,True
8766,1619473787.7,120.78255745514406,0.05590947082711057,55.67500976307087,,,-86.5827068,35.986218,,,0.0,0.0,0.0,0.0,19037.804374536874,-18963.504374536875,357.6286230351612,West,True
8767,1619473787.8,120.81299583523558,0.055239775642313825,56.0,,,-86.5826783,35.986198200000004,,,0.0,0.0,0.0,0.0,19041.184134157862,-18966.884134157863,357.5962532718689,West,True
8768,1619473787.9,120.81853925125561,0.05405560752001404,56.08847200972144,,,-86.5826499,35.986178200000005,,,0.0,0.0,0.0,0.0,19044.57163111139,-18970.27163111139,357.59623334445763,West,True
8769,1619473788.0,120.82408266727565,0.05235585691521896,56.17694401944288,,,-86.5826215,35.986158200000006,,,0.0,0.0,0.0,0.0,19047.95912855447,-18973.65912855447,357.5799531284151,West,True
8770,1619473788.1,120.87133904716596,0.0501850991967224,56.58847200972144,,,-86.58259315,35.986138100000005,,,0.0,0.0,0.0,0.0,19051.35055192362,-18977.05055192362,357.5799330980824,West,True
8771,1619473788.2,120.91859542705627,0.04763164637274034,57.0,,,-86.58256479999999,35.986118,,,0.0,0.0,0.0,0.0,19054.741975782028,-18980.44197578203,357.5713567015691,West,True
8772,1619473788.3,120.89831445844632,0.04481476760240866,57.08819889255071,,,-86.58253654999999,35.9860979,,,0.0,0.0,0.0,0.0,19058.126638120044,-18983.826638120045,357.5713366711227,West,True
8773,1619473788.4,120.87803348983635,0.04187346611987097,57.17639778510142,,,-86.5825083,35.9860778,,,0.0,0.0,0.0,0.0,19061.511300943366,-18987.211300943367,357.5341028939503,West,True
8774,1619473788.5,120.88279803446146,0.03895137197634693,57.676502711390704,,,-86.5824802,35.9860575,,,0.0,0.0,0.0,0.0,19064.90061104344,-18990.60061104344,357.5652624331417,West,True
8775,1619473788.6,120.89662400711262,0.03618283456896769,57.83825135569535,,,-86.58245195,35.986037350000004,,,0.0,0.0,0.0,0.0,19068.28894872291,-18993.988948722912,357.5652423556034,West,True
8776,1619473788.7,120.9104499797638,0.03368262029575297,58.0,,,-86.5824237,35.9860172,,,0.0,0.0,0.0,0.0,19071.67728688985,-18997.377286889852,357.5306861161008,West,True
8777,1619473788.8,120.96612322993307,0.031535794502754,58.0,,,-86.58239549999999,35.9859968,,,0.0,0.0,0.0,0.0,19075.080716446708,-19000.78071644671,357.5185763005887,West,True
8778,1619473788.9,120.92282977341608,0.029797159859523813,58.0,,,-86.5823673,35.9859763,,,0.0,0.0,0.0,0.0,19078.491567676498,-19004.1915676765,357.5340014021229,West,True
8779,1619473789.0,120.9315340213074,0.02848820169318946,58.17716607240567,,,-86.58233919999999,35.985956,,,0.0,0.0,0.0,0.0,19081.8808802037,-19007.5808802037,357.54271511028657,West,True
8780,1619473789.1,120.93410316022816,0.027606649307813258,58.67716786055311,,,-86.582311,35.9859357,,,0.0,0.0,0.0,0.0,19085.276910234286,-19010.976910234287,357.4828561727748,West,True
8781,1619473789.2,120.9652739276335,0.02712912499791144,59.0,,,-86.5822832,35.9859152,,,0.0,0.0,0.0,0.0,19088.661076058987,-19014.361076058987,357.5359485931628,West,True
8782,1619473789.3,120.9701401069809,0.02702646978589572,59.0,,,-86.5822548,35.9858947,,,0.0,0.0,0.0,0.0,19092.08533653515,-19017.78533653515,357.4979351509925,West,True
8783,1619473789.4,120.973960912088,0.027267049023071345,59.33844926508317,,,-86.5822269,35.985874249999995,,,0.0,0.0,0.0,0.0,19095.47242385764,-19021.17242385764,357.4979147770115,West,True
8784,1619473789.5,120.9777817171951,0.027830945721793565,59.67689853016633,,,-86.582199,35.985853799999994,,,0.0,0.0,0.0,0.0,19098.859511660852,-19024.559511660853,357.4885550646126,West,True
8785,1619473789.6,120.9875665059012,0.028708186821286036,60.0,,,-86.582171,35.9858332,,,0.0,0.0,0.0,0.0,19102.26447185033,-19027.96447185033,357.45200765687997,West,True
8786,1619473789.7,121.03134781293262,0.02990603559900387,60.0,,,-86.582143,35.9858123,,,0.0,0.0,0.0,0.0,19105.69196261128,-19031.39196261128,357.4613494265295,West,True
8787,1619473789.8,121.02,0.0314393244405884,60.176044484019656,,,-86.5821153,35.9857917,,,0.0,0.0,0.0,0.0,19109.077001078407,-19034.777001078408,357.45196623678515,West,True
8788,1619473789.9,121.01224461252508,0.033329484340445664,60.67534808197783,,,-86.5820873,35.9857708,,,0.0,0.0,0.0,0.0,19112.504492813317,-19038.20449281332,357.47042818492207,West,True
8789,1619473790.0,120.99240718178903,0.03558928554372226,61.0,,,-86.5820595,35.985750200000005,,,0.0,0.0,0.0,0.0,19115.896162285193,-19041.596162285194,357.4627016212041,West,True
8790,1619473790.1,121.01147846816934,0.038217579158373344,61.0,,,-86.58203165,35.985729500000005,,,0.0,0.0,0.0,0.0,19119.298663621958,-19044.99866362196,357.46268100005847,West,True
8791,1619473790.2,121.03054975454964,0.0411850763296545,61.0,,,-86.5820038,35.9857088,,,0.0,0.0,0.0,0.0,19122.70116544434,-19048.401165444342,357.39322081105394,West,True
8792,1619473790.3,121.01170949730914,0.04443179712588042,61.0,,,-86.5819763,35.985687799999994,,,0.0,0.0,0.0,0.0,19126.103351473615,-19051.803351473616,357.4458188612445,West,True
8793,1619473790.4,120.97492769050066,0.04786110297384563,61.176559613895016,,,-86.5819485,35.985667,,,0.0,0.0,0.0,0.0,19129.510081795688,-19055.21008179569,357.39317874507134,West,True
8794,1619473790.5,120.99472518779613,0.0513453367553794,61.58827980694751,,,-86.581921,35.985646,,,0.0,0.0,0.0,0.0,19132.912268777734,-19058.612268777735,357.3931578229738,West,True
8795,1619473790.6,121.0145226850916,0.0547312337082666,62.0,,,-86.5818935,35.985625,,,0.0,0.0,0.0,0.0,19136.31445623833,-19062.014456238332,357.3931369045228,West,True
8796,1619473790.7,121.08713883184927,0.05785375222550991,62.0,,,-86.581866,35.985603999999995,,,0.0,0.0,0.0,0.0,19139.716644178796,-19065.416644178797,357.4119124179921,West,True
8797,1619473790.8,121.0575727778855,0.060549419347240924,62.0,,,-86.58183829999999,35.985583,,,0.0,0.0,0.0,0.0,19143.1319421752,-19068.831942175202,357.3806983278524,West,True
8798,1619473790.9,121.08138407561466,0.06267235810369215,62.08821282595892,,,-86.5818108,35.9855619,,,0.0,0.0,0.0,0.0,19146.541772530312,-19072.241772530313,357.3806773093408,West,True
8799,1619473791.0,121.10519537334385,0.06410736385682114,62.17642565191783,,,-86.5817833,35.9855408,,,0.0,0.0,0.0,0.0,19149.95160336649,-19075.651603366492,357.39895654454216,West,True
8800,1619473791.1,121.1148395174976,0.06477987399238111,62.67550645224624,,,-86.581756,35.98552,,,0.0,0.0,0.0,0.0,19153.325444400693,-19079.025444400693,357.35584239736255,West,True
8801,1619473791.2,121.1259687420446,0.06466104663922223,63.0,,,-86.5817285,35.9854987,,,0.0,0.0,0.0,0.0,19156.750616252386,-19082.450616252387,357.35380433933653,West,True
8802,1619473791.3,121.12764004089584,0.06376670050189659,63.0875937615732,,,-86.58170115,35.9854775,,,0.0,0.0,0.0,0.0,19160.1583502869,-19085.8583502869,357.3537832229945,West,True
8803,1619473791.4,121.12931133974708,0.06215213514768161,63.17518752314641,,,-86.5816738,35.9854563,,,0.0,0.0,0.0,0.0,19163.566084798877,-19089.266084798877,357.3419648203805,West,True
8804,1619473791.5,121.15601467856658,0.059901577444264956,63.67464987145183,,,-86.58164670000001,35.985435200000005,,,0.0,0.0,0.0,0.0,19166.94989275097,-19092.64989275097,357.314103284114,West,True
8805,1619473791.6,121.21736507469818,0.05711694023912491,64.0,,,-86.58161949999999,35.9854138,,,0.0,0.0,0.0,0.0,19170.363360667594,-19096.063360667595,357.3363931460931,West,True
8806,1619473791.7,121.18547540983607,0.053904261351598634,64.0,,,-86.5815922,35.9853925,,,0.0,0.0,0.0,0.0,19173.775558132522,-19099.475558132523,357.32303249119843,West,True
8807,1619473791.8,121.18863895389885,0.05036341267269555,64.0,,,-86.5815651,35.98537125,,,0.0,0.0,0.0,0.0,19177.170953569832,-19102.870953569833,357.3230113285118,West,True
8808,1619473791.9,121.1918024979616,0.046578055765495355,64.0,,,-86.581538,35.98535,,,0.0,0.0,0.0,0.0,19180.566349479643,-19106.266349479643,357.30148529032874,West,True
8809,1619473792.0,121.32633664952216,0.042611025091501054,64.17587857693347,,,-86.5815108,35.985328499999994,,,0.0,0.0,0.0,0.0,19183.987580112844,-19109.687580112844,357.2840862013956,West,True
8810,1619473792.1,121.28761834616813,0.038500261633649766,64.58793928846674,,,-86.5814839,35.9853071,,,0.0,0.0,0.0,0.0,19187.38174988866,-19113.08174988866,357.28406488615497,West,True
8811,1619473792.2,121.24890004281409,0.03425992883678618,65.0,,,-86.581457,35.9852857,,,0.0,0.0,0.0,0.0,19190.775920132215,-19116.475920132216,357.2562118289166,West,True
8812,1619473792.3,121.26581381101296,0.029880604132662823,65.0,,,-86.58143000000001,35.985264,,,0.0,0.0,0.0,0.0,19194.19993831334,-19119.89993831334,357.26881531441603,West,True
8813,1619473792.4,121.26153766854988,0.025333342591873854,65.0,,,-86.58140300000001,35.985242400000004,,,0.0,0.0,0.0,0.0,19197.61613009356,-19123.31613009356,357.2687938001229,West,True
8814,1619473792.5,121.2572615260868,0.02057149581218694,65.0,,,-86.581376,35.9852208,,,0.0,0.0,0.0,0.0,19201.03232234726,-19126.73232234726,357.2598853026286,West,True
8815,1619473792.6,121.199099406549,0.015535734980574239,65.0,,,-86.58134915,35.98519925,,,0.0,0.0,0.0,0.0,19204.43501314648,-19130.135013146482,357.2598638396113,West,True
8816,1619473792.7,121.1409372870112,0.010157055375206323,65.0,,,-86.5813223,35.9851777,,,0.0,0.0,0.0,0.0,19207.837704413247,-19133.537704413247,357.2305000669907,West,True
8817,1619473792.8,121.13856995784883,0.0043632543354319014,65.33786251617565,,,-86.58129555,35.985156,,,0.0,0.0,0.0,0.0,19211.24580244022,-19136.94580244022,357.2304784532434,West,True
8818,1619473792.9,121.13620262868648,-0.0019152553912757198,65.67572503235131,,,-86.58126879999999,35.9851343,,,0.0,0.0,0.0,0.0,19214.653900935213,-19140.353900935213,357.20204938120366,West,True
8819,1619473793.0,121.08805183915328,-0.008736365588458667,66.0,,,-86.5812422,35.9851125,,,0.0,0.0,0.0,0.0,19218.060385670287,-19143.760385670288,357.1956205372724,West,True
8820,1619473793.1,121.07784375185916,-0.0161370241596698,66.0,,,-86.58121560000001,35.98509065,,,0.0,0.0,0.0,0.0,19221.470829415284,-19147.170829415285,357.19559877897706,West,True
8821,1619473793.2,121.06763566456505,-0.024123070474177024,66.0,,,-86.581189,35.98506879999999,,,0.0,0.0,0.0,0.0,19224.881273626284,-19150.581273626285,357.1785801364452,West,True
8822,1619473793.3,121.03160149636022,-0.03265964220166811,66.0,,,-86.5811625,35.9850469,,,0.0,0.0,0.0,0.0,19228.289380447026,-19153.989380447027,357.17855833158575,West,True
8823,1619473793.4,120.99556732815542,-0.04166521227117065,66.0,,,-86.581136,35.985025,,,0.0,0.0,0.0,0.0,19231.697487732217,-19157.397487732218,357.13995007645786,West,True
8824,1619473793.5,121.0575182103448,-0.051007625258202044,66.0,,,-86.5811095,35.9850028,,,0.0,0.0,0.0,0.0,19235.12951021039,-19160.82951021039,357.1484783033273,West,True
8825,1619473793.6,121.01977563599024,-0.060508397753109726,66.33740418368077,,,-86.5810831,35.984980750000005,,,0.0,0.0,0.0,0.0,19238.543289272162,-19164.243289272163,357.1484563461818,West,True
8826,1619473793.7,120.98203306163568,-0.06994880753869075,66.67480836736156,,,-86.5810567,35.98495870000001,,,0.0,0.0,0.0,0.0,19241.957068796382,-19167.657068796383,357.1656085307232,West,True
8827,1619473793.8,120.93278878487686,-0.07908613863012635,67.0,,,-86.5810302,35.984936700000006,,,0.0,0.0,0.0,0.0,19245.37313192716,-19171.07313192716,357.13446417883074,West,True
8828,1619473793.9,120.90153822394001,-0.08766819746999573,67.0,,,-86.58100375,35.9849145,,,0.0,0.0,0.0,0.0,19248.80203230595,-19174.50203230595,357.13444207321544,West,True
8829,1619473794.0,120.87028766300315,-0.09545593963299878,67.0,,,-86.58097729999999,35.9848923,,,0.0,0.0,0.0,0.0,19252.230933149465,-19177.930933149466,357.1211519565151,West,True
8830,1619473794.1,120.81726233467802,-0.10223847366570055,67.0,,,-86.58095114999999,35.98487025,,,0.0,0.0,0.0,0.0,19255.629101287144,-19181.329101287145,357.12113000049953,West,True
8831,1619473794.2,120.76423700635289,-0.10785184856321649,67.0,,,-86.580925,35.9848482,,,0.0,0.0,0.0,0.0,19259.02726988008,-19184.72726988008,357.1654996565622,West,True
8832,1619473794.3,120.8368551566236,-0.11218534864858792,67.0,,,-86.5808985,35.98482620000001,,,0.0,0.0,0.0,0.0,19262.44333534005,-19188.14333534005,357.1070566021606,West,True
8833,1619473794.4,120.7531301152038,-0.11518826074643693,67.173714214793,,,-86.5808723,35.984804,,,0.0,0.0,0.0,0.0,19265.856664288,-19191.556664288,357.10802951551113,West,True
8834,1619473794.5,120.7167571303211,-0.11686371888755301,67.5868571073965,,,-86.58084614999999,35.98478185,,,0.0,0.0,0.0,0.0,19269.262865890036,-19194.962865890036,357.10800745916424,West,True
8835,1619473794.6,120.6803841454384,-0.11726288097098711,68.0,,,-86.58081999999999,35.9847597,,,0.0,0.0,0.0,0.0,19272.66906794743,-19198.36906794743,357.089395595909,West,True
8836,1619473794.7,120.6501920727192,-0.11647080253520915,68.0,,,-86.58079389999999,35.98473745,,,0.0,0.0,0.0,0.0,19276.08022070871,-19201.78022070871,357.0893734427839,West,True
8837,1619473794.8,120.62,-0.11459482321643294,68.0,,,-86.58076779999999,35.984715200000004,,,0.0,0.0,0.0,0.0,19279.491373925306,-19205.191373925307,357.0847304911351,West,True
8838,1619473794.9,120.54312058170068,-0.11175151393463736,68.0,,,-86.5807418,35.984693,,,0.0,0.0,0.0,0.0,19282.8923019117,-19208.5923019117,357.0958588449034,West,True
8839,1619473795.0,120.50222652626984,-0.10805766265581204,68.0,,,-86.5807157,35.9846708,,,0.0,0.0,0.0,0.0,19286.299425742127,-19211.999425742128,357.08660967370867,West,True
8840,1619473795.1,120.53400014760012,-0.10362498247766079,68.0,,,-86.58068979999999,35.9846487,,,0.0,0.0,0.0,0.0,19289.686094720582,-19215.386094720583,357.11786231900453,West,True
8841,1619473795.2,120.41237300158237,-0.09855746497072651,68.0,,,-86.5806635,35.984626500000005,,,0.0,0.0,0.0,0.0,19293.1056476031,-19218.8056476031,357.06208175859996,West,True
8842,1619473795.3,120.42547704807792,-0.09295391721800195,68.0,,,-86.5806377,35.984604299999994,,,0.0,0.0,0.0,0.0,19296.49422429329,-19222.19422429329,357.1328574237961,West,True
8843,1619473795.4,120.45599063718636,-0.08690932829702419,68.17528600738223,,,-86.5806115,35.9845823,,,0.0,0.0,0.0,0.0,19299.89150927082,-19225.59150927082,357.03736382692585,West,True
8844,1619473795.5,120.335699601882,-0.08052021871963846,68.67501554841216,,,-86.5805858,35.984559999999995,,,0.0,0.0,0.0,0.0,19303.282052928098,-19228.9820529281,357.0488043744389,West,True
8845,1619473795.6,120.36207024891635,-0.07388518174953919,69.0,,,-86.58055999999999,35.984537700000004,,,0.0,0.0,0.0,0.0,19306.67873988031,-19232.37873988031,357.0355715613523,West,True
8846,1619473795.7,120.320379967039,-0.06710798231214278,69.0,,,-86.5805342,35.9845153,,,0.0,0.0,0.0,0.0,19310.08355320559,-19235.78355320559,357.03729705245684,West,True
8847,1619473795.8,120.36260770351636,-0.06029458745767454,69.0,,,-86.5805085,35.984493,,,0.0,0.0,0.0,0.0,19313.47409820141,-19239.17409820141,357.06194897398973,West,True
8848,1619473795.9,120.29601104698185,-0.05355253041167232,69.0,,,-86.5804827,35.9844708,,,0.0,0.0,0.0,0.0,19316.862677580753,-19242.562677580754,357.010728816455,West,True
8849,1619473796.0,120.3716441476754,-0.046985356009034,69.0,,,-86.580457,35.9844483,,,0.0,0.0,0.0,0.0,19320.26952152312,-19245.969521523122,357.03810938753224,West,True
8850,1619473796.1,120.31959220711134,-0.04068999249507773,69.0,,,-86.58043135,35.984426049999996,,,0.0,0.0,0.0,0.0,19323.65293357665,-19249.35293357665,357.0380872373407,West,True
8851,1619473796.2,120.26754026654729,-0.03475113431568418,69.0,,,-86.5804057,35.984403799999995,,,0.0,0.0,0.0,0.0,19327.03634607409,-19252.73634607409,357.0600244564371,West,True
8852,1619473796.3,120.27,-0.029238932232036493,69.0,,,-86.58037979999999,35.9843815,,,0.0,0.0,0.0,0.0,19330.43919173932,-19256.13919173932,357.0273340149236,West,True
8853,1619473796.4,120.31420961924223,-0.024204938608143038,69.0,,,-86.5803543,35.9843593,,,0.0,0.0,0.0,0.0,19333.809338883722,-19259.509338883723,356.9989610217974,West,True
8854,1619473796.5,120.26663527110372,-0.019681289554232873,69.0,,,-86.5803287,35.984336799999994,,,0.0,0.0,0.0,0.0,19337.210084319013,-19262.910084319014,357.03711953256084,West,True
8855,1619473796.6,120.33442748301312,-0.015678493378893005,69.0,,,-86.580303,35.9843145,,,0.0,0.0,0.0,0.0,19340.600632881025,-19266.300632881026,357.0139009439912,West,True
8856,1619473796.7,120.2118209006076,-0.012186569693220352,69.0,,,-86.58027750000001,35.9842922,,,0.0,0.0,0.0,0.0,19343.97893451249,-19269.67893451249,356.98714651430936,West,True
8857,1619473796.8,120.26436950897306,-0.00917478506076923,69.17346066304755,,,-86.580252,35.984269700000006,,,0.0,0.0,0.0,0.0,19347.373593425284,-19273.073593425284,356.96335149128606,West,True
8858,1619473796.9,120.23283536166588,-0.006595465171874344,69.67433001435386,,,-86.5802267,35.9842472,,,0.0,0.0,0.0,0.0,19350.75611601112,-19276.456116011123,357.0237683983295,West,True
8859,1619473797.0,120.23529692889883,-0.004386179235341956,70.0,,,-86.580201,35.9842248,,,0.0,0.0,0.0,0.0,19354.154806962022,-19279.854806962023,356.96330634423526,West,True
8860,1619473797.1,120.2421574036142,-0.002476791894659886,70.0,,,-86.5801757,35.9842023,,,0.0,0.0,0.0,0.0,19357.53733041903,-19283.23733041903,356.97521718813516,West,True
8861,1619473797.2,120.22715098869926,-0.0007939504213817321,70.0,,,-86.5801503,35.98417979999999,,,0.0,0.0,0.0,0.0,19360.92591619427,-19286.62591619427,356.9632614627666,West,True
8862,1619473797.3,120.133319617928,0.0007297105920219605,70.0,,,-86.580125,35.9841573,,,0.0,0.0,0.0,0.0,19364.308440524383,-19290.008440524383,356.9632390650594,West,True
8863,1619473797.4,120.21399983871255,0.0021508617774887505,70.0,,,-86.58009969999999,35.9841348,,,0.0,0.0,0.0,0.0,19367.690965291928,-19293.39096529193,356.9751501716583,West,True
8864,1619473797.5,120.20820901246404,0.0035074078801689075,70.0,,,-86.5800743,35.9841123,,,0.0,0.0,0.0,0.0,19371.079552384275,-19296.779552384276,356.96319418269525,West,True
8865,1619473797.6,120.09619133264044,0.004817061461258794,70.0,,,-86.580049,35.9840898,,,0.0,0.0,0.0,0.0,19374.46207802551,-19300.16207802551,356.9376189214379,West,True
